Dates	Active	Deaths	Newcases	recover
Feb 15, 2020	0	0	0	0
Feb 16, 2020	0	0	0	1
Feb 17, 2020	0	1	0	2
Feb 18, 2020	0	0	0	0
Feb 19, 2020	0	1	0	0
Feb 20, 2020	0	1	2	2
Feb 21, 2020	0	1	0	1
Feb 22, 2020	1	0	3	1
Feb 23, 2020	1	0	2	-6
Feb 24, 2020	1	0	4	7
Feb 25, 2020	5	0	4	0
Feb 26, 2020	5	0	2	6
Feb 27, 2020	7	0	4	0
Feb 28, 2020	8	1	9	0
Feb 29, 2020	13	0	6	2
Mar 01, 2020	19	0	0	0
Mar 02, 2020	27	2	5	0
Mar 03, 2020	32	1	4	0
Mar 04, 2020	35	3	0	1
Mar 05, 2020	37	5	0	0
Mar 06, 2020	41	3	1	0
Mar 07, 2020	49	1	2	2
Mar 08, 2020	58	6	3	0
Mar 09, 2020	61	3	2	0
Mar 10, 2020	49	4	5	1
Mar 11, 2020	49	5	9	1
Mar 12, 2020	51	7	18	0
Mar 13, 2020	68	4	35	0
Mar 14, 2020	74	10	41	0
Mar 15, 2020	88	15	54	0
Mar 16, 2020	91	9	112	6
Mar 17, 2020	102	7	94	1
Mar 18, 2020	111	10	58	0
Mar 19, 2020	130	9	139	0
Mar 20, 2020	142	10	182	2
Mar 21, 2020	146	7	209	0
Mar 22, 2020	156	4	219	8
Mar 23, 2020	181	9	341	0
Mar 24, 2020	214	5	266	18
Mar 25, 2020	214	7	306	18
Mar 26, 2020	241	3	312	9
Mar 27, 2020	296	8	492	0
Mar 28, 2020	333	5	434	132
Mar 29, 2020	362	2	390	0
Mar 30, 2020	432	5	414	113
Mar 31, 2020	474	2	503	163
Apr 01, 2020	494	5	309	0
Apr 02, 2020	516	1	418	107
Apr 03, 2020	540	3	497	62
Apr 04, 2020	563	13	549	119
Apr 05, 2020	621	7	641	0
Apr 06, 2020	623	8	564	95
Apr 07, 2020	684	14	571	0
Apr 08, 2020	681	11	552	52
Apr 09, 2020	667	11	665	73
Apr 10, 2020	659	19	688	122
Apr 11, 2020	645	14	786	83
Apr 12, 2020	636	15	790	70
Apr 13, 2020	583	16	706	117
Apr 14, 2020	556	14	709	92
Apr 15, 2020	524	21	636	96
Apr 16, 2020	498	21	887	96
Apr 17, 2020	495	16	1034	98
Apr 18, 2020	478	22	969	141
Apr 19, 2020	448	24	1162	71
Apr 20, 2020	449	20	1041	109
Apr 21, 2020	423	28	1202	244
Apr 22, 2020	402	21	930	78
Apr 23, 2020	423	21	1273	60
Apr 24, 2020	418	22	1602	57
Apr 25, 2020	453	15	1251	47
Apr 26, 2020	470	23	1617	15
Apr 27, 2020	473	28	1773	43
Apr 28, 2020	519	40	1694	13
Apr 29, 2020	565	22	1873	22
Apr 30, 2020	617	37	1532	32
May 01, 2020	645	37	1975	13
May 02, 2020	651	35	1166	7
May 03, 2020	709	30	1541	1
May 04, 2020	704	35	2029	7
May 05, 2020	758	42	2523	14
May 06, 2020	776	42	1764	11
May 07, 2020	815	45	2545	12
May 08, 2020	838	37	2381	3
May 09, 2020	870	37	2911	7
May 10, 2020	924	46	2695	2
May 11, 2020	918	44	2423	2
May 12, 2020	898	32	2828	46
May 13, 2020	951	38	2635	6
May 14, 2020	1000	53	2743	4
May 15, 2020	987	43	2735	1
May 16, 2020	1013	38	3171	1
May 17, 2020	1063	45	3190	1
May 18, 2020	1117	37	3187	0
May 19, 2020	1114	39	3471	31
May 20, 2020	1152	38	2856	9
May 21, 2020	1254	43	3141	13
May 22, 2020	1285	37	3099	6
May 23, 2020	1535	39	3862	5
May 24, 2020	1571	40	4008	7
May 25, 2020	1658	34	3803	1
May 26, 2020	1827	43	3243	2
May 27, 2020	2056	45	3240	14
May 28, 2020	2307	64	3531	0
May 29, 2020	2644	41	3480	16
May 30, 2020	2874	38	3412	2
May 31, 2020	3078	42	3462	2
Jun 01, 2020	3378	29	3946	1
Jun 02, 2020	3644	55	3868	2
Jun 03, 2020	3817	44	3504	0
Jun 04, 2020	4231	55	3809	3
Jun 05, 2020	4988	46	4014	0
Jun 06, 2020	5876	41	3682	1
Jun 07, 2020	6834	37	3775	1
Jun 08, 2020	7539	30	4019	0
Jun 09, 2020	8045	47	3114	8
Jun 10, 2020	8774	39	3288	6
Jun 11, 2020	9650	33	2738	0
Jun 12, 2020	10406	33	3201	0
Jun 13, 2020	10886	39	3027	0
Jun 14, 2020	11481	51	3489	0
Jun 15, 2020	11392	34	3360	6
Jun 16, 2020	12126	37	2949	3
Jun 17, 2020	12711	50	2686	1
Jun 18, 2020	13528	41	2666	11
Jun 19, 2020	14222	42	3099	10
Jun 20, 2020	14998	50	3163	0
Jun 21, 2020	15833	35	3533	4
Jun 22, 2020	16724	38	2733	1
Jun 23, 2020	17498	54	3034	3
Jun 24, 2020	18558	37	2709	12
Jun 25, 2020	19651	35	2459	2
Jun 26, 2020	20775	35	2928	13
Jun 27, 2020	21664	48	3057	0
Jun 28, 2020	22524	28	2744	0
Jun 29, 2020	22338	21	2856	3
Jun 30, 2020	22406	22	2548	3
Jul 01, 2020	23207	30	2520	0
Jul 02, 2020	23636	50	2275	7
Jul 03, 2020	24158	33	2772	0
Jul 04, 2020	24909	39	2960	5
Jul 05, 2020	24989	27	3009	1
Jul 06, 2020	24967	32	2695	0
Jul 07, 2020	25764	34	2772	2
Jul 08, 2020	26784	39	2199	11
Jul 09, 2020	27228	33	886	2
Jul 10, 2020	28120	42	1356	1
Jul 11, 2020	29060	44	1918	0
Jul 12, 2020	29632	34	2654	2
Jul 13, 2020	29487	34	2977	1
Jul 14, 2020	27630	32	2851	1
Jul 15, 2020	27814	37	2611	3
Jul 16, 2020	28310	46	2487	1
Jul 17, 2020	28060	41	2907	0
Jul 18, 2020	28037	41	2996	0
Jul 19, 2020	28221	39	2995	0
Jul 20, 2020	27988	46	2617	9
Jul 21, 2020	28259	34	2766	0
Jul 22, 2020	28676	42	2644	0
Jul 23, 2020	28699	45	2024	2
Jul 24, 2020	29231	54	2595	2
Jul 25, 2020	29972	45	3200	0
Jul 26, 2020	30453	47	2747	2
Jul 27, 2020	30983	32	2868	0
Jul 28, 2020	29735	42	2401	0
Jul 29, 2020	30236	33	2265	0
Jul 30, 2020	31046	35	1973	14
Jul 31, 2020	32434	35	2485	10
Aug 01, 2020	32624	32	2545	7
Aug 02, 2020	32397	29	2519	0
Aug 03, 2020	32841	35	2436	0
Aug 04, 2020	33602	32	2211	2
Aug 05, 2020	34020	37	2131	4
Aug 06, 2020	34417	36	1897	0
Aug 07, 2020	35631	41	2174	2
Aug 08, 2020	36575	41	1950	1
Aug 09, 2020	36948	34	2582	9
Aug 10, 2020	38345	34	2158	3
Aug 11, 2020	39362	31	1929	6
Aug 12, 2020	40307	26	1950	0
Aug 13, 2020	41428	43	1592	4
Aug 14, 2020	42452	21	2202	20
Aug 15, 2020	44098	36	1892	1
Aug 16, 2020	45697	22	1827	0
Aug 17, 2020	45234	32	1892	4
Aug 18, 2020	46833	26	1792	1
Aug 19, 2020	48312	40	1282	19
Aug 20, 2020	49389	28	1476	1
Aug 21, 2020	50356	37	1812	1
Aug 22, 2020	51304	28	1724	1
Aug 23, 2020	51504	21	1615	1
Aug 24, 2020	51077	36	1593	7
Aug 25, 2020	51590	32	1541	8
Aug 26, 2020	51901	32	1567	0
Aug 27, 2020	51686	26	1544	0
Aug 28, 2020	51924	32	1705	5
Aug 29, 2020	51535	21	1557	10
Aug 30, 2020	51338	33	1666	0
Aug 31, 2020	51290	20	1540	22
Sep 01, 2020	50742	23	1383	0
Sep 02, 2020	50878	27	1106	3
Sep 03, 2020	52007	30	1275	0
Sep 04, 2020	53348	35	1407	2
Sep 05, 2020	54038	20	1488	2
Sep 06, 2020	54298	17	1436	0
Sep 07, 2020	54236	23	1508	3
Sep 08, 2020	55597	24	1396	2
Sep 09, 2020	56096	31	1182	24
Sep 10, 2020	56787	22	1125	2
Sep 11, 2020	57395	16	1442	0
Sep 12, 2020	57554	15	1499	0
Sep 13, 2020	57590	15	1520	0
Sep 14, 2020	57260	23	1441	3
Sep 15, 2020	57190	14	1278	1
Sep 16, 2020	57570	21	1203	9
Sep 17, 2020	57953	18	1193	3
Sep 18, 2020	57977	24	1472	10
Sep 19, 2020	57567	24	1537	2
Sep 20, 2020	56889	14	1684	2
Sep 21, 2020	56156	19	1600	1
Sep 22, 2020	57141	23	1527	2
Sep 23, 2020	58893	15	1209	8
Sep 24, 2020	59546	20	1274	7
Sep 25, 2020	59566	23	1637	2
Sep 26, 2020	60116	25	1380	5
Sep 27, 2020	59787	19	1545	2
Sep 28, 2020	59730	18	1696	1
Sep 29, 2020	60356	18	1586	4
Sep 30, 2020	61603	25	1094	5
Oct 01, 2020	62361	17	1308	5
Oct 02, 2020	63157	21	1436	2
Oct 03, 2020	62919	17	1335	2
Oct 04, 2020	62260	15	1493	2
Oct 05, 2020	61327	13	1681	0
Oct 06, 2020	61219	18	1604	1
Oct 07, 2020	61656	25	1320	48
Oct 08, 2020	61068	16	1568	2
Oct 09, 2020	59948	19	1736	4
Oct 10, 2020	58004	13	1659	6
Oct 11, 2020	56321	19	1517	3
Oct 12, 2020	55475	14	1842	3
Oct 13, 2020	55180	21	1469	0
Oct 14, 2020	55798	21	1289	6
Oct 15, 2020	55964	39	1474	4
Oct 16, 2020	56199	21	1683	11
Oct 17, 2020	56035	30	1699	3
Oct 18, 2020	55903	17	1733	7
Oct 19, 2020	56829	28	1845	3
Oct 20, 2020	58098	38	1767	4
Oct 21, 2020	58837	28	1531	19
Oct 22, 2020	59873	32	1837	4
Oct 23, 2020	60248	39	2139	11
Oct 24, 2020	60376	37	2212	1
Oct 25, 2020	59735	20	2111	13
Oct 26, 2020	60134	36	2364	8
Oct 27, 2020	61103	29	2275	10
Oct 28, 2020	62171	35	1847	9
Oct 29, 2020	62554	31	2060	15
Oct 30, 2020	62530	38	2419	5
Oct 31, 2020	62065	35	2230	2
Nov 01, 2020	61540	24	2156	3
Nov 02, 2020	61907	35	2292	10
Nov 03, 2020	62472	31	2273	7
Nov 04, 2020	57507	36	1908	11
Nov 05, 2020	58190	32	1788	16
Nov 06, 2020	58629	24	2525	5
Nov 07, 2020	58810	37	2293	10
Nov 08, 2020	58294	19	2198	7
Nov 09, 2020	58120	34	2316	9
Nov 10, 2020	59213	32	2252	15
Nov 11, 2020	60369	37	1888	8
Nov 12, 2020	61046	40	1666	4
Nov 13, 2020	61060	27	2198	10
Nov 14, 2020	61066	36	2202	8
Nov 15, 2020	60443	25	2159	6
Nov 16, 2020	60265	25	1861	3
Nov 17, 2020	59726	38	1884	5
Nov 18, 2020	59881	32	1329	13
Nov 19, 2020	59902	17	1355	3
Nov 20, 2020	59492	30	1799	11
Nov 21, 2020	58590	19	1877	5
Nov 22, 2020	57911	20	1632	5
Nov 23, 2020	57807	30	1134	6
Nov 24, 2020	57934	24	1318	8
Nov 25, 2020	58047	27	1267	8
Nov 26, 2020	58169	30	1153	2
Nov 27, 2020	58751	22	1470	8
Nov 28, 2020	58084	28	1318	2
Nov 29, 2020	57308	17	1367	3
Nov 30, 2020	57617	23	1234	8
Dec 01, 2020	57891	27	1163	11
Dec 02, 2020	58075	24	834	10
Dec 03, 2020	58543	20	1049	7
Dec 04, 2020	58463	17	932	9
Dec 05, 2020	58452	31	1181	5
Dec 06, 2020	58201	16	1235	15
Dec 07, 2020	57830	22	1014	6
Dec 08, 2020	57597	25	990	6
Dec 09, 2020	57526	22	684	8
Dec 10, 2020	56760	16	835	15
Dec 11, 2020	56154	14	910	12
Dec 12, 2020	55388	16	991	8
Dec 13, 2020	54609	13	978	17
Dec 14, 2020	53895	21	1007	9
Dec 15, 2020	53110	23	785	28
Dec 16, 2020	52875	16	692	12
Dec 17, 2020	52478	20	1071	16
Dec 18, 2020	52050	8	849	19
Dec 19, 2020	51433	16	718	17
Dec 20, 2020	50479	15	890	12
Dec 21, 2020	49998	22	813	25
Dec 22, 2020	49434	20	762	17
Dec 23, 2020	49147	18	578	21
Dec 24, 2020	48718	14	569	14
Dec 25, 2020	48316	17	697	22
Dec 26, 2020	47750	15	702	9
Dec 27, 2020	47014	7	656	19
Dec 28, 2020	46423	17	584	4
Dec 29, 2020	45940	16	619	28
Dec 30, 2020	45286	10	436	28
Dec 31, 2020	44637	12	473	33
Jan 01, 2021	43552	13	602	26
Jan 02, 2021	42458	13	515	38
Jan 03, 2021	41220	7	528	15
Jan 04, 2021	39996	8	509	45
Jan 05, 2021	38813	15	454	21
Jan 06, 2021	37754	16	363	103
Jan 07, 2021	36759	8	369	734
Jan 08, 2021	35522	10	443	291
Jan 09, 2021	34460	9	525	882
Jan 10, 2021	33301	5	438	138
Jan 11, 2021	32056	13	485	166
Jan 12, 2021	31055	8	435	211
Jan 13, 2021	29926	11	305	717
Jan 14, 2021	28905	13	292	628
Jan 15, 2021	28170	16	316	618
Jan 16, 2021	26754	15	387	109
Jan 17, 2021	25859	8	388	191
Jan 18, 2021	24878	5	418	150
Jan 19, 2021	23879	7	404	265
Jan 20, 2021	22710	7	291	221
Jan 21, 2021	21705	18	326	382
Jan 22, 2021	20816	5	446	224
Jan 23, 2021	20044	5	396	119
Jan 24, 2021	19228	11	443	95
Jan 25, 2021	18449	5	391	230
Jan 26, 2021	17618	8	406	162
Jan 27, 2021	16914	8	350	233
Jan 28, 2021	15918	7	327	109
Jan 29, 2021	15571	5	366	109
Jan 30, 2021	15024	7	399	110
Jan 31, 2021	14460	6	428	899
Feb 01, 2021	14179	10	410	703
Feb 02, 2021	14093	11	470	784
Feb 03, 2021	14124	14	407	797
Feb 04, 2021	14172	13	385	533
Feb 05, 2021	14506	7	585	943
Feb 06, 2021	15138	6	515	668
Feb 07, 2021	15237	13	614	468
Feb 08, 2021	16096	12	619	956
Feb 09, 2021	17105	18	635	548
Feb 10, 2021	18579	26	540	885
Feb 11, 2021	19950	26	606	411
Feb 12, 2021	21459	11	845	970
Feb 13, 2021	22484	16	912	931
Feb 14, 2021	23614	18	1018	772
Feb 15, 2021	25287	26	1051	680
Feb 16, 2021	26990	22	1066	134
Feb 17, 2021	29317	30	1014	249
Feb 18, 2021	31506	18	1159	124
Feb 19, 2021	33716	25	1773	59
Feb 20, 2021	34998	34	1719	156
Feb 21, 2021	36156	33	1865	76
Feb 22, 2021	37761	39	2187	85
Feb 23, 2021	39334	35	1899	96
Feb 24, 2021	41517	45	1868	192
Feb 25, 2021	43293	45	2172	218
Feb 26, 2021	45155	52	2809	70
Feb 27, 2021	45860	59	3554	106
Feb 28, 2021	46152	50	3567	196
Mar 01, 2021	46021	58	3587	96
Mar 02, 2021	47164	53	3737	63
Mar 03, 2021	48849	52	3674	79
Mar 04, 2021	50472	66	3908	79
Mar 05, 2021	52435	63	5181	45
Mar 06, 2021	52609	74	5042	58
Mar 07, 2021	52435	63	5358	33
Mar 08, 2021	52959	77	6469	74
Mar 09, 2021	53855	78	6830	95
Mar 10, 2021	55539	83	5683	54
Mar 11, 2021	57626	69	7087	56
Mar 12, 2021	58826	96	7075	30
Mar 13, 2021	58771	94	7213	68
Mar 14, 2021	58663	101	7626	80
Mar 15, 2021	58677	101	6854	65
Mar 16, 2021	59341	102	7462	40
Mar 17, 2021	61380	112	5343	38
Mar 18, 2021	62895	91	5819	73
Mar 19, 2021	63875	95	7201	62
Mar 20, 2021	64722	98	6028	86
Mar 21, 2021	64812	88	5185	65
Mar 22, 2021	65350	83	4192	103
Mar 23, 2021	65689	101	4417	107
Mar 24, 2021	67526	97	3473	73
Mar 25, 2021	69225	78	3698	86
Mar 26, 2021	71191	77	4271	104
Mar 27, 2021	71865	88	4559	103
Mar 28, 2021	72281	57	4280	74
Mar 29, 2021	73581	60	4014	66
Mar 30, 2021	74624	69	3629	47
Mar 31, 2021	77041	65	2697	122
Apr 01, 2021	78483	61	2922	58
Apr 02, 2021	80216	50	3306	62
Apr 03, 2021	80538	41	3031	106
Apr 04, 2021	80570	37	2955	66
Apr 05, 2021	81290	45	2341	108
Apr 06, 2021	83332	56	2177	121
Apr 07, 2021	86606	38	1452	32
Apr 08, 2021	89506	33	1359	27
Apr 09, 2021	91963	40	1739	33
Apr 10, 2021	93814	31	1914	53
Apr 11, 2021	95380	26	1742	34
Apr 12, 2021	97610	22	1822	40
Apr 13, 2021	99959	25	1682	34
Apr 14, 2021	102695	32	1285	61
Apr 15, 2021	104653	30	1386	97
Apr 16, 2021	105669	37	1514	270
Apr 17, 2021	106321	36	1230	0
Apr 18, 2021	105662	26	1140	37
Apr 19, 2021	105885	38	1290	171
Apr 20, 2021	107171	28	848	413
Apr 21, 2021	109447	25	261	477
Apr 22, 2021	110995	40	363	341
Apr 23, 2021	112140	17	698	377
Apr 24, 2021	112105	22	1272	547
Apr 25, 2021	110764	31	1608	480
Apr 26, 2021	109344	38	1457	1958
Apr 27, 2021	109139	34	1504	851
Apr 28, 2021	108901	36	1028	992
Apr 29, 2021	108426	41	1354	860
Apr 30, 2021	107688	34	1441	1821
May 01, 2021	105527	30	1675	1406
May 02, 2021	102194	34	1497	1503
May 03, 2021	99881	43	1292	1490
May 04, 2021	98740	38	1358	1886
May 05, 2021	97273	30	1043	2435
May 06, 2021	96380	44	1444	2377
May 07, 2021	95825	36	1710	2247
May 08, 2021	94191	40	1765	2186
May 09, 2021	91585	43	1988	1603
May 10, 2021	90221	39	1687	1829
May 11, 2021	88913	47	1887	2006
May 12, 2021	88141	54	1447	1572
May 13, 2021	87582	50	1676	1701
May 14, 2021	84553	60	1970	1351
May 15, 2021	81371	63	2322	2136
May 16, 2021	78179	54	2537	1397
May 17, 2021	76243	67	2576	2718
May 18, 2021	74034	82	2454	4450
May 19, 2021	73513	78	1637	2268
May 20, 2021	72648	76	2436	2868
May 21, 2021	72331	85	3050	2900
May 22, 2021	71187	81	3319	2131
May 23, 2021	69907	108	3956	1565
May 24, 2021	69216	77	3840	3094
May 25, 2021	69848	119	3883	2571
May 26, 2021	71291	104	3057	2063
May 27, 2021	71821	112	3641	4044
May 28, 2021	72364	115	4636	4439
May 29, 2021	70173	143	4846	2933
May 30, 2021	69265	132	5727	3101
May 31, 2021	68521	134	6058	3390
Jun 01, 2021	68318	153	5869	2843
Jun 02, 2021	68559	164	4334	3626
Jun 03, 2021	68684	163	5268	2493
Jun 04, 2021	68689	201	8364	3396
Jun 05, 2021	67465	199	7666	2424
Jun 06, 2021	66361	212	8822	2999
Jun 07, 2021	65810	185	8301	2483
Jun 08, 2021	65136	230	8483	4253
Jun 09, 2021	65355	220	6214	3035
Jun 10, 2021	65919	203	8661	5711
Jun 11, 2021	66089	210	9964	5273
Jun 12, 2021	65803	226	11525	4143
Jun 13, 2021	65711	187	11162	3530
Jun 14, 2021	66371	204	11651	4774
Jun 15, 2021	66826	225	11324	4947
Jun 16, 2021	68167	231	8772	4651
Jun 17, 2021	69396	200	11874	4094
Jun 18, 2021	70578	173	13768	4948
Jun 19, 2021	70331	187	12198	2401
Jun 20, 2021	70477	166	12383	2030
Jun 21, 2021	70911	195	12236	2047
Jun 22, 2021	71850	228	12148	1941
Jun 23, 2021	74080	247	8489	1578
Jun 24, 2021	76112	258	11578	1751
Jun 25, 2021	76891	237	13321	3569
Jun 26, 2021	77212	239	11579	2253
Jun 27, 2021	77384	212	7614	3343
Jun 28, 2021	79002	218	3697	2793
Jun 29, 2021	80470	231	6364	2415
Jun 30, 2021	83190	246	6780	3223
Jul 01, 2021	86121	235	11291	3638
Jul 02, 2021	87377	241	15192	3159
Jul 03, 2021	87633	264	14925	3404
Jul 04, 2021	88704	248	16230	2534
Jul 05, 2021	90916	261	15271	3586
Jul 06, 2021	93705	241	13862	4148
Jul 07, 2021	96923	245	9369	4978
Jul 08, 2021	100942	264	14844	3928
Jul 09, 2021	103038	237	15989	3841
Jul 10, 2021	103714	215	15776	4053
Jul 11, 2021	105360	197	13817	3687
Jul 12, 2021	107367	178	12744	3797
Jul 13, 2021	109667	187	12606	5129
Jul 14, 2021	113442	174	8136	5543
Jul 15, 2021	116244	198	10299	5730
Jul 16, 2021	116731	172	11463	6327
Jul 17, 2021	116922	159	11164	5726
Jul 18, 2021	117615	145	10420	5741
Jul 19, 2021	119158	120	10126	6557
Jul 20, 2021	120408	139	8465	8248
Jul 21, 2021	121743	117	6885	7921
Jul 22, 2021	122511	114	6684	7775
Jul 23, 2021	123145	114	6959	7637
Jul 24, 2021	122732	102	7535	6904
Jul 25, 2021	123332	117	7248	6782
Jul 26, 2021	125486	80	6566	9168
Jul 27, 2021	129053	89	5993	10051
Jul 28, 2021	134285	94	3991	9798
Jul 29, 2021	138094	86	4804	10678
Jul 30, 2021	142130	79	5717	10750
Jul 31, 2021	143669	88	5249	13402
Aug 01, 2021	145166	70	4966	13919
Aug 02, 2021	149098	61	4698	18590
Aug 03, 2021	153320	70	3525	17975
Aug 04, 2021	159386	65	3436	17926
Aug 05, 2021	163734	56	3948	22172
Aug 06, 2021	166415	52	3724	21108
Aug 07, 2021	165217	58	3357	18503
Aug 08, 2021	164453	38	3062	19819
Aug 09, 2021	165318	48	3436	22806
Aug 10, 2021	165296	51	3167	22012
Aug 11, 2021	164676	41	1743	23649
Aug 12, 2021	165007	35	2430	20083
Aug 13, 2021	165009	51	2710	23672
Aug 14, 2021	162476	51	2639	21106
Aug 15, 2021	160042	38	2497	20984
Aug 16, 2021	159558	35	2588	20791
Aug 17, 2021	157784	43	2325	22682
Aug 18, 2021	157592	26	1327	22208
Aug 19, 2021	156772	26	1871	20478
Aug 20, 2021	153602	36	1953	23159
Aug 21, 2021	149824	24	2074	20672
Aug 22, 2021	145737	31	1901	22134
Aug 23, 2021	143668	25	1862	20059
Aug 24, 2021	141021	21	1907	21186
Aug 25, 2021	140774	25	1190	20606
Aug 26, 2021	140060	31	1383	20163
Aug 27, 2021	139172	17	1555	20535
Aug 28, 2021	136315	23	1562	20927
Aug 29, 2021	134179	21	1376	17281
Aug 30, 2021	132699	24	1144	19245
Aug 31, 2021	132422	18	1233	18996
Sep 01, 2021	133088	18	818	17936
Sep 02, 2021	132715	23	980	18262
Sep 03, 2021	130499	21	1212	20351
Sep 04, 2021	127352	12	1310	18257
Sep 05, 2021	124485	7	1178	17284
Sep 06, 2021	122593	20	860	16737
Sep 07, 2021	121006	14	847	16769
Sep 08, 2021	119303	11	589	15417
Sep 09, 2021	116681	14	617	15610
Sep 10, 2021	114039	17	794	18721
Sep 11, 2021	110389	7	694	15742
Sep 12, 2021	107103	9	703	16304
Sep 13, 2021	104551	6	663	14738
Sep 14, 2021	103103	16	645	14133
Sep 15, 2021	101238	10	415	13527
Sep 16, 2021	99346	7	481	13691
Sep 17, 2021	96216	6	599	13280
Sep 18, 2021	93057	10	543	12492
Sep 19, 2021	90458	4	518	11125
Sep 20, 2021	88725	9	466	11694
Sep 21, 2021	87310	9	396	13695
Sep 22, 2021	85189	5	293	13829
Sep 23, 2021	82763	6	314	13540
Sep 24, 2021	81174	7	339	14700
Sep 25, 2021	77143	6	469	14305
Sep 26, 2021	75586	7	368	12494
Sep 27, 2021	73845	8	243	12805
Sep 28, 2021	72406	6	232	11580
Sep 29, 2021	71237	2	278	10887
Sep 30, 2021	70135	3	275	12473
Oct 01, 2021	68386	7	289	13127
Oct 02, 2021	65777	7	276	11894
Oct 03, 2021	64844	3	306	12336
Oct 04, 2021	63589	1	294	11152
Oct 05, 2021	62788	4	305	10115
Oct 06, 2021	62062	6	166	10087
Oct 07, 2021	60923	3	211	9933
Oct 08, 2021	59851	2	214	10542
Oct 09, 2021	57737	1	229	9981
Oct 10, 2021	55832	5	256	10590
Oct 11, 2021	53543	6	247	11452
Oct 12, 2021	51686	4	0	10988
Oct 13, 2021	50172	4	350	10407
Oct 14, 2021	49350	2	178	10711
Oct 15, 2021	48281	6	215	10794
Oct 16, 2021	46326	5	206	10383
Oct 17, 2021	44835	7	235	10612
Oct 18, 2021	43514	0	237	10731
Oct 19, 2021	42068	7	221	10878
Oct 20, 2021	40492	2	151	10075
Oct 21, 2021	39679	3	223	10513
Oct 22, 2021	38830	3	234	10182
Oct 23, 2021	37651	9	213	10098
Oct 24, 2021	36735	3	266	9589
Oct 25, 2021	35652	2	253	9532
Oct 26, 2021	34641	3	244	8449
Oct 27, 2021	33714	2	178	8526
Oct 28, 2021	32914	1	199	8747
Oct 29, 2021	31850	2	264	8305
Oct 30, 2021	30553	3	284	8253
Oct 31, 2021	29706	3	312	9574
Nov 01, 2021	28860	6	237	8279
Nov 02, 2021	28223	6	239	8482
Nov 03, 2021	27584	4	155	8029
Nov 04, 2021	26874	5	205	8238
Nov 05, 2021	26133	6	227	8288
Nov 06, 2021	25163	0	273	6950
Nov 07, 2021	24657	1	282	7495
Nov 08, 2021	24340	5	261	8024
Nov 09, 2021	23905	6	243	7697
Nov 10, 2021	23183	3	176	7452
Nov 11, 2021	22604	3	197	7900
Nov 12, 2021	22018	4	277	7393
Nov 13, 2021	21222	3	291	6917
Nov 14, 2021	20687	2	277	7663
Nov 15, 2021	20153	4	262	7943
Nov 16, 2021	19761	1	269	7191
Nov 17, 2021	19368	2	177	7556
Nov 18, 2021	18783	1	329	7655
Nov 19, 2021	18335	1	385	8478
Nov 20, 2021	17883	2	295	7591
Nov 21, 2021	17739	1	297	7882
Nov 22, 2021	17266	1	257	7748
Nov 23, 2021	16804	4	191	7318
Nov 24, 2021	16190	1	122	7218
Nov 25, 2021	15728	1	211	6875
Nov 26, 2021	15144	1	260	6538
Nov 27, 2021	14334	7	291	6354
Nov 28, 2021	13530	2	352	6165
Nov 29, 2021	12975	4	382	6407
Nov 30, 2021	12331	1	342	6326
Dec 01, 2021	11993	4	275	5402
Dec 02, 2021	11649	6	268	5844
Dec 03, 2021	11270	3	373	5666
Dec 04, 2021	10822	7	397	6149
Dec 05, 2021	10428	1	495	6450
Dec 06, 2021	10098	1	509	6109
Dec 07, 2021	9755	3	512	5775
Dec 08, 2021	9605	3	370	7939
Dec 09, 2021	9341	2	557	7863
Dec 10, 2021	9207	4	674	7302
Dec 11, 2021	8836	12	775	5606
Dec 12, 2021	8405	6	892	5467
Dec 13, 2021	8128	7	1140	4818
Dec 14, 2021	7893	8	1146	4557
Dec 15, 2021	7736	10	1116	4531
Dec 16, 2021	7333	10	1491	5459
Dec 17, 2021	6990	12	2231	3278
Dec 18, 2021	6683	4	2458	4389
Dec 19, 2021	6551	12	2916	4190
Dec 20, 2021	6357	17	3359	3649
Dec 21, 2021	6224	14	4378	3191
Dec 22, 2021	6068	15	3447	2798
Dec 23, 2021	5945	18	5222	2766
Dec 24, 2021	5794	17	6676	3805
Dec 25, 2021	5542	15	8407	3771
Dec 26, 2021	5371	20	9500	3845
Dec 27, 2021	5093	21	10888	3070
Dec 28, 2021	4921	34	11434	2695
Dec 29, 2021	4814	31	9614	3115
Dec 30, 2021	4755	31	10906	3241
Dec 31, 2021	4612	36	14828	3315
Jan 01, 2022	4520	33	16033	2921
Jan 02, 2022	4496	30	15527	2903
Jan 03, 2022	4452	36	15807	2688
Jan 04, 2022	4436	29	15440	2508
Jan 05, 2022	4623	38	10378	2673
Jan 06, 2022	4941	43	12183	2895
Jan 07, 2022	5338	33	13501	2865
Jan 08, 2022	5472	41	13154	2605
Jan 09, 2022	5951	27	12193	3612
Jan 10, 2022	7004	20	11596	3306
Jan 11, 2022	8222	28	9052	3350
Jan 12, 2022	9973	19	8359	3845
Jan 13, 2022	11984	34	8345	3942
Jan 14, 2022	14845	15	9369	5202
Jan 15, 2022	16982	20	8354	4887
Jan 16, 2022	20176	24	8016	5255
Jan 17, 2022	24055	13	7264	6637
Jan 18, 2022	29884	21	5268	7460
Jan 19, 2022	35395	9	5023	6978
Jan 20, 2022	40272	16	4838	8641
Jan 21, 2022	45427	5	4692	7582
Jan 22, 2022	48601	10	4746	7445
Jan 23, 2022	51528	11	3929	8100
Jan 24, 2022	54515	8	3539	7659
Jan 25, 2022	59174	9	2584	7801
Jan 26, 2022	64117	4	2150	6595
Jan 27, 2022	68257	8	1987	7484
Jan 28, 2022	72235	8	1951	8358
Jan 29, 2022	74086	5	1595	7829
Jan 30, 2022	73996	6	1298	8215
Jan 31, 2022	75441	13	1516	8715
Feb 01, 2022	76776	8	1406	8485
Feb 02, 2022	78711	4	759	7832
Feb 03, 2022	79382	7	864	7827
Feb 04, 2022	78618	1	897	8479
Feb 05, 2022	77989	3	799	8285
Feb 06, 2022	76302	5	732	8711
Feb 07, 2022	74679	3	657	8922
Feb 08, 2022	72912	3	604	8571
Feb 09, 2022	71563	1	368	8503
Feb 10, 2022	70253	0	529	8955
Feb 11, 2022	68282	0	436	9205
Feb 12, 2022	65950	0	446	9482
Feb 13, 2022	62732	2	323	9810
Feb 14, 2022	59547	0	327	11551
Feb 15, 2022	56558	3	257	10868
Feb 16, 2022	54599	0	198	11561
Feb 17, 2022	52964	0	233	12511
Feb 18, 2022	50840	1	239	10946
Feb 19, 2022	48395	0	217	13962
Feb 20, 2022	45607	0	182	14914
Feb 21, 2022	43848	0	233	15651
Feb 22, 2022	42035	0	108	16662
Feb 23, 2022	40788	1	62	16131
Feb 24, 2022	39667	1	82	15774
Feb 25, 2022	38594	2	116	14641
Feb 26, 2022	37228	0	121	16875
Feb 27, 2022	35614	0	134	17470
Feb 28, 2022	34160	0	92	18297
Mar 01, 2022	32344	0	102	19093
Mar 02, 2022	31254	1	65	18939
Mar 03, 2022	30160	0	43	19351
Mar 04, 2022	29304	0	81	18462
Mar 05, 2022	28348	0	69	21448
Mar 06, 2022	27439	0	72	23159
Mar 07, 2022	26352	0	73	25005
Mar 08, 2022	25672	0	81	24747
Mar 09, 2022	24624	1	56	24161
Mar 10, 2022	24026	0	56	22065
Mar 11, 2022	23147	0	61	21371
Mar 12, 2022	22387	0	0	22333
Mar 13, 2022	21480	0	36	23508
Mar 14, 2022	20842	0	44	24125
Mar 15, 2022	20065	0	84	23339
Mar 16, 2022	19678	2	28	22217
Mar 17, 2022	19206	0	42	21522
Mar 18, 2022	18652	1	44	18801
Mar 19, 2022	18201	0	22	22292
Mar 20, 2022	17507	0	31	23153
Mar 21, 2022	16810	0	35	24824
Mar 22, 2022	16012	0	27	24770
Mar 23, 2022	15505	0	51	23721
Mar 24, 2022	14865	0	51	22219
Mar 25, 2022	14482	0	36	20013
Mar 26, 2022	13872	0	50	24066
Mar 27, 2022	13218	0	28	25753
Mar 28, 2022	12870	0	45	27183
Mar 29, 2022	12553	0	21	26084
Mar 30, 2022	12357	0	26	25077
Mar 31, 2022	12119	0	24	23843
Apr 01, 2022	11774	0	27	23352
Apr 02, 2022	11419	0	19	23412
Apr 03, 2022	10842	0	23	27254
Apr 04, 2022	10416	0	19	27519
Apr 05, 2022	9996	0	30	26225
Apr 06, 2022	9683	0	17	26011
Apr 07, 2022	9271	0	25	24854
Apr 08, 2022	8922	0	10	22003
Apr 09, 2022	8586	0	7	25509
Apr 10, 2022	8165	0	10	27680
Apr 11, 2022	7694	0	4	28057
Apr 12, 2022	7279	0	19	27626
Apr 13, 2022	6927	0	10	26997
Apr 14, 2022	6467	0	23	24969
Apr 15, 2022	6081	0	30	22220
Apr 16, 2022	5585	0	26	24545
Apr 17, 2022	5131	0	33	25910
Apr 18, 2022	4659	1	51	24927
Apr 19, 2022	4290	0	18	25933
Apr 20, 2022	3941	2	22	24619
Apr 21, 2022	3604	0	33	19826
Apr 22, 2022	3250	0	37	22361
Apr 23, 2022	2990	0	32	22846
Apr 24, 2022	2748	0	22	23524
Apr 25, 2022	2629	0	35	21072
Apr 26, 2022	2499	0	50	18919
Apr 27, 2022	2428	1	0	18509
Apr 28, 2022	2335	0	16	16782
Apr 29, 2022	2225	0	29	17105
Apr 30, 2022	2134	0	31	22022
May 01, 2022	2008	0	34	21168
May 02, 2022	1862	0	30	20145
May 03, 2022	1683	0	28	19119
May 04, 2022	1569	0	23	17109
May 05, 2022	1468	0	28	11252
May 06, 2022	1388	0	40	12224
May 07, 2022	1314	0	34	10588
May 08, 2022	1260	0	26	12755
May 09, 2022	1200	0	34	11132
May 10, 2022	1205	0	22	9322
May 11, 2022	1246	0	29	8807
May 12, 2022	1278	0	31	9286
May 13, 2022	1276	0	34	9213
May 14, 2022	1257	0	43	8601
May 15, 2022	1257	0	54	9168
May 16, 2022	1257	0	58	7323
May 17, 2022	1274	0	123	8042
May 18, 2022	1255	1	71	7567
May 19, 2022	1238	1	109	7091
May 20, 2022	1265	1	128	5775
May 21, 2022	1222	1	162	7391
May 22, 2022	1134	0	232	8856
May 23, 2022	1108	3	357	7235
May 24, 2022	1086	2	433	5591
May 25, 2022	1030	2	304	5560
May 26, 2022	1025	3	596	5198
May 27, 2022	1025	0	873	3921
May 28, 2022	1008	4	874	5622
May 29, 2022	974	5	1135	6031
May 30, 2022	984	6	1319	6607
May 31, 2022	1011	2	1685	5125
Jun 01, 2022	1006	12	1280	5605
Jun 02, 2022	1010	7	1680	4238
Jun 03, 2022	1024	4	2101	3813
Jun 04, 2022	1040	3	2087	5011
Jun 05, 2022	1027	7	2241	4879
Jun 06, 2022	1046	3	2183	4824
Jun 07, 2022	1111	2	1897	4130
Jun 08, 2022	1152	3	1105	3326
Jun 09, 2022	1237	9	1902	3518
Jun 10, 2022	1330	5	2285	2917
Jun 11, 2022	1381	6	1998	4236
Jun 12, 2022	1380	2	1728	2330
Jun 13, 2022	1469	5	1790	2155
Jun 14, 2022	1658	4	1611	2109
Jun 15, 2022	1859	7	939	2512
Jun 16, 2022	2146	8	814	2123
Jun 17, 2022	2307	1	521	1964
Jun 18, 2022	2495	6	656	1874
Jun 19, 2022	2617	2	1027	2166
Jun 20, 2022	2906	4	1324	2137
Jun 21, 2022	3418	4	1051	1683
Jun 22, 2022	4138	5	1007	1783
Jun 23, 2022	4950	4	900	1489
Jun 24, 2022	6017	5	1072	1892
Jun 25, 2022	7081	4	879	1834
Jun 26, 2022	7725	1	1104	2138
Jun 27, 2022	9141	3	884	2185
Jun 28, 2022	10755	3	620	1984
Jun 29, 2022	12706	1	446	1779
Jun 30, 2022	14662	3	430	2154
Jul 01, 2022	16893	3	548	1883
Jul 02, 2022	18345	2	621	2043
Jul 03, 2022	19723	2	626	2148
Jul 04, 2022	21856	2	618	2282
Jul 05, 2022	25128	0	355	2049
Jul 06, 2022	28725	3	349	2234
Jul 07, 2022	31925	1	365	1946
Jul 08, 2022	34996	1	349	2417
Jul 09, 2022	36447	1	387	2159
Jul 10, 2022	36436	2	375	2268
Jul 11, 2022	36815	0	278	2115
Jul 12, 2022	35841	1	253	1901
Jul 13, 2022	36121	1	220	2120
Jul 14, 2022	35998	0	216	1920
Jul 15, 2022	35994	0	296	2181
Jul 16, 2022	35031	1	239	2578
Jul 17, 2022	34297	0	198	2361
Jul 18, 2022	34067	0	214	2501
Jul 19, 2022	34370	0	218	2029
Jul 20, 2022	35141	1	144	2318
Jul 21, 2022	36016	0	226	1816
Jul 22, 2022	36793	3	259	1877
Jul 23, 2022	36138	1	93	2358
Jul 24, 2022	35418	1	212	2425
Jul 25, 2022	35482	2	170	2173
Jul 26, 2022	34567	0	93	2099
Jul 27, 2022	34575	0	100	2129
Jul 28, 2022	33614	0	173	1853
Jul 29, 2022	32320	0	178	2157
Jul 30, 2022	30753	2	175	2800
Jul 31, 2022	28562	1	167	2540
Aug 01, 2022	26140	1	258	2514
Aug 02, 2022	24607	1	196	2472
Aug 03, 2022	23449	0	156	2700
Aug 04, 2022	22125	1	217	2483
Aug 05, 2022	19890	0	243	2209
Aug 06, 2022	18128	1	172	1939
Aug 07, 2022	16200	1	214	2015
Aug 08, 2022	15058	1	216	2294
Aug 09, 2022	13916	2	214	2151
Aug 10, 2022	12774	0	155	2076
Aug 11, 2022	11633	1	230	2142
Aug 12, 2022	10492	1	333	1898
Aug 13, 2022	9350	1	313	2576
Aug 14, 2022	8209	2	282	2335
Aug 15, 2022	8209	0	388	2023
Aug 16, 2022	8209	0	278	2243
Aug 17, 2022	8209	1	222	2023
Aug 18, 2022	8209	5	310	2028
Aug 19, 2022	8209	0	421	1986
Aug 20, 2022	8209	1	435	2252
Aug 21, 2022	8209	1	402	2298
Aug 22, 2022	4388	4	438	2394
Aug 23, 2022	4388	2	363	2100
Aug 24, 2022	4388	6	141	1742
Aug 25, 2022	4388	1	527	1601
Aug 26, 2022	4388	0	601	1667
Aug 27, 2022	4388	2	614	2305
Aug 28, 2022	4388	1	641	2198
Aug 29, 2022	2563	5	678	2111
Aug 30, 2022	2563	1	620	1917
Aug 31, 2022	2563	2	350	1743
Sep 01, 2022	2563	1	572	1565
Sep 02, 2022	2563	2	718	1643
Sep 03, 2022	2563	1	737	2143
Sep 04, 2022	1504	5	665	2106
Sep 05, 2022	1504	0	679	1963
Sep 06, 2022	1504	1	708	1618
Sep 07, 2022	1504	3	480	1969
Sep 08, 2022	1504	2	535	1327
Sep 09, 2022	1504	2	696	1201
Sep 10, 2022	1504	1	657	2101
Sep 11, 2022	1504	4	549	1966
Sep 12, 2022	1504	2	410	1827
Sep 13, 2022	1504	6	491	1251
Sep 14, 2022	1504	1	299	1024
Sep 15, 2022	1504	6	409	1087
Sep 16, 2022	1504	2	367	969
Sep 17, 2022	1504	1	460	1170
Sep 18, 2022	1504	0	456	1105
Sep 19, 2022	1504	1	445	919
Sep 20, 2022	698	1	346	934
Sep 21, 2022	698	2	295	876
Sep 22, 2022	698	1	351	794
Sep 23, 2022	698	0	389	745
Sep 24, 2022	698	1	287	1032
Sep 25, 2022	698	1	300	1145
Sep 26, 2022	923	1	243	801
Sep 27, 2022	923	4	216	674
Sep 28, 2022	923	0	124	790
Sep 29, 2022	923	1	139	733
Sep 30, 2022	923	0	207	811
Oct 01, 2022	923	1	185	625
Oct 02, 2022	923	0	196	625
Oct 03, 2022	838	0	137	625
Oct 04, 2022	838	1	102	625
Oct 05, 2022	838	0	69	625
Oct 06, 2022	838	0	115	625
Oct 07, 2022	838	0	88	631
Oct 08, 2022	838	0	94	0
Oct 09, 2022	838	0	183	0
Oct 10, 2022	464	0	140	0
Oct 11, 2022	464	1	88	0
Oct 12, 2022	464	2	37	0
Oct 13, 2022	464	0	46	0
Oct 14, 2022	464	1	54	2234
Oct 15, 2022	464	0	48	0
Oct 16, 2022	464	0	62	374
Oct 17, 2022	464	0	69	373
Oct 18, 2022	464	0	48	374
Oct 19, 2022	464	1	22	374
Oct 20, 2022	464	0	35	374
Oct 21, 2022	464	0	38	373
Oct 22, 2022	464	0	29	374
Oct 23, 2022	464	0	35	364
Oct 24, 2022	301	0	38	365
Oct 25, 2022	301	0	19	364
Oct 26, 2022	301	1	18	365
Oct 27, 2022	301	1	24	364
Oct 28, 2022	301	0	26	365
Oct 29, 2022	301	0	23	364
Oct 30, 2022	301	1	33	394
Oct 31, 2022	361	0	20	394
Nov 01, 2022	361	0	19	394
Nov 02, 2022	361	1	23	395
Nov 03, 2022	361	0	16	394
Nov 04, 2022	361	1	29	394
Nov 05, 2022	361	0	11	394
Nov 06, 2022	361	0	18	452
Nov 07, 2022	497	0	12	453
Nov 08, 2022	497	0	15	452
Nov 09, 2022	497	1	10	452
Nov 10, 2022	497	0	15	452
Nov 11, 2022	497	0	26	453
Nov 12, 2022	497	0	22	452
Nov 13, 2022	497	0	32	0
Nov 14, 2022	648	1	13	565
Nov 15, 2022	648	0	30	566
Nov 16, 2022	648	0	17	565
Nov 17, 2022	648	0	29	565
Nov 18, 2022	648	0	19	565
Nov 19, 2022	648	0	20	566
Nov 20, 2022	648	0	21	565
Nov 21, 2022	963	0	15	702
Nov 22, 2022	963	1	16	702
Nov 23, 2022	963	0	14	702
Nov 24, 2022	963	0	17	702
Nov 25, 2022	963	0	20	702
Nov 26, 2022	963	0	19	702
Nov 27, 2022	963	0	20	702
Nov 28, 2022	1211	1	16	612
Nov 29, 2022	1211	0	8	612
Nov 30, 2022	1211	0	7	612
Dec 01, 2022	1211	0	6	612
Dec 02, 2022	1211	0	7	612
Dec 03, 2022	1211	0	15	612
Dec 04, 2022	1211	0	21	612
Dec 05, 2022	1046	0	22	566
Dec 06, 2022	1046	0	13	566
Dec 07, 2022	1046	0	23	566
Dec 08, 2022	1046	1	17	565
Dec 09, 2022	1046	0	14	566
Dec 10, 2022	1046	0	31	566
Dec 11, 2022	1046	0	21	566
Dec 12, 2022	905	0	22	4449
Dec 13, 2022	905	0	10	489
Dec 14, 2022	905	0	10	488
Dec 15, 2022	905	0	17	489
Dec 16, 2022	905	0	17	488
Dec 17, 2022	905	0	21	489
Dec 18, 2022	905	0	22	488
Dec 19, 2022	655	0	4	414
Dec 20, 2022	655	0	15	415
Dec 21, 2022	655	0	10	414
Dec 22, 2022	655	0	12	414
Dec 23, 2022	655	0	9	414
Dec 24, 2022	655	0	9	415
Dec 25, 2022	655	0	13	414
Dec 26, 2022	519	0	9	302
Dec 27, 2022	519	0	8	301
Dec 28, 2022	519	1	17	302
Dec 29, 2022	519	0	11	301
Dec 30, 2022	519	0	12	302
Dec 31, 2022	519	0	13	301
Jan 01, 2023	519	1	9	302
Jan 02, 2023	673	0	16	0
Jan 03, 2023	673	0	12	0
Jan 04, 2023	673	0	10	0
Jan 05, 2023	673	0	16	0
Jan 06, 2023	673	1	11	0
Jan 07, 2023	673	0	13	0
Jan 08, 2023	673	0	12	0
Jan 09, 2023	673	0	10	281
Jan 10, 2023	673	0	10	281
Jan 11, 2023	673	1	12	281
Jan 12, 2023	673	0	9	280
Jan 13, 2023	673	0	13	281
Jan 14, 2023	673	0	14	281
Jan 15, 2023	673	0	11	281
Jan 16, 2023	673	0	8	90
Jan 17, 2023	673	0	9	0
Jan 18, 2023	673	0	9	0
Jan 19, 2023	673	0	6	0
Jan 20, 2023	673	0	9	0
Jan 21, 2023	673	0	15	0
Jan 22, 2023	673	0	13	0
Jan 23, 2023	673	0	14	67
Jan 24, 2023	673	0	8	68
Jan 25, 2023	673	0	5	67
Jan 26, 2023	673	0	7	68
Jan 27, 2023	673	0	14	67
Jan 28, 2023	673	0	9	68
Jan 29, 2023	673	0	7	67
Jan 30, 2023	673	0	6	0
Jan 31, 2023	673	0	4	0
Feb 01, 2023	673	0	6	0
Feb 02, 2023	673	0	12	0
Feb 03, 2023	673	0	10	0
Feb 04, 2023	673	0	11	0
Feb 05, 2023	673	0	11	0
Feb 06, 2023	673	0	10	0
Feb 07, 2023	673	0	4	0
Feb 08, 2023	673	0	2	0
Feb 09, 2023	673	0	9	0
Feb 10, 2023	673	0	6	0
Feb 11, 2023	673	0	8	0
Feb 12, 2023	673	0	8	0
Feb 13, 2023	673	0	6	0
Feb 14, 2023	673	0	11	0
Feb 15, 2023	673	0	15	0
Feb 16, 2023	673	0	3	0
Feb 17, 2023	673	0	7	0
Feb 18, 2023	673	0	9	0
Feb 19, 2023	673	0	9	0
Feb 20, 2023	673	0	7	0
Feb 21, 2023	673	0	5	0
Feb 22, 2023	673	0	4	0
Feb 23, 2023	673	0	6	0
Feb 24, 2023	673	1	5	0
Feb 25, 2023	673	0	4	0
Feb 26, 2023	673	0	4	0
Feb 27, 2023	673	0	4	0
Feb 28, 2023	673	0	3	0
Mar 01, 2023	673	0	4	0
Mar 02, 2023	673	0	8	0
Mar 03, 2023	673	0	7	0
Mar 04, 2023	673	0	6	0
Mar 05, 2023	673	0	4	0
Mar 06, 2023	673	0	5	0
Mar 07, 2023	673	0	5	0
Mar 08, 2023	673	0	4	0
Mar 09, 2023	673	0	6	0
Mar 10, 2023	673	0	7	0
Mar 11, 2023	673	0	8	0
Mar 12, 2023	673	0	8	0
Mar 13, 2023	673	0	5	0
Mar 14, 2023	673	0	3	0
Mar 15, 2023	673	0	4	0
Mar 16, 2023	673	0	5	0
Mar 17, 2023	673	0	8	0
Mar 18, 2023	673	0	5	0
Mar 19, 2023	673	0	6	0
Mar 20, 2023	673	0	6	0
Mar 21, 2023	673	0	6	0
Mar 22, 2023	673	0	4	0
Mar 23, 2023	673	0	3	0
Mar 24, 2023	673	0	8	0
Mar 25, 2023	673	0	5	0
Mar 26, 2023	673	0	5	0
Mar 27, 2023	673	0	9	0
Mar 28, 2023	673	0	3	0
Mar 29, 2023	673	0	4	0
Mar 30, 2023	673	0	4	0
Mar 31, 2023	673	0	7	0
Apr 01, 2023	673	0	13	0
Apr 02, 2023	673	0	11	0
Apr 03, 2023	673	0	7	0
Apr 04, 2023	673	0	15	0
Apr 05, 2023	673	0	9	0
Apr 06, 2023	673	0	16	0
Apr 07, 2023	673	0	13	0
Apr 08, 2023	673	0	5	0
Apr 09, 2023	673	0	18	0
Apr 10, 2023	673	0	23	0
Apr 11, 2023	673	0	9	0
Apr 12, 2023	673	0	15	0
Apr 13, 2023	673	0	23	0
Apr 14, 2023	673	0	24	0
Apr 15, 2023	673	0	22	0
Apr 16, 2023	673	0	22	0
Apr 17, 2023	673	0	24	0
Apr 18, 2023	673	0	23	0
Apr 19, 2023	673	0	8	0
Apr 20, 2023	673	0	17	0
Apr 21, 2023	673	0	19	0
Apr 22, 2023	673	0	20	0
Apr 23, 2023	673	0	22	0
Apr 24, 2023	673	0	36	0
Apr 25, 2023	673	0	14	0
Apr 26, 2023	673	0	18	0
Apr 27, 2023	673	0	19	0
Apr 28, 2023	673	0	38	0
Apr 29, 2023	673	0	44	0
Apr 30, 2023	673	0	33	0
May 01, 2023	673	0	68	0
May 02, 2023	673	0	28	0
May 03, 2023	673	0	61	0
May 04, 2023	673	0	73	0
May 05, 2023	673	5	159	0
May 06, 2023	673	0	114	0
May 07, 2023	673	0	103	0
May 08, 2023	673	0	70	0
May 09, 2023	673	0	89	0
May 10, 2023	673	0	65	0
May 11, 2023	673	0	68	0
May 12, 2023	673	1	75	0
May 13, 2023	673	0	197	0
May 14, 2023	673	0	103	0
May 15, 2023	673	0	104	0
May 16, 2023	673	0	94	0
May 17, 2023	673	0	107	0
May 18, 2023	673	0	151	0
May 19, 2023	673	5	140	0
May 20, 2023	673	0	71	0
May 21, 2023	673	0	134	0
May 22, 2023	673	0	151	0
May 23, 2023	673	0	166	0
May 24, 2023	673	0	108	0
May 25, 2023	673	0	230	0
May 26, 2023	673	5	153	0
May 27, 2023	673	0	125	0
May 28, 2023	673	0	146	0
May 29, 2023	673	0	95	0
May 30, 2023	673	0	60	0
May 31, 2023	673	0	82	0
Jun 01, 2023	673	0	121	0
Jun 02, 2023	673	0	110	0
Jun 03, 2023	673	0	60	0
Jun 04, 2023	673	0	97	0
Jun 05, 2023	673	0	34	0
Jun 06, 2023	673	0	39	0
Jun 07, 2023	673	0	68	0
Jun 08, 2023	673	0	42	0
Jun 09, 2023	673	1	66	0
Jun 10, 2023	673	0	86	0
Jun 11, 2023	673	0	86	0
Jun 12, 2023	673	0	35	0
Jun 13, 2023	673	0	87	0
Jun 14, 2023	673	0	23	0
Jun 15, 2023	673	0	76	0
Jun 16, 2023	673	2	61	0
Jun 17, 2023	673	0	66	0
Jun 18, 2023	673	0	36	0
Jun 19, 2023	673	0	63	0
Jun 20, 2023	673	0	62	0
Jun 21, 2023	673	0	36	0
Jun 22, 2023	673	0	92	0
Jun 23, 2023	673	4	80	0
Jun 24, 2023	673	0	73	0
Jun 25, 2023	673	0	42	0
Jun 26, 2023	673	0	109	0
Jun 27, 2023	673	0	32	0
Jun 28, 2023	673	0	22	0
Jun 29, 2023	673	0	36	0
Jun 30, 2023	673	4	77	0
Jul 01, 2023	673	0	83	0
Jul 02, 2023	673	0	38	0
Jul 03, 2023	673	0	71	0
Jul 04, 2023	673	0	61	0
Jul 05, 2023	673	0	50	0
Jul 06, 2023	673	0	59	0
Jul 07, 2023	673	0	47	0
Jul 08, 2023	673	2	75	0
Jul 09, 2023	673	0	32	0
Jul 10, 2023	673	0	77	0
Jul 11, 2023	673	0	72	0
Jul 12, 2023	673	0	22	0
Jul 13, 2023	673	0	44	0
Jul 14, 2023	673	1	43	0
Jul 15, 2023	673	0	39	0
Jul 16, 2023	673	0	41	0
Jul 17, 2023	673	0	35	0
Jul 18, 2023	673	0	20	0
Jul 19, 2023	673	0	12	0
Jul 20, 2023	673	0	28	0
Jul 21, 2023	673	0	43	0
Jul 22, 2023	673	0	37	0
Jul 23, 2023	673	0	26	0
Jul 24, 2023	673	0	17	0
Jul 25, 2023	673	0	12	0
Jul 26, 2023	673	0	14	0
Jul 27, 2023	673	0	13	0
Jul 28, 2023	673	0	27	0
Jul 29, 2023	673	0	21	0
Jul 30, 2023	673	0	23	0
Jul 31, 2023	673	0	12	0
Aug 01, 2023	673	0	13	0
Aug 02, 2023	673	0	9	0
Aug 03, 2023	673	0	22	0
Aug 04, 2023	673	1	21	0
Aug 05, 2023	673	0	13	0
Aug 06, 2023	673	0	14	0
Aug 07, 2023	673	0	18	0
Aug 08, 2023	673	0	25	0
Aug 09, 2023	673	0	9	0
Aug 10, 2023	673	0	22	0
Aug 11, 2023	673	0	14	0
Aug 12, 2023	673	0	11	0
Aug 13, 2023	673	0	16	0
Aug 14, 2023	673	0	22	0
Aug 15, 2023	673	0	16	0
Aug 16, 2023	673	0	13	0
Aug 17, 2023	673	0	17	0
Aug 18, 2023	673	0	13	0
Aug 19, 2023	673	0	7	0
Aug 20, 2023	673	0	18	0
Aug 21, 2023	673	0	11	0
Aug 22, 2023	673	0	8	0
Aug 23, 2023	673	0	19	0
Aug 24, 2023	673	0	9	0
Aug 25, 2023	673	0	10	0
Aug 26, 2023	673	0	12	0
Aug 27, 2023	673	0	9	0
Aug 28, 2023	673	0	9	0
Aug 29, 2023	673	0	10	0
Aug 30, 2023	673	0	9	0
Aug 31, 2023	673	0	10	0
Sep 01, 2023	673	0	9	0
Sep 02, 2023	673	0	7	0
Sep 03, 2023	673	0	11	0
Sep 04, 2023	673	0	8	0
Sep 05, 2023	673	0	15	0
Sep 06, 2023	673	0	8	0
Sep 07, 2023	673	0	5	0
Sep 08, 2023	673	0	7	0
Sep 09, 2023	673	0	8	0
Sep 10, 2023	673	0	5	0
Sep 11, 2023	673	0	8	0
Sep 12, 2023	673	0	7	0
Sep 13, 2023	673	0	11	0
Sep 14, 2023	673	0	9	0
Sep 15, 2023	673	0	14	0
Sep 16, 2023	673	0	9	0
Sep 17, 2023	673	0	7	0
Sep 18, 2023	673	0	9	0
Sep 19, 2023	673	0	5	0
Sep 20, 2023	673	0	5	0
Sep 21, 2023	673	0	5	0
Sep 22, 2023	673	0	9	0
Sep 23, 2023	673	0	6	0
Sep 24, 2023	673	0	7	0
Sep 25, 2023	673	0	7	0
Sep 26, 2023	673	0	8	0
Sep 27, 2023	673	0	5	0
Sep 28, 2023	673	0	7	0
Sep 29, 2023	673	0	6	0
Sep 30, 2023	673	0	4	0
Oct 01, 2023	673	0	4	0
Oct 02, 2023	673	0	5	0
Oct 03, 2023	673	0	4	0
Oct 04, 2023	673	0	5	0
Oct 05, 2023	673	0	3	0
Oct 06, 2023	673	0	5	0
Oct 07, 2023	673	0	5	0
Oct 08, 2023	673	0	7	0
Oct 09, 2023	673	0	6	0
Oct 10, 2023	673	0	3	0
Oct 11, 2023	673	0	5	0
Oct 12, 2023	673	0	4	0
Oct 13, 2023	673	0	6	0
Oct 14, 2023	673	0	4	0
Oct 15, 2023	673	0	5	0
Oct 16, 2023	673	0	6	0
Oct 17, 2023	673	0	5	0
Oct 18, 2023	673	0	5	0
Oct 19, 2023	673	0	3	0
Oct 20, 2023	673	0	6	0
Oct 21, 2023	673	0	5	0
Oct 22, 2023	673	0	4	0
Oct 23, 2023	673	0	7	0
Oct 24, 2023	673	0	4	0
Oct 25, 2023	673	0	4	0
Oct 26, 2023	673	0	4	0
Oct 27, 2023	673	0	5	0
Oct 28, 2023	673	0	7	0
Oct 29, 2023	673	0	6	0
Oct 30, 2023	673	0	4	0
Oct 31, 2023	673	0	3	0
Nov 01, 2023	673	0	5	0
Nov 02, 2023	673	0	4	0
Nov 03, 2023	673	0	8	0
Nov 04, 2023	673	0	4	0
Nov 05, 2023	673	0	4	0
Nov 06, 2023	673	0	3	0
Nov 07, 2023	673	0	3	0
Nov 08, 2023	673	0	4	0
Nov 09, 2023	673	0	4	0
Nov 10, 2023	673	0	5	0
Nov 11, 2023	673	0	5	0
Nov 12, 2023	673	0	8	0
Nov 13, 2023	673	0	9	0
Nov 14, 2023	673	0	5	0
Nov 15, 2023	673	0	6	0
Nov 16, 2023	673	0	5	0
Nov 17, 2023	673	0	5	0
Nov 18, 2023	673	0	6	0
Nov 19, 2023	673	0	5	0
Nov 20, 2023	673	0	6	0
Nov 21, 2023	673	0	3	0
Nov 22, 2023	673	0	4	0
Nov 23, 2023	673	0	3	0
Nov 24, 2023	673	0	0	0
Nov 25, 2023	673	0	0	0
Nov 26, 2023	673	0	0	0
Nov 27, 2023	673	0	0	0
Nov 28, 2023	673	0	0	0
Nov 29, 2023	673	0	0	0
Nov 30, 2023	673	0	0	0
Dec 01, 2023	673	0	42	0
Dec 02, 2023	673	0	0	0
Dec 03, 2023	673	0	0	0
Dec 04, 2023	673	0	0	0
Dec 05, 2023	673	0	0	0
Dec 06, 2023	673	0	0	0
Dec 07, 2023	673	0	0	0
Dec 08, 2023	673	0	85	0
Dec 09, 2023	673	0	0	0
Dec 10, 2023	673	0	0	0
Dec 11, 2023	673	0	0	0
Dec 12, 2023	673	2	0	0
Dec 13, 2023	673	0	0	0
Dec 14, 2023	673	0	0	0
Dec 15, 2023	673	0	117	0
Dec 16, 2023	673	0	0	0
Dec 17, 2023	673	0	0	0
Dec 18, 2023	673	0	0	0
Dec 19, 2023	673	2	0	0
Dec 20, 2023	673	0	0	0
Dec 21, 2023	673	0	0	0
Dec 22, 2023	673	0	190	0
Dec 23, 2023	673	0	0	0
Dec 24, 2023	673	0	0	0
Dec 25, 2023	673	0	0	0
Dec 26, 2023	673	0	0	0
Dec 27, 2023	673	0	0	0
Dec 28, 2023	673	0	125	0
Dec 29, 2023	673	1	34	0
Dec 30, 2023	673	0	30	0
Dec 31, 2023	673	0	35	0
Jan 01, 2024	673	0	0	0
Jan 02, 2024	673	0	0	0
Jan 03, 2024	673	0	112	0
Jan 04, 2024	673	0	28	0
Jan 05, 2024	673	0	0	0
Jan 06, 2024	673	0	35	0
Jan 07, 2024	673	0	53	0
Jan 08, 2024	673	0	99	0
Jan 09, 2024	673	1	49	0
Jan 10, 2024	673	0	0	0
Jan 11, 2024	673	0	59	0
Jan 12, 2024	673	0	39	0
Jan 13, 2024	673	0	0	0
Jan 14, 2024	673	0	0	0
Jan 15, 2024	673	0	0	0
Jan 16, 2024	673	3	0	0
Jan 17, 2024	673	0	0	0
Jan 18, 2024	673	0	0	0
Jan 19, 2024	673	0	255	0
Jan 20, 2024	673	0	0	0
Jan 21, 2024	673	0	0	0
Jan 22, 2024	673	0	0	0
Jan 23, 2024	673	3	0	0
Jan 24, 2024	673	0	0	0
Jan 25, 2024	673	0	0	0
Jan 26, 2024	673	0	335	0
Jan 27, 2024	673	0	0	0
Jan 28, 2024	673	0	0	0
Jan 29, 2024	673	0	0	0
Jan 30, 2024	673	2	0	0
Jan 31, 2024	673	0	0	0
Feb 01, 2024	673	0	0	0
Feb 02, 2024	673	0	345	0
Feb 03, 2024	673	0	0	0
Feb 04, 2024	673	0	0	0
Feb 05, 2024	673	0	0	0
Feb 06, 2024	673	0	0	0
Feb 07, 2024	673	0	0	0
Feb 08, 2024	673	0	0	0
Feb 09, 2024	673	0	356	0
Feb 10, 2024	673	0	0	0
Feb 11, 2024	673	0	0	0
Feb 12, 2024	673	0	0	0
Feb 13, 2024	673	0	0	0
Feb 14, 2024	673	0	0	0
Feb 15, 2024	673	0	0	0
Feb 16, 2024	673	0	0	0
Feb 17, 2024	673	0	0	0
Feb 18, 2024	673	0	0	0
Feb 19, 2024	673	0	0	0
Feb 20, 2024	673	0	0	0
Feb 21, 2024	673	NA	0	0
Feb 22, 2024	673	NA	0	0
Feb 23, 2024	673	NA	0	0
Feb 24, 2024	673	NA	0	0
Feb 25, 2024	673	NA	0	0
Feb 26, 2024	673	NA	0	0
Feb 27, 2024	673	NA	0	0
Feb 28, 2024	673	NA	0	0
Feb 29, 2024	673	NA	0	0
Mar 01, 2024	673	NA	0	0
Mar 02, 2024	673	NA	NA	0
Mar 03, 2024	673	NA	NA	0
Mar 04, 2024	673	NA	NA	0
Mar 05, 2024	673	NA	NA	0
Mar 06, 2024	673	NA	NA	0
Mar 07, 2024	673	NA	NA	0
Mar 08, 2024	673	NA	NA	0
Mar 09, 2024	673	NA	NA	0
Mar 10, 2024	673	NA	NA	0
Mar 11, 2024	673	NA	NA	0
Mar 12, 2024	673	NA	NA	0
Mar 13, 2024	673	NA	NA	0
Mar 14, 2024	673	NA	NA	0
Mar 15, 2024	673	NA	NA	0
Mar 16, 2024	673	NA	NA	0
Mar 17, 2024	673	NA	NA	0
Mar 18, 2024	673	NA	NA	0
Mar 19, 2024	673	NA	NA	0
Mar 20, 2024	673	NA	NA	0
Mar 21, 2024	673	NA	NA	0
Mar 22, 2024	673	NA	NA	0
Mar 23, 2024	673	NA	NA	0
Mar 24, 2024	673	NA	NA	NA
