Dates	Active	Deaths	Newcases	recover
Feb 15, 2020	0	0	0	0
Feb 16, 2020	0	0	0	0
Feb 17, 2020	0	0	0	0
Feb 18, 2020	0	0	0	0
Feb 19, 2020	0	0	0	0
Feb 20, 2020	0	0	1	0
Feb 21, 2020	0	0	3	0
Feb 22, 2020	0	0	1	0
Feb 23, 2020	0	0	1	0
Feb 24, 2020	0	0	6	0
Feb 25, 2020	0	0	3	0
Feb 26, 2020	0	0	2	0
Feb 27, 2020	0	0	2	0
Feb 28, 2020	0	0	4	0
Feb 29, 2020	0	0	3	0
Mar 01, 2020	0	0	2	0
Mar 02, 2020	0	1	10	0
Mar 03, 2020	0	0	15	0
Mar 04, 2020	0	0	6	0
Mar 05, 2020	1	2	15	0
Mar 06, 2020	1	0	14	0
Mar 07, 2020	2	1	25	0
Mar 08, 2020	3	1	61	0
Mar 09, 2020	7	0	24	0
Mar 10, 2020	7	2	30	0
Mar 11, 2020	13	1	53	0
Mar 12, 2020	16	0	34	0
Mar 13, 2020	24	1	52	0
Mar 14, 2020	38	1	32	0
Mar 15, 2020	61	2	29	0
Mar 16, 2020	64	2	32	0
Mar 17, 2020	85	6	41	0
Mar 18, 2020	116	0	60	0
Mar 19, 2020	150	6	21	6
Mar 20, 2020	202	0	22	2
Mar 21, 2020	238	1	27	0
Mar 22, 2020	272	1	5	3
Mar 23, 2020	399	1	15	6
Mar 24, 2020	552	0	28	5
Mar 25, 2020	700	3	14	0
Mar 26, 2020	919	3	22	21
Mar 27, 2020	1143	3	19	18
Mar 28, 2020	1160	0	21	14
Mar 29, 2020	1253	1	33	81
Mar 30, 2020	1298	2	43	0
Mar 31, 2020	1323	0	43	78
Apr 01, 2020	1331	0	2	101
Apr 02, 2020	1413	1	13	92
Apr 03, 2020	1407	0	5	101
Apr 04, 2020	1487	0	17	90
Apr 05, 2020	1555	0	8	110
Apr 06, 2020	1585	0	9	170
Apr 07, 2020	1647	0	4	217
Apr 08, 2020	1739	0	17	159
Apr 09, 2020	1829	0	10	297
Apr 10, 2020	1575	1	18	293
Apr 11, 2020	1599	1	8	195
Apr 12, 2020	1745	0	5	308
Apr 13, 2020	1843	1	14	279
Apr 14, 2020	1987	0	4	291
Apr 15, 2020	2072	1	11	362
Apr 16, 2020	1662	0	4	322
Apr 17, 2020	1839	1	5	414
Apr 18, 2020	2090	0	4	303
Apr 19, 2020	2213	0	3	338
Apr 20, 2020	2199	1	1	293
Apr 21, 2020	2365	1	4	417
Apr 22, 2020	2529	0	2	418
Apr 23, 2020	2418	0	0	523
Apr 24, 2020	2683	0	0	419
Apr 25, 2020	2818	0	0	278
Apr 26, 2020	3003	0	0	303
Apr 27, 2020	3248	0	0	383
Apr 28, 2020	2845	0	3	347
Apr 29, 2020	3191	0	2	523
Apr 30, 2020	3490	0	0	438
May 01, 2020	3472	0	6	554
May 02, 2020	3684	1	0	469
May 03, 2020	4126	1	2	374
May 04, 2020	4361	0	1	295
May 05, 2020	4705	0	2	479
May 06, 2020	4528	0	0	475
May 07, 2020	4947	1	0	496
May 08, 2020	5597	0	3	507
May 09, 2020	5282	0	0	445
May 10, 2020	5682	0	0	493
May 11, 2020	6126	0	17	520
May 12, 2020	6828	0	3	740
May 13, 2020	7153	0	5	790
May 14, 2020	6866	0	1	959
May 15, 2020	7238	0	7	1400
May 16, 2020	7663	0	2	1199
May 17, 2020	8296	1	1	952
May 18, 2020	8904	0	0	1342
May 19, 2020	8983	0	0	997
May 20, 2020	8767	0	0	1488
May 21, 2020	9877	0	0	1350
May 22, 2020	9681	0	0	1204
May 23, 2020	10896	0	0	1602
May 24, 2020	11119	0	0	1154
May 25, 2020	11282	0	0	1613
May 26, 2020	11062	0	6	2625
May 27, 2020	12002	0	1	2610
May 28, 2020	12526	0	2	2448
May 29, 2020	13612	0	14	1833
May 30, 2020	14287	0	15	2296
May 31, 2020	15275	1	3	2219
Jun 01, 2020	16452	0	4	0
Jun 02, 2020	16837	0	14	41227
Jun 03, 2020	17145	0	10	4575
Jun 04, 2020	18736	0	1	4883
Jun 05, 2020	19545	0	2	0
Jun 06, 2020	20877	0	0	0
Jun 07, 2020	23049	0	1	0
Jun 08, 2020	23830	0	2	0
Jun 09, 2020	22946	0	2	0
Jun 10, 2020	22828	0	4	30813
Jun 11, 2020	24160	0	1	4914
Jun 12, 2020	25703	0	3	5938
Jun 13, 2020	27610	0	2	6408
Jun 14, 2020	30189	0	1	5088
Jun 15, 2020	32270	0	3	7440
Jun 16, 2020	32821	0	3	0
Jun 17, 2020	34592	0	5	30209
Jun 18, 2020	37434	0	2	5050
Jun 19, 2020	38262	0	11	5118
Jun 20, 2020	40695	0	6	3960
Jun 21, 2020	44000	0	16	4828
Jun 22, 2020	46405	0	10	5173
Jun 23, 2020	49225	0	9	4523
Jun 24, 2020	53001	0	5	4234
Jun 25, 2020	56411	0	18	4104
Jun 26, 2020	58453	0	40	4624
Jun 27, 2020	62631	0	4	4155
Jun 28, 2020	67117	0	13	3944
Jun 29, 2020	71510	0	8	5075
Jun 30, 2020	75418	0	9	4214
Jul 01, 2020	80999	0	12	3804
Jul 02, 2020	83672	0	26	4096
Jul 03, 2020	88354	0	7	4102
Jul 04, 2020	94238	0	8	3587
Jul 05, 2020	100785	0	5	3339
Jul 06, 2020	105136	0	12	3874
Jul 07, 2020	110656	0	19	3458
Jul 08, 2020	114846	0	18	3219
Jul 09, 2020	122224	0	9	3131
Jul 10, 2020	129301	0	3	3061
Jul 11, 2020	133226	0	13	2788
Jul 12, 2020	138044	0	20	2654
Jul 13, 2020	146185	0	26	2664
Jul 14, 2020	148478	0	21	2865
Jul 15, 2020	146701	1	17	3216
Jul 16, 2020	154803	0	9	1513
Jul 17, 2020	155450	0	4	2635
Jul 18, 2020	164596	0	19	2345
Jul 19, 2020	169156	0	17	2198
Jul 20, 2020	174539	0	42	2824
Jul 21, 2020	169199	0	14	2425
Jul 22, 2020	160683	0	22	2190
Jul 23, 2020	166581	0	19	2265
Jul 24, 2020	170784	0	20	2473
Jul 25, 2020	165354	1	21	1926
Jul 26, 2020	174503	0	43	1859
Jul 27, 2020	171429	1	70	2378
Jul 28, 2020	166047	0	58	2225
Jul 29, 2020	166514	1	124	2071
Jul 30, 2020	165599	0	87	1699
Jul 31, 2020	159812	2	81	2180
Aug 01, 2020	153440	1	133	1904
Aug 02, 2020	156671	3	116	1565
Aug 03, 2020	151027	3	120	2354
Aug 04, 2020	149407	1	67	1961
Aug 05, 2020	143996	6	135	1877
Aug 06, 2020	141928	3	83	2000
Aug 07, 2020	141463	0	78	1965
Aug 08, 2020	139045	0	181	1693
Aug 09, 2020	138605	0	142	1516
Aug 10, 2020	136387	2	121	2199
Aug 11, 2020	129800	1	143	1878
Aug 12, 2020	126421	2	114	1712
Aug 13, 2020	124501	0	116	1906
Aug 14, 2020	106257	1	122	1914
Aug 15, 2020	105434	3	165	1877
Aug 16, 2020	103513	1	242	1557
Aug 17, 2020	100596	3	206	2055
Aug 18, 2020	94734	3	153	1845
Aug 19, 2020	92502	8	243	1778
Aug 20, 2020	90442	0	275	1834
Aug 21, 2020	90679	1	86	1833
Aug 22, 2020	90211	2	303	1449
Aug 23, 2020	90524	0	0	1285
Aug 24, 2020	82023	3	481	1999
Aug 25, 2020	79536	6	390	1805
Aug 26, 2020	77147	6	389	1654
Aug 27, 2020	73485	0	0	1530
Aug 28, 2020	72611	12	773	1731
Aug 29, 2020	72025	8	250	1401
Aug 30, 2020	72575	8	493	1295
Aug 31, 2020	72114	6	486	1911
Sep 01, 2020	64097	0	0	1893
Sep 02, 2020	62833	7	558	1726
Sep 03, 2020	63649	21	648	1839
Sep 04, 2020	62657	6	1031	1719
Sep 05, 2020	60964	7	546	1432
Sep 06, 2020	59791	12	1262	1318
Sep 07, 2020	57843	8	854	2013
Sep 08, 2020	57664	15	1125	1825
Sep 09, 2020	57363	0	0	1801
Sep 10, 2020	56195	29	1782	1708
Sep 11, 2020	56457	0	0	1855
Sep 12, 2020	56387	41	1335	1407
Sep 13, 2020	56464	25	1043	1399
Sep 14, 2020	55982	0	0	2219
Sep 15, 2020	52753	8	1353	1909
Sep 16, 2020	53548	7	1266	2075
Sep 17, 2020	54506	58	1330	2053
Sep 18, 2020	54935	0	0	2120
Sep 19, 2020	54284	0	0	1645
Sep 20, 2020	55194	55	2393	1365
Sep 21, 2020	54739	58	2439	2065
Sep 22, 2020	54257	0	0	1989
Sep 23, 2020	54751	61	4511	1711
Sep 24, 2020	54847	28	1341	1704
Sep 25, 2020	53053	0	0	4390
Sep 26, 2020	51278	0	0	1429
Sep 27, 2020	50618	44	2313	2113
Sep 28, 2020	50571	0	0	1764
Sep 29, 2020	49342	0	0	1842
Sep 30, 2020	49450	147	5952	1700
Oct 01, 2020	49589	0	0	1839
Oct 02, 2020	49836	78	2261	1402
Oct 03, 2020	49971	30	1783	1165
Oct 04, 2020	49485	37	1492	1981
Oct 05, 2020	49468	0	0	1580
Oct 06, 2020	49231	56	1368	1436
Oct 07, 2020	49729	45	2237	1617
Oct 08, 2020	50663	0	1662	1665
Oct 09, 2020	50672	65	1468	1275
Oct 10, 2020	51016	0	0	1093
Oct 11, 2020	50869	52	1945	1638
Oct 12, 2020	50777	0	0	1619
Oct 13, 2020	50871	120	3882	1558
Oct 14, 2020	51300	44	1847	1582
Oct 15, 2020	51508	31	1346	1531
Oct 16, 2020	52512	33	818	1337
Oct 17, 2020	53230	102	1263	1033
Oct 18, 2020	50706	79	1280	1265
Oct 19, 2020	51437	86	2039	1767
Oct 20, 2020	47988	73	0	1613
Oct 21, 2020	47816	73	3320	1517
Oct 22, 2020	49021	79	1630	1425
Oct 23, 2020	49911	47	466	1246
Oct 24, 2020	50577	86	1474	1123
Oct 25, 2020	50646	94	1582	1698
Oct 26, 2020	50947	51	1639	1481
Oct 27, 2020	50881	58	1616	1395
Oct 28, 2020	51870	70	1729	1295
Oct 29, 2020	52595	66	1102	1350
Oct 30, 2020	51316	51	621	1118
Oct 31, 2020	51913	49	746	1031
Nov 01, 2020	51998	96	2120	1591
Nov 02, 2020	50537	0	0	1508
Nov 03, 2020	49940	143	2580	1503
Nov 04, 2020	50683	68	1247	1218
Nov 05, 2020	41002	69	1283	1340
Nov 06, 2020	38662	41	501	1054
Nov 07, 2020	37198	73	1052	1079
Nov 08, 2020	37602	48	1132	1727
Nov 09, 2020	37776	51	1208	1473
Nov 10, 2020	36923	72	1339	1313
Nov 11, 2020	35731	47	1251	1343
Nov 12, 2020	33545	66	1315	1353
Nov 13, 2020	34410	41	536	1170
Nov 14, 2020	35516	0	0	1052
Nov 15, 2020	37126	99	2599	1632
Nov 16, 2020	36263	56	1453	1529
Nov 17, 2020	36808	66	1260	1366
Nov 18, 2020	34843	45	1129	1319
Nov 19, 2020	36238	35	1046	1332
Nov 20, 2020	34748	35	339	1150
Nov 21, 2020	36573	72	1155	1027
Nov 22, 2020	36469	49	1461	1557
Nov 23, 2020	37393	41	992	1393
Nov 24, 2020	34502	43	1334	1401
Nov 25, 2020	37650	35	1333	1377
Nov 26, 2020	40647	58	1003	1486
Nov 27, 2020	37474	0	0	1140
Nov 28, 2020	40155	62	1946	1070
Nov 29, 2020	35364	41	1350	1683
Nov 30, 2020	37007	35	1469	1501
Dec 01, 2020	37909	58	1672	1446
Dec 02, 2020	40257	36	1623	1400
Dec 03, 2020	39496	32	1589	1410
Dec 04, 2020	43207	41	1067	1190
Dec 05, 2020	43904	38	1661	1036
Dec 06, 2020	47420	38	1735	1787
Dec 07, 2020	49734	49	1813	1766
Dec 08, 2020	46219	61	1889	1683
Dec 09, 2020	51230	41	1709	1677
Dec 10, 2020	57246	40	1410	1665
Dec 11, 2020	63697	52	1668	1420
Dec 12, 2020	69716	52	1654	1227
Dec 13, 2020	76694	50	2498	2044
Dec 14, 2020	79967	56	1990	1589
Dec 15, 2020	85110	54	1467	1893
Dec 16, 2020	85345	35	1472	1884
Dec 17, 2020	88578	35	1619	1912
Dec 18, 2020	93554	62	1296	1664
Dec 19, 2020	100316	72	2344	1533
Dec 20, 2020	103496	70	2917	2334
Dec 21, 2020	109674	48	2455	2222
Dec 22, 2020	106924	56	2741	2039
Dec 23, 2020	117492	45	2703	1980
Dec 24, 2020	119879	62	1824	2054
Dec 25, 2020	127152	69	3181	1805
Dec 26, 2020	129531	59	2676	1783
Dec 27, 2020	133161	72	3758	2672
Dec 28, 2020	135195	63	2408	2400
Dec 29, 2020	135800	50	4315	2425
Dec 30, 2020	143953	88	2242	2144
Dec 31, 2020	149476	76	2958	1915
Jan 01, 2021	157804	58	1858	2535
Jan 02, 2021	162544	94	2688	2474
Jan 03, 2021	168060	77	4025	3728
Jan 04, 2021	172358	68	2599	3088
Jan 05, 2021	176977	103	2473	3115
Jan 06, 2021	190136	62	2112	2675
Jan 07, 2021	201787	80	2130	2735
Jan 08, 2021	213518	53	1307	3088
Jan 09, 2021	226008	83	2096	3022
Jan 10, 2021	233479	76	1718	4823
Jan 11, 2021	241259	62	2099	4156
Jan 12, 2021	207549	91	1737	4216
Jan 13, 2021	213527	81	1488	4112
Jan 14, 2021	212502	74	1467	3991
Jan 15, 2021	213825	48	1200	3416
Jan 16, 2021	206079	91	1415	2859
Jan 17, 2021	203615	87	1311	4566
Jan 18, 2021	193207	68	1314	4157
Jan 19, 2021	174631	51	1203	4106
Jan 20, 2021	171200	63	1101	3942
Jan 21, 2021	158829	52	941	4289
Jan 22, 2021	152134	43	690	3515
Jan 23, 2021	147672	75	839	3111
Jan 24, 2021	142459	46	1124	4892
Jan 25, 2021	135827	51	857	4341
Jan 26, 2021	127888	32	1012	4236
Jan 27, 2021	125389	47	1086	4091
Jan 28, 2021	123250	36	766	4167
Jan 29, 2021	116237	31	315	3280
Jan 30, 2021	113057	42	807	2817
Jan 31, 2021	110656	34	814	4573
Feb 01, 2021	106542	33	930	3871
Feb 02, 2021	96100	35	751	3651
Feb 03, 2021	94576	36	934	3723
Feb 04, 2021	94560	38	745	3506
Feb 05, 2021	89550	18	595	2716
Feb 06, 2021	87565	32	873	2339
Feb 07, 2021	70078	26	685	4400
Feb 08, 2021	67512	42	884	3611
Feb 09, 2021	65547	31	689	3391
Feb 10, 2021	61283	32	674	3390
Feb 11, 2021	59914	27	685	3519
Feb 12, 2021	56742	21	405	2983
Feb 13, 2021	56602	25	580	2482
Feb 14, 2021	55940	27	804	4060
Feb 15, 2021	54002	32	657	3688
Feb 16, 2021	49168	24	738	3692
Feb 17, 2021	48441	37	695	3359
Feb 18, 2021	47146	34	700	3338
Feb 19, 2021	45202	24	323	2821
Feb 20, 2021	44159	43	618	2557
Feb 21, 2021	43006	24	781	3999
Feb 22, 2021	42145	21	631	3543
Feb 23, 2021	36955	16	662	3619
Feb 24, 2021	35535	30	662	3413
Feb 25, 2021	35286	30	598	3654
Feb 26, 2021	34804	15	300	3124
Feb 27, 2021	33456	25	567	2721
Feb 28, 2021	33360	34	793	4639
Mar 01, 2021	32761	27	514	3939
Mar 02, 2021	31431	16	870	3968
Mar 03, 2021	31330	20	651	3990
Mar 04, 2021	31400	20	311	4124
Mar 05, 2021	31570	23	225	3634
Mar 06, 2021	30243	41	605	3351
Mar 07, 2021	29712	27	773	5641
Mar 08, 2021	29050	26	810	4841
Mar 09, 2021	27692	21	771	4817
Mar 10, 2021	27361	21	952	4822
Mar 11, 2021	27215	30	892	5159
Mar 12, 2021	26214	25	626	4509
Mar 13, 2021	24328	28	1037	3947
Mar 14, 2021	23965	24	1911	6122
Mar 15, 2021	23445	31	1334	5635
Mar 16, 2021	21552	47	1679	5720
Mar 17, 2021	21957	41	1454	5459
Mar 18, 2021	22496	34	1768	5956
Mar 19, 2021	22344	28	1173	5116
Mar 20, 2021	22763	46	1932	4557
Mar 21, 2021	22806	48	2019	7417
Mar 22, 2021	22454	49	1896	6501
Mar 23, 2021	21653	43	2080	6546
Mar 24, 2021	21186	56	1510	6228
Mar 25, 2021	21922	58	1618	6760
Mar 26, 2021	21055	39	1116	5772
Mar 27, 2021	20795	64	1721	5190
Mar 28, 2021	21012	84	2198	8099
Mar 29, 2021	20765	73	2741	7232
Mar 30, 2021	20499	86	2485	6962
Mar 31, 2021	21137	78	2275	6864
Apr 01, 2021	21878	66	1567	7488
Apr 02, 2021	22535	42	1625	5833
Apr 03, 2021	22095	93	2245	5028
Apr 04, 2021	21765	75	2693	8481
Apr 05, 2021	21483	70	2386	7163
Apr 06, 2021	21150	107	2281	6834
Apr 07, 2021	20825	61	2308	7592
Apr 08, 2021	21321	73	1832	5879
Apr 09, 2021	21532	48	1329	5895
Apr 10, 2021	21744	92	2025	5443
Apr 11, 2021	21997	119	1789	8509
Apr 12, 2021	21556	78	1968	7383
Apr 13, 2021	21376	81	1970	6918
Apr 14, 2021	21343	86	1671	6748
Apr 15, 2021	21456	60	1044	6900
Apr 16, 2021	22281	47	1039	5913
Apr 17, 2021	22676	101	1455	4953
Apr 18, 2021	23057	106	1498	7785
Apr 19, 2021	23047	86	1460	6799
Apr 20, 2021	19997	69	1269	6589
Apr 21, 2021	20281	73	1320	6555
Apr 22, 2021	20751	79	1345	6564
Apr 23, 2021	19959	39	1060	5452
Apr 24, 2021	20035	88	1201	4631
Apr 25, 2021	20290	81	1144	7248
Apr 26, 2021	20407	56	746	6539
Apr 27, 2021	20128	34	473	6006
Apr 28, 2021	20709	52	570	5778
Apr 29, 2021	20936	70	766	6042
Apr 30, 2021	21400	50	932	5109
May 01, 2021	21867	72	1092	4237
May 02, 2021	22033	61	1446	6603
May 03, 2021	22115	57	1810	5666
May 04, 2021	22145	52	1199	5401
May 05, 2021	23452	41	1310	4928
May 06, 2021	24022	54	1289	5350
May 07, 2021	24618	37	1106	4381
May 08, 2021	26196	69	1154	3979
May 09, 2021	25793	56	1370	6445
May 10, 2021	25737	53	1446	5492
May 11, 2021	25303	62	1761	5452
May 12, 2021	27528	61	1472	5331
May 13, 2021	29573	49	1359	5626
May 14, 2021	31325	31	813	4658
May 15, 2021	32948	66	1565	4222
May 16, 2021	34406	73	1991	7083
May 17, 2021	33824	46	1630	6091
May 18, 2021	34775	63	1879	6026
May 19, 2021	37245	46	1531	5692
May 20, 2021	37703	32	2018	6406
May 21, 2021	38532	47	1053	5367
May 22, 2021	39642	99	1483	4987
May 23, 2021	40546	103	2175	7984
May 24, 2021	41005	76	2455	6958
May 25, 2021	41288	60	2237	6512
May 26, 2021	43189	71	2305	6920
May 27, 2021	46026	79	1927	5611
May 28, 2021	47055	52	1361	5820
May 29, 2021	48851	89	2066	5643
May 30, 2021	49847	65	2163	8386
May 31, 2021	50111	71	2461	7598
Jun 01, 2021	49243	82	2370	7270
Jun 02, 2021	52972	86	2269	6848
Jun 03, 2021	56347	78	1837	7106
Jun 04, 2021	58622	80	2563	6083
Jun 05, 2021	60739	105	2426	5334
Jun 06, 2021	61965	95	3764	8722
Jun 07, 2021	61652	88	4088	8119
Jun 08, 2021	60257	83	3587	7466
Jun 09, 2021	66563	90	4827	7021
Jun 10, 2021	72085	75	3647	7190
Jun 11, 2021	74704	83	1980	5984
Jun 12, 2021	79826	106	5434	5108
Jun 13, 2021	83270	116	6126	7761
Jun 14, 2021	83842	106	7012	7023
Jun 15, 2021	87132	114	6086	6508
Jun 16, 2021	96385	82	6400	6020
Jun 17, 2021	105102	116	4849	6136
Jun 18, 2021	106640	105	3653	5106
Jun 19, 2021	111428	119	8206	4086
Jun 20, 2021	117856	134	10165	6467
Jun 21, 2021	117745	126	8604	5462
Jun 22, 2021	119692	189	8802	5047
Jun 23, 2021	131238	194	9609	4728
Jun 24, 2021	142801	144	6821	4693
Jun 25, 2021	146819	106	4460	3646
Jun 26, 2021	152965	157	8768	3293
Jun 27, 2021	159992	194	8499	3605
Jun 28, 2021	158182	164	8151	4495
Jun 29, 2021	155192	205	7023	3947
Jun 30, 2021	166316	140	7787	3606
Jul 01, 2021	180854	173	5624	3437
Jul 02, 2021	185713	117	2608	2816
Jul 03, 2021	193640	177	6372	2263
Jul 04, 2021	194174	92	1124	2767
Jul 05, 2021	186572	139	2390	3079
Jul 06, 2021	184385	129	2901	2899
Jul 07, 2021	196710	188	2917	2821
Jul 08, 2021	210144	231	5545	2698
Jul 09, 2021	210947	204	4248	2047
Jul 10, 2021	212364	164	1664	1863
Jul 11, 2021	210007	59	4097	2677
Jul 12, 2021	199998	309	3805	2242
Jul 13, 2021	193929	167	3630	2039
Jul 14, 2021	201945	183	3538	1971
Jul 15, 2021	206424	172	3432	1830
Jul 16, 2021	194545	209	2743	1521
Jul 17, 2021	189500	159	1286	1173
Jul 18, 2021	179187	184	2916	1879
Jul 19, 2021	167183	140	3273	1542
Jul 20, 2021	159434	129	2532	1515
Jul 21, 2021	161471	130	3011	1385
Jul 22, 2021	164915	122	2635	1093
Jul 23, 2021	154747	158	3071	1145
Jul 24, 2021	152405	131	3246	1047
Jul 25, 2021	150811	90	1408	1565
Jul 26, 2021	144931	290	2160	1359
Jul 27, 2021	141230	145	2121	1184
Jul 28, 2021	151581	82	1736	1141
Jul 29, 2021	156942	78	1809	1147
Jul 30, 2021	156378	120	1099	916
Jul 31, 2021	154070	123	3055	821
Aug 01, 2021	154089	156	2718	1217
Aug 02, 2021	151888	0	0	1063
Aug 03, 2021	147978	90	3236	986
Aug 04, 2021	152953	63	2709	911
Aug 05, 2021	156681	80	2922	851
Aug 06, 2021	157324	72	1957	772
Aug 07, 2021	159545	105	1328	785
Aug 08, 2021	161693	146	3530	1019
Aug 09, 2021	158149	72	3675	942
Aug 10, 2021	152719	98	3895	837
Aug 11, 2021	141771	152	3647	788
Aug 12, 2021	148303	187	2344	829
Aug 13, 2021	151496	61	2241	665
Aug 14, 2021	155047	21	1326	613
Aug 15, 2021	153780	87	2209	958
Aug 16, 2021	154291	109	1949	790
Aug 17, 2021	154099	63	2045	738
Aug 18, 2021	159588	63	2286	682
Aug 19, 2021	163231	44	1874	682
Aug 20, 2021	170060	29	1184	540
Aug 21, 2021	163821	55	601	531
Aug 22, 2021	168198	92	2682	807
Aug 23, 2021	164053	48	1770	665
Aug 24, 2021	165428	45	1645	613
Aug 25, 2021	168546	72	2107	562
Aug 26, 2021	170106	179	1364	579
Aug 27, 2021	168460	2	808	465
Aug 28, 2021	156937	44	561	420
Aug 29, 2021	158132	59	892	675
Aug 30, 2021	155770	48	1167	542
Aug 31, 2021	151792	1	1028	544
Sep 01, 2021	145019	1	814	469
Sep 02, 2021	145950	18	719	450
Sep 03, 2021	144619	17	482	386
Sep 04, 2021	144944	26	415	335
Sep 05, 2021	142574	101	1732	462
Sep 06, 2021	141679	25	567	412
Sep 07, 2021	136102	115	687	437
Sep 08, 2021	135095	2	1207	386
Sep 09, 2021	121789	3	389	444
Sep 10, 2021	108483	12	182	372
Sep 11, 2021	106564	21	0	332
Sep 12, 2021	106711	10	858	544
Sep 13, 2021	105191	48	895	471
Sep 14, 2021	91135	11	366	423
Sep 15, 2021	83985	20	444	397
Sep 16, 2021	81882	7	0	460
Sep 17, 2021	77056	8	225	428
Sep 18, 2021	65714	30	598	396
Sep 19, 2021	64528	5	218	602
Sep 20, 2021	63004	16	226	494
Sep 21, 2021	56476	9	240	584
Sep 22, 2021	52950	21	184	509
Sep 23, 2021	52454	36	202	492
Sep 24, 2021	51036	1	32	485
Sep 25, 2021	51055	1	236	549
Sep 26, 2021	50147	2	231	879
Sep 27, 2021	47828	9	225	760
Sep 28, 2021	46096	16	133	687
Sep 29, 2021	46907	3	102	694
Sep 30, 2021	42002	13	135	640
Oct 01, 2021	39900	2	48	490
Oct 02, 2021	39252	3	55	562
Oct 03, 2021	39020	18	160	884
Oct 04, 2021	37744	11	239	717
Oct 05, 2021	36951	11	0	724
Oct 06, 2021	34637	19	126	712
Oct 07, 2021	33777	18	175	802
Oct 08, 2021	33264	16	130	708
Oct 09, 2021	32801	17	195	679
Oct 10, 2021	32821	8	128	1062
Oct 11, 2021	32453	6	93	982
Oct 12, 2021	27283	5	90	976
Oct 13, 2021	22991	6	268	972
Oct 14, 2021	23537	3	169	1046
Oct 15, 2021	23126	3	29	986
Oct 16, 2021	23109	6	106	1003
Oct 17, 2021	22988	4	104	1240
Oct 18, 2021	22810	7	91	1726
Oct 19, 2021	20600	6	85	1574
Oct 20, 2021	20030	5	102	1386
Oct 21, 2021	19387	4	55	1430
Oct 22, 2021	19424	5	44	1303
Oct 23, 2021	19412	6	107	1211
Oct 24, 2021	19440	7	122	1982
Oct 25, 2021	19086	4	95	1921
Oct 26, 2021	18972	8	84	1921
Oct 27, 2021	18482	2	68	1703
Oct 28, 2021	18738	3	51	1790
Oct 29, 2021	18828	4	29	1598
Oct 30, 2021	18818	5	104	1506
Oct 31, 2021	18846	5	95	2298
Nov 01, 2021	18803	5	79	2110
Nov 02, 2021	18711	4	88	1950
Nov 03, 2021	18519	6	111	1956
Nov 04, 2021	18131	4	81	1811
Nov 05, 2021	18249	3	36	1536
Nov 06, 2021	16828	7	316	1606
Nov 07, 2021	16680	2	95	2177
Nov 08, 2021	16643	1	162	2640
Nov 09, 2021	16476	5	129	2565
Nov 10, 2021	16585	1	178	2430
Nov 11, 2021	16555	0	97	2354
Nov 12, 2021	16755	2	52	1975
Nov 13, 2021	17056	8	268	1992
Nov 14, 2021	16929	3	141	2852
Nov 15, 2021	16878	5	202	2748
Nov 16, 2021	16977	9	154	2433
Nov 17, 2021	17048	8	223	2238
Nov 18, 2021	17497	3	168	2481
Nov 19, 2021	18165	2	56	1869
Nov 20, 2021	18782	4	202	1833
Nov 21, 2021	19323	6	173	2849
Nov 22, 2021	19285	3	143	2442
Nov 23, 2021	20102	3	246	2399
Nov 24, 2021	20111	8	190	2176
Nov 25, 2021	18268	5	155	2271
Nov 26, 2021	19438	5	78	1933
Nov 27, 2021	21174	6	246	1831
Nov 28, 2021	23338	2	245	2769
Nov 29, 2021	23918	6	382	2383
Nov 30, 2021	28151	4	206	2131
Dec 01, 2021	36100	5	135	1983
Dec 02, 2021	46828	10	181	1892
Dec 03, 2021	60861	5	74	1613
Dec 04, 2021	74630	10	354	1428
Dec 05, 2021	83084	6	354	2133
Dec 06, 2021	86228	18	333	1841
Dec 07, 2021	96072	7	325	1856
Dec 08, 2021	112560	9	359	1493
Dec 09, 2021	132563	3	0	1580
Dec 10, 2021	143034	22	639	1300
Dec 11, 2021	158534	7	682	1132
Dec 12, 2021	163628	5	599	1796
Dec 13, 2021	176840	2	1184	1532
Dec 14, 2021	170400	5	880	1135
Dec 15, 2021	191096	7	1158	1363
Dec 16, 2021	210135	10	425	1367
Dec 17, 2021	210315	2	552	1107
Dec 18, 2021	209475	18	2318	994
Dec 19, 2021	206713	11	2345	1502
Dec 20, 2021	199346	13	2642	1275
Dec 21, 2021	197925	21	2515	1179
Dec 22, 2021	209618	24	2870	1089
Dec 23, 2021	188196	12	2627	1137
Dec 24, 2021	206962	9	1150	964
Dec 25, 2021	213945	12	4956	1008
Dec 26, 2021	210267	24	6441	1369
Dec 27, 2021	205975	13	6685	1266
Dec 28, 2021	198864	11	8617	1193
Dec 29, 2021	196574	56	9748	1183
Dec 30, 2021	195825	38	7401	1177
Dec 31, 2021	192601	4	3978	1046
Jan 01, 2022	193409	13	12668	1186
Jan 02, 2022	183688	16	12935	1964
Jan 03, 2022	159544	33	9970	1748
Jan 04, 2022	153388	38	10076	1559
Jan 05, 2022	152891	3	10219	1645
Jan 06, 2022	151800	42	7277	1699
Jan 07, 2022	148539	35	2887	1893
Jan 08, 2022	147754	17	9887	2520
Jan 09, 2022	146649	45	9983	4223
Jan 10, 2022	144355	36	8499	4187
Jan 11, 2022	142810	38	8822	4375
Jan 12, 2022	138326	59	8006	4359
Jan 13, 2022	106883	42	6246	5233
Jan 14, 2022	100861	17	2622	4792
Jan 15, 2022	102476	74	8150	5195
Jan 16, 2022	94862	67	6684	9513
Jan 17, 2022	91611	67	5821	9440
Jan 18, 2022	90653	52	4708	10154
Jan 19, 2022	85166	64	5614	10191
Jan 20, 2022	84487	67	4026	10873
Jan 21, 2022	79177	63	1302	10281
Jan 22, 2022	79652	82	5218	10743
Jan 23, 2022	75627	65	4228	17643
Jan 24, 2022	74500	52	3895	17606
Jan 25, 2022	73368	63	3390	17560
Jan 26, 2022	66410	61	3138	19547
Jan 27, 2022	67019	92	2134	20698
Jan 28, 2022	67178	16	1366	19491
Jan 29, 2022	67243	60	3125	19098
Jan 30, 2022	65299	62	2805	32258
Jan 31, 2022	53668	80	5499	32072
Feb 01, 2022	53601	28	2412	32013
Feb 02, 2022	55856	45	4438	32015
Feb 03, 2022	54849	72	937	33191
Feb 04, 2022	49967	28	1093	27462
Feb 05, 2022	49057	79	2195	24936
Feb 06, 2022	47878	13	2130	42657
Feb 07, 2022	46895	28	2006	41565
Feb 08, 2022	40745	34	1192	38428
Feb 09, 2022	43514	41	1401	35978
Feb 10, 2022	44090	30	678	35234
Feb 11, 2022	43781	11	485	29313
Feb 12, 2022	42351	40	1233	26272
Feb 13, 2022	42499	33	1097	42721
Feb 14, 2022	37406	17	1260	39816
Feb 15, 2022	36837	30	1529	36232
Feb 16, 2022	38370	18	1948	33600
Feb 17, 2022	38873	21	649	31474
Feb 18, 2022	38210	16	121	26103
Feb 19, 2022	37228	30	1021	23224
Feb 20, 2022	37148	20	544	37720
Feb 21, 2022	36492	9	2114	33817
Feb 22, 2022	37049	13	364	31109
Feb 23, 2022	34211	15	511	27992
Feb 24, 2022	34847	16	368	26873
Feb 25, 2022	34023	3	166	21445
Feb 26, 2022	33018	14	567	19448
Feb 27, 2022	32298	14	567	30861
Feb 28, 2022	31521	14	567	27264
Mar 01, 2022	25222	14	567	24111
Mar 02, 2022	25440	14	567	22101
Mar 03, 2022	25758	15	567	21739
Mar 04, 2022	24551	15	567	17248
Mar 05, 2022	23678	22	307	15487
Mar 06, 2022	24559	22	307	25031
Mar 07, 2022	21020	22	307	21403
Mar 08, 2022	17490	23	308	19299
Mar 09, 2022	19229	23	308	17788
Mar 10, 2022	18852	23	308	17190
Mar 11, 2022	19719	23	308	14417
Mar 12, 2022	20351	14	210	12607
Mar 13, 2022	18341	14	210	19787
Mar 14, 2022	18112	14	210	17020
Mar 15, 2022	18219	15	211	16198
Mar 16, 2022	14743	15	211	14727
Mar 17, 2022	15052	15	211	14296
Mar 18, 2022	15029	15	211	11884
Mar 19, 2022	15186	14	218	10936
Mar 20, 2022	14886	13	192	16540
Mar 21, 2022	14628	14	213	13314
Mar 22, 2022	14230	14	200	11867
Mar 23, 2022	12996	10	174	9931
Mar 24, 2022	13765	9	146	9253
Mar 25, 2022	13836	10	167	7040
Mar 26, 2022	14573	0	0	6230
Mar 27, 2022	13723	0	0	9856
Mar 28, 2022	13636	0	0	7854
Mar 29, 2022	13163	0	0	7170
Mar 30, 2022	13699	0	0	6172
Mar 31, 2022	15100	0	0	6010
Apr 01, 2022	12531	0	0	4597
Apr 02, 2022	12742	24	864	4227
Apr 03, 2022	11781	0	0	6503
Apr 04, 2022	11506	0	0	5262
Apr 05, 2022	11422	0	0	4807
Apr 06, 2022	12629	0	0	4075
Apr 07, 2022	13083	0	0	3813
Apr 08, 2022	12358	0	0	3015
Apr 09, 2022	13443	17	661	2851
Apr 10, 2022	12668	0	0	4485
Apr 11, 2022	11447	0	0	3743
Apr 12, 2022	11706	0	0	3108
Apr 13, 2022	10995	0	0	2856
Apr 14, 2022	11801	0	0	2807
Apr 15, 2022	12941	0	0	2258
Apr 16, 2022	13054	0	0	2113
Apr 17, 2022	13489	16	519	3195
Apr 18, 2022	13957	0	0	2585
Apr 19, 2022	14611	0	0	2237
Apr 20, 2022	16180	0	0	2046
Apr 21, 2022	19472	0	0	1680
Apr 22, 2022	22891	0	0	1922
Apr 23, 2022	26819	9	485	2095
Apr 24, 2022	29311	0	0	3240
Apr 25, 2022	30086	0	0	2492
Apr 26, 2022	34150	0	0	2159
Apr 27, 2022	37860	0	0	1989
Apr 28, 2022	39518	0	0	1911
Apr 29, 2022	38797	0	0	1761
Apr 30, 2022	42731	53	592	1645
May 01, 2022	45285	0	0	2559
May 02, 2022	46378	0	0	2344
May 03, 2022	40186	0	0	2168
May 04, 2022	44808	0	0	2017
May 05, 2022	48672	0	0	2084
May 06, 2022	53603	0	0	2118
May 07, 2022	58576	4	573	2204
May 08, 2022	61812	0	0	3383
May 09, 2022	63237	0	0	3228
May 10, 2022	66393	0	0	2974
May 11, 2022	69872	0	0	2836
May 12, 2022	73724	0	0	2900
May 13, 2022	76274	0	0	2975
May 14, 2022	78349	9	510	3076
May 15, 2022	80342	0	0	4707
May 16, 2022	80177	0	0	4716
May 17, 2022	78602	0	0	4600
May 18, 2022	80191	0	0	4268
May 19, 2022	80791	0	0	4552
May 20, 2022	81174	0	0	4536
May 21, 2022	59118	7	668	4335
May 22, 2022	59988	0	0	7045
May 23, 2022	57471	0	0	6366
May 24, 2022	54600	0	0	6065
May 25, 2022	55077	0	0	5745
May 26, 2022	50253	0	0	6204
May 27, 2022	48942	0	0	5349
May 28, 2022	53002	7	886	5549
May 29, 2022	49096	0	322	8820
May 30, 2022	45730	0	322	8336
May 31, 2022	44024	0	322	7775
Jun 01, 2022	42203	0	322	7193
Jun 02, 2022	40594	0	322	7088
Jun 03, 2022	33552	0	322	6332
Jun 04, 2022	31952	15	345	5904
Jun 05, 2022	30551	3	782	9926
Jun 06, 2022	27723	3	782	8852
Jun 07, 2022	25556	3	782	8941
Jun 08, 2022	25065	3	782	8202
Jun 09, 2022	23897	3	782	8950
Jun 10, 2022	23329	3	782	8305
Jun 11, 2022	22482	3	785	7900
Jun 12, 2022	22233	8	1992	12888
Jun 13, 2022	20660	9	1992	11438
Jun 14, 2022	19337	8	1992	10592
Jun 15, 2022	18286	8	1992	9980
Jun 16, 2022	15851	8	1992	10073
Jun 17, 2022	14798	8	1992	8630
Jun 18, 2022	14573	8	1995	8171
Jun 19, 2022	14102	11	2986	13416
Jun 20, 2022	13851	11	2986	11685
Jun 21, 2022	13571	10	2986	10770
Jun 22, 2022	13520	11	2986	9701
Jun 23, 2022	13409	11	2986	9226
Jun 24, 2022	13204	9	2986	7546
Jun 25, 2022	13271	12	2987	6885
Jun 26, 2022	13318	17	3905	11791
Jun 27, 2022	12972	17	3905	8587
Jun 28, 2022	12257	17	3905	11813
Jun 29, 2022	11739	17	3905	9858
Jun 30, 2022	11588	17	3905	9217
Jul 01, 2022	9274	17	3905	7879
Jul 02, 2022	9542	17	3910	6909
Jul 03, 2022	9590	14	2046	8653
Jul 04, 2022	9131	15	2046	11748
Jul 05, 2022	8344	14	2046	10238
Jul 06, 2022	7798	14	2046	8795
Jul 07, 2022	8252	16	2046	8551
Jul 08, 2022	8211	14	2046	7422
Jul 09, 2022	8211	12	2047	6931
Jul 10, 2022	8211	10	852	10936
Jul 11, 2022	7355	9	852	9560
Jul 12, 2022	7376	9	872	8638
Jul 13, 2022	7761	9	832	8091
Jul 14, 2022	7432	9	852	7854
Jul 15, 2022	7324	9	852	6612
Jul 16, 2022	7324	9	855	6288
Jul 17, 2022	7324	7	654	9598
Jul 18, 2022	6675	7	654	8129
Jul 19, 2022	5964	7	654	7434
Jul 20, 2022	5913	7	654	6219
Jul 21, 2022	6002	6	654	6158
Jul 22, 2022	5974	7	654	5345
Jul 23, 2022	5974	7	657	5289
Jul 24, 2022	5974	0	0	9024
Jul 25, 2022	6179	0	0	7889
Jul 26, 2022	6167	0	0	7572
Jul 27, 2022	6299	0	0	7139
Jul 28, 2022	4931	0	0	7411
Jul 29, 2022	4966	36	1826	6867
Jul 30, 2022	5531	0	68	6541
Jul 31, 2022	5689	13	199	10378
Aug 01, 2022	5847	4	153	8837
Aug 02, 2022	6003	3	286	8430
Aug 03, 2022	6159	0	0	6601
Aug 04, 2022	6315	0	0	6602
Aug 05, 2022	6476	11	250	8184
Aug 06, 2022	6735	1	504	7646
Aug 07, 2022	7018	6	191	7532
Aug 08, 2022	7287	2	75	12328
Aug 09, 2022	7283	4	374	10558
Aug 10, 2022	7442	0	0	10033
Aug 11, 2022	7969	0	0	9376
Aug 12, 2022	8277	1	621	9495
Aug 13, 2022	8511	0	0	9218
Aug 14, 2022	8674	0	74	8458
Aug 15, 2022	8780	0	0	13732
Aug 16, 2022	9028	0	0	11781
Aug 17, 2022	5590	4	962	11135
Aug 18, 2022	5842	0	0	0
Aug 19, 2022	6105	0	0	18721
Aug 20, 2022	6323	0	0	7626
Aug 21, 2022	6320	0	0	6902
Aug 22, 2022	6588	0	0	0
Aug 23, 2022	6793	0	0	19792
Aug 24, 2022	5547	0	0	9411
Aug 25, 2022	5588	0	0	0
Aug 26, 2022	5582	2	0	16290
Aug 27, 2022	5523	3	339	6900
Aug 28, 2022	5415	0	0	0
Aug 29, 2022	5227	0	0	15291
Aug 30, 2022	5241	0	0	7843
Aug 31, 2022	5316	0	0	0
Sep 01, 2022	5615	0	0	13154
Sep 02, 2022	5858	0	0	0
Sep 03, 2022	6023	3	182	11084
Sep 04, 2022	6179	0	0	4775
Sep 05, 2022	6284	0	0	6659
Sep 06, 2022	6281	0	0	5660
Sep 07, 2022	5380	0	0	5095
Sep 08, 2022	5655	0	0	0
Sep 09, 2022	5984	0	0	8943
Sep 10, 2022	6211	3	341	3957
Sep 11, 2022	6339	0	0	3619
Sep 12, 2022	6419	0	0	0
Sep 13, 2022	6658	0	0	10670
Sep 14, 2022	6920	0	0	4136
Sep 15, 2022	6110	0	0	3661
Sep 16, 2022	6389	0	0	3615
Sep 17, 2022	6643	5	143	3055
Sep 18, 2022	6643	0	0	0
Sep 19, 2022	6905	0	0	0
Sep 20, 2022	6901	0	0	9698
Sep 21, 2022	7200	0	0	2669
Sep 22, 2022	5577	0	0	2231
Sep 23, 2022	5729	0	0	1939
Sep 24, 2022	6051	0	101	0
Sep 25, 2022	6118	0	0	5148
Sep 26, 2022	6354	0	0	3274
Sep 27, 2022	6668	0	0	4565
Sep 28, 2022	6991	0	0	0
Sep 29, 2022	7319	0	0	7462
Sep 30, 2022	7627	0	0	3168
Oct 01, 2022	7627	3	114	2977
Oct 02, 2022	7627	0	0	2799
Oct 03, 2022	7950	0	0	4139
Oct 04, 2022	8350	0	0	0
Oct 05, 2022	5442	0	0	6565
Oct 06, 2022	5729	0	0	2719
Oct 07, 2022	6088	0	0	2674
Oct 08, 2022	6349	0	108	2544
Oct 09, 2022	6552	0	0	2669
Oct 10, 2022	6686	0	0	4096
Oct 11, 2022	7046	0	0	3433
Oct 12, 2022	7407	0	0	3064
Oct 13, 2022	7825	0	0	3026
Oct 14, 2022	8221	0	0	2939
Oct 15, 2022	8606	2	441	0
Oct 16, 2022	8606	0	0	5715
Oct 17, 2022	8980	0	0	13276
Oct 18, 2022	9377	0	0	0
Oct 19, 2022	9801	0	0	8169
Oct 20, 2022	10207	0	0	4036
Oct 21, 2022	10612	2	0	4222
Oct 22, 2022	10612	2	109	7620
Oct 23, 2022	10824	0	0	5520
Oct 24, 2022	11305	0	0	5418
Oct 25, 2022	11674	0	0	5623
Oct 26, 2022	12023	0	0	0
Oct 27, 2022	12394	0	0	10304
Oct 28, 2022	12750	0	0	5021
Oct 29, 2022	12927	3	97	0
Oct 30, 2022	13343	0	0	14528
Oct 31, 2022	13491	0	0	5605
Nov 01, 2022	13834	0	0	4865
Nov 02, 2022	14210	0	0	4334
Nov 03, 2022	14679	0	0	0
Nov 04, 2022	14868	0	0	7420
Nov 05, 2022	14868	2	192	5244
Nov 06, 2022	15073	0	0	5180
Nov 07, 2022	15791	0	0	7836
Nov 08, 2022	16227	0	0	7496
Nov 09, 2022	16747	0	0	6762
Nov 10, 2022	17232	0	0	5336
Nov 11, 2022	17841	0	0	5533
Nov 12, 2022	18305	0	81	8947
Nov 13, 2022	18568	0	0	6535
Nov 14, 2022	19466	0	0	5802
Nov 15, 2022	20645	0	0	5611
Nov 16, 2022	21288	0	0	5297
Nov 17, 2022	21746	0	0	4342
Nov 18, 2022	22344	0	0	4352
Nov 19, 2022	22344	1	73	7735
Nov 20, 2022	22344	0	0	5912
Nov 21, 2022	23220	0	0	5493
Nov 22, 2022	23600	0	0	5050
Nov 23, 2022	24443	0	0	4852
Nov 24, 2022	24957	0	0	3906
Nov 25, 2022	25355	0	0	3946
Nov 26, 2022	25355	3	137	6425
Nov 27, 2022	25778	0	0	4820
Nov 28, 2022	26046	0	0	7309
Nov 29, 2022	26511	0	0	1211
Nov 30, 2022	26956	0	0	3883
Dec 01, 2022	27238	0	0	3193
Dec 02, 2022	27550	0	0	3318
Dec 03, 2022	27799	7	195	0
Dec 04, 2022	27942	0	0	9392
Dec 05, 2022	28047	0	0	0
Dec 06, 2022	28272	0	0	7072
Dec 07, 2022	28573	0	0	3210
Dec 08, 2022	29366	0	0	2628
Dec 09, 2022	29705	0	0	2552
Dec 10, 2022	30014	5	94	0
Dec 11, 2022	30206	0	0	0
Dec 12, 2022	30206	0	0	0
Dec 13, 2022	30416	0	0	0
Dec 14, 2022	30817	0	0	12564
Dec 15, 2022	31076	0	0	6807
Dec 16, 2022	31494	0	0	2915
Dec 17, 2022	31529	0	0	4578
Dec 18, 2022	31529	1	74	3605
Dec 19, 2022	31529	0	0	3572
Dec 20, 2022	31912	0	0	3353
Dec 21, 2022	31912	0	0	3323
Dec 22, 2022	32199	0	0	3122
Dec 23, 2022	32607	0	0	3184
Dec 24, 2022	32973	3	84	5283
Dec 25, 2022	33125	0	0	4287
Dec 26, 2022	33207	0	0	3767
Dec 27, 2022	33361	0	0	3848
Dec 28, 2022	33506	0	0	0
Dec 29, 2022	33506	0	0	7093
Dec 30, 2022	33924	0	0	3889
Dec 31, 2022	34128	3	2488	6752
Jan 01, 2023	34245	0	0	5186
Jan 02, 2023	34292	0	0	4458
Jan 03, 2023	34380	0	0	3703
Jan 04, 2023	34405	0	0	3277
Jan 05, 2023	34762	0	0	2385
Jan 06, 2023	34976	0	0	2929
Jan 07, 2023	34976	11	61	4074
Jan 08, 2023	35008	0	0	5084
Jan 09, 2023	35214	0	0	3985
Jan 10, 2023	35214	0	0	3604
Jan 11, 2023	35816	0	0	3164
Jan 12, 2023	35986	0	0	2578
Jan 13, 2023	36169	0	0	2530
Jan 14, 2023	36533	6	78	4091
Jan 15, 2023	36713	0	0	3118
Jan 16, 2023	36817	0	0	2756
Jan 17, 2023	37040	0	0	0
Jan 18, 2023	37914	0	0	4944
Jan 19, 2023	38453	0	0	0
Jan 20, 2023	38702	0	0	4047
Jan 21, 2023	38702	4	121	3094
Jan 22, 2023	39066	0	0	2409
Jan 23, 2023	39173	0	0	2041
Jan 24, 2023	39428	0	0	2101
Jan 25, 2023	39702	11	0	1844
Jan 26, 2023	39953	0	0	1608
Jan 27, 2023	40183	0	0	1600
Jan 28, 2023	40183	3	129	2395
Jan 29, 2023	40315	0	0	1915
Jan 30, 2023	40619	0	0	1677
Jan 31, 2023	40865	0	0	1607
Feb 01, 2023	41100	0	0	1567
Feb 02, 2023	41357	0	0	1502
Feb 03, 2023	41600	0	0	1398
Feb 04, 2023	41600	4	187	2091
Feb 05, 2023	41600	0	0	1615
Feb 06, 2023	42110	0	0	1606
Feb 07, 2023	42561	0	0	1470
Feb 08, 2023	42909	0	0	3823
Feb 09, 2023	43245	0	0	0
Feb 10, 2023	43522	0	0	183
Feb 11, 2023	43721	1	169	2002
Feb 12, 2023	43811	0	0	1639
Feb 13, 2023	43865	0	0	1483
Feb 14, 2023	44247	0	0	1410
Feb 15, 2023	44247	0	0	1318
Feb 16, 2023	44976	0	0	0
Feb 17, 2023	45248	0	0	0
Feb 18, 2023	45248	10	164	4433
Feb 19, 2023	45248	0	0	0
Feb 20, 2023	45984	0	0	3173
Feb 21, 2023	45984	0	0	1585
Feb 22, 2023	45984	0	0	1674
Feb 23, 2023	45984	0	0	0
Feb 24, 2023	46282	0	0	3396
Feb 25, 2023	46477	4	207	2668
Feb 26, 2023	47222	0	0	2210
Feb 27, 2023	48136	0	0	2039
Feb 28, 2023	48472	0	0	2091
Mar 01, 2023	48762	0	0	1963
Mar 02, 2023	49356	0	0	0
Mar 03, 2023	49788	0	0	0
Mar 04, 2023	49788	10	260	7102
Mar 05, 2023	49788	0	0	2710
Mar 06, 2023	50756	0	0	2592
Mar 07, 2023	50943	0	0	2602
Mar 08, 2023	51540	0	0	2722
Mar 09, 2023	51966	0	0	0
Mar 10, 2023	52352	0	0	5428
Mar 11, 2023	52352	7	239	4092
Mar 12, 2023	52352	0	0	3657
Mar 13, 2023	53218	0	0	3426
Mar 14, 2023	53218	0	0	3676
Mar 15, 2023	53218	0	0	3819
Mar 16, 2023	54477	0	0	3535
Mar 17, 2023	54477	0	0	3596
Mar 18, 2023	54477	1	201	5249
Mar 19, 2023	54477	0	0	4031
Mar 20, 2023	54478	0	0	3712
Mar 21, 2023	55960	0	0	3546
Mar 22, 2023	56158	0	0	3237
Mar 23, 2023	56538	0	0	0
Mar 24, 2023	56897	0	0	5760
Mar 25, 2023	57193	0	0	4205
Mar 26, 2023	57193	4	229	0
Mar 27, 2023	57519	0	0	5627
Mar 28, 2023	57791	0	0	2524
Mar 29, 2023	57791	0	0	2180
Mar 30, 2023	57791	0	0	0
Mar 31, 2023	58106	0	0	0
Apr 01, 2023	58106	11	221	6226
Apr 02, 2023	58106	0	0	1850
Apr 03, 2023	59210	0	0	0
Apr 04, 2023	59454	0	0	2993
Apr 05, 2023	59713	0	0	1170
Apr 06, 2023	60000	0	0	1047
Apr 07, 2023	60000	0	0	1146
Apr 08, 2023	60000	9	129	1456
Apr 09, 2023	60000	0	0	0
Apr 10, 2023	60000	0	0	0
Apr 11, 2023	60136	0	0	0
Apr 12, 2023	60411	0	0	0
Apr 13, 2023	60411	0	0	4096
Apr 14, 2023	60748	0	0	788
Apr 15, 2023	60748	11	265	1201
Apr 16, 2023	60748	0	0	773
Apr 17, 2023	61362	0	0	597
Apr 18, 2023	61362	0	0	566
Apr 19, 2023	61362	0	0	561
Apr 20, 2023	61362	0	0	428
Apr 21, 2023	61362	0	0	0
Apr 22, 2023	61362	9	186	979
Apr 23, 2023	61362	0	0	0
Apr 24, 2023	61362	0	0	795
Apr 25, 2023	61362	0	0	383
Apr 26, 2023	61362	0	0	342
Apr 27, 2023	61362	0	0	0
Apr 28, 2023	61362	0	0	0
Apr 29, 2023	61362	5	98	0
Apr 30, 2023	61362	0	0	1276
May 01, 2023	61362	0	0	240
May 02, 2023	61362	0	0	175
May 03, 2023	61362	0	0	203
May 04, 2023	61362	0	0	134
May 05, 2023	61362	0	0	152
May 06, 2023	61362	3	100	180
May 07, 2023	61362	0	0	240
May 08, 2023	61362	0	0	141
May 09, 2023	61362	0	0	0
May 10, 2023	61362	0	0	305
May 11, 2023	61362	0	0	0
May 12, 2023	61362	0	0	255
May 13, 2023	61362	5	62	181
May 14, 2023	61362	0	0	0
May 15, 2023	61362	0	0	219
May 16, 2023	61362	0	0	97
May 17, 2023	61362	0	0	104
May 18, 2023	61362	0	0	0
May 19, 2023	61362	0	0	186
May 20, 2023	61362	3	38	123
May 21, 2023	61362	0	0	112
May 22, 2023	61362	0	0	63
May 23, 2023	61362	0	0	74
May 24, 2023	61362	0	0	77
May 25, 2023	61362	0	0	54
May 26, 2023	61362	0	0	64
May 27, 2023	61362	0	0	85
May 28, 2023	61362	0	0	66
May 29, 2023	61362	0	0	42
May 30, 2023	61362	0	0	68
May 31, 2023	61362	0	0	36
Jun 01, 2023	61362	0	0	43
Jun 02, 2023	61362	0	0	33
Jun 03, 2023	61362	0	0	60
Jun 04, 2023	61362	0	0	52
Jun 05, 2023	61362	0	0	34
Jun 06, 2023	61362	0	0	32
Jun 07, 2023	61362	0	0	42
Jun 08, 2023	61362	0	0	24
Jun 09, 2023	61362	0	0	27
Jun 10, 2023	61362	0	0	42
Jun 11, 2023	61362	0	0	31
Jun 12, 2023	61362	0	0	26
Jun 13, 2023	61362	0	0	22
Jun 14, 2023	61362	0	0	23
Jun 15, 2023	61362	0	0	24
Jun 16, 2023	61362	0	0	22
Jun 17, 2023	61362	0	0	51
Jun 18, 2023	61362	0	0	28
Jun 19, 2023	61362	0	0	38
Jun 20, 2023	61362	0	0	26
Jun 21, 2023	61362	0	0	27
Jun 22, 2023	61362	0	0	20
Jun 23, 2023	61362	0	0	20
Jun 24, 2023	61362	0	0	32
Jun 25, 2023	61362	0	0	17
Jun 26, 2023	61362	0	0	16
Jun 27, 2023	61362	0	0	19
Jun 28, 2023	61362	0	0	29
Jun 29, 2023	61362	0	0	25
Jun 30, 2023	61362	0	0	18
Jul 01, 2023	61362	0	0	26
Jul 02, 2023	61362	0	0	30
Jul 03, 2023	61362	0	0	15
Jul 04, 2023	61362	0	0	23
Jul 05, 2023	61362	0	0	19
Jul 06, 2023	61362	0	0	16
Jul 07, 2023	61362	0	0	0
Jul 08, 2023	61362	0	0	34
Jul 09, 2023	61362	0	0	0
Jul 10, 2023	61362	0	0	41
Jul 11, 2023	61362	0	0	18
Jul 12, 2023	61362	0	0	12
Jul 13, 2023	61362	0	0	24
Jul 14, 2023	61362	0	0	22
Jul 15, 2023	61362	0	0	38
Jul 16, 2023	61362	0	0	0
Jul 17, 2023	61362	0	0	32
Jul 18, 2023	61362	0	0	20
Jul 19, 2023	61362	0	0	22
Jul 20, 2023	61362	0	0	13
Jul 21, 2023	61362	0	0	21
Jul 22, 2023	61362	0	0	31
Jul 23, 2023	61362	0	0	29
Jul 24, 2023	61362	0	0	23
Jul 25, 2023	61362	0	0	28
Jul 26, 2023	61362	0	0	0
Jul 27, 2023	61362	0	0	55
Jul 28, 2023	61362	0	0	44
Jul 29, 2023	61362	0	0	55
Jul 30, 2023	61362	0	0	44
Jul 31, 2023	61362	0	0	36
Aug 01, 2023	61362	0	0	50
Aug 02, 2023	61362	0	0	44
Aug 03, 2023	61362	0	0	44
Aug 04, 2023	61362	0	0	43
Aug 05, 2023	61362	0	0	71
Aug 06, 2023	61362	0	0	50
Aug 07, 2023	61362	0	0	50
Aug 08, 2023	61362	0	0	0
Aug 09, 2023	61362	0	0	0
Aug 10, 2023	61362	0	0	0
Aug 11, 2023	61362	0	0	224
Aug 12, 2023	61362	0	0	0
Aug 13, 2023	61362	0	0	0
Aug 14, 2023	61362	0	0	188
Aug 15, 2023	61362	0	0	63
Aug 16, 2023	61362	0	0	69
Aug 17, 2023	61362	0	0	0
Aug 18, 2023	61362	0	0	104
Aug 19, 2023	61362	0	0	0
Aug 20, 2023	61362	0	0	0
Aug 21, 2023	61362	0	0	228
Aug 22, 2023	61362	0	0	0
Aug 23, 2023	61362	0	0	0
Aug 24, 2023	61362	0	0	215
Aug 25, 2023	61362	0	0	73
Aug 26, 2023	61362	0	0	0
Aug 27, 2023	61362	0	0	0
Aug 28, 2023	61362	0	0	0
Aug 29, 2023	61362	0	0	371
Aug 30, 2023	61362	0	0	0
Aug 31, 2023	61362	0	0	83
Sep 01, 2023	61362	0	0	0
Sep 02, 2023	61362	0	0	0
Sep 03, 2023	61362	0	0	0
Sep 04, 2023	61362	0	0	0
Sep 05, 2023	61362	0	0	0
Sep 06, 2023	61362	0	0	491
Sep 07, 2023	61362	0	0	0
Sep 08, 2023	61362	0	0	0
Sep 09, 2023	61362	0	0	0
Sep 10, 2023	61362	0	0	0
Sep 11, 2023	61362	0	0	0
Sep 12, 2023	61362	0	0	0
Sep 13, 2023	61362	0	0	0
Sep 14, 2023	61362	0	0	649
Sep 15, 2023	61362	0	0	0
Sep 16, 2023	61362	0	0	0
Sep 17, 2023	61362	0	0	0
Sep 18, 2023	61362	0	0	0
Sep 19, 2023	61362	0	0	0
Sep 20, 2023	61362	0	0	0
Sep 21, 2023	61362	0	0	790
Sep 22, 2023	61362	0	0	0
Sep 23, 2023	61362	0	0	0
Sep 24, 2023	61362	0	0	0
Sep 25, 2023	61362	0	0	0
Sep 26, 2023	61362	0	0	0
Sep 27, 2023	61362	0	0	0
Sep 28, 2023	61362	0	0	0
Sep 29, 2023	61362	0	0	0
Sep 30, 2023	61362	0	0	864
Oct 01, 2023	61362	0	0	0
Oct 02, 2023	61362	0	0	0
Oct 03, 2023	61362	0	0	0
Oct 04, 2023	61362	0	0	0
Oct 05, 2023	61362	0	0	0
Oct 06, 2023	61362	0	0	1354
Oct 07, 2023	61362	0	0	0
Oct 08, 2023	61362	0	0	0
Oct 09, 2023	61362	0	0	0
Oct 10, 2023	61362	0	0	0
Oct 11, 2023	61362	0	0	0
Oct 12, 2023	61362	0	0	0
Oct 13, 2023	61362	0	0	1774
Oct 14, 2023	61362	0	0	0
Oct 15, 2023	61362	0	0	0
Oct 16, 2023	61362	0	0	0
Oct 17, 2023	61362	0	0	0
Oct 18, 2023	61362	0	0	0
Oct 19, 2023	61362	0	0	0
Oct 20, 2023	61362	0	0	2091
Oct 21, 2023	61362	0	0	0
Oct 22, 2023	61362	0	0	0
Oct 23, 2023	61362	0	0	0
Oct 24, 2023	61362	0	0	0
Oct 25, 2023	61362	0	0	0
Oct 26, 2023	61362	0	0	0
Oct 27, 2023	61362	0	0	2952
Oct 28, 2023	61362	0	0	3418
Oct 29, 2023	61362	0	0	0
Oct 30, 2023	61362	0	0	0
Oct 31, 2023	61362	0	0	0
Nov 01, 2023	61362	0	0	0
Nov 02, 2023	61362	0	0	0
Nov 03, 2023	61362	0	0	0
Nov 04, 2023	61362	0	0	0
Nov 05, 2023	61362	0	0	0
Nov 06, 2023	61362	0	0	0
Nov 07, 2023	61362	0	0	0
Nov 08, 2023	61362	0	0	0
Nov 09, 2023	61362	0	0	0
Nov 10, 2023	61362	0	0	0
Nov 11, 2023	61362	0	0	3539
Nov 12, 2023	61362	0	0	8006
Nov 13, 2023	61362	0	0	0
Nov 14, 2023	61362	0	0	0
Nov 15, 2023	61362	0	0	0
Nov 16, 2023	61362	0	0	0
Nov 17, 2023	61362	0	0	0
Nov 18, 2023	61362	0	0	0
Nov 19, 2023	61362	0	0	0
Nov 20, 2023	61362	0	0	0
Nov 21, 2023	61362	0	0	0
Nov 22, 2023	61362	0	0	0
Nov 23, 2023	61362	0	0	0
Nov 24, 2023	61362	0	0	0
Nov 25, 2023	61362	0	0	0
Nov 26, 2023	61362	0	0	0
Nov 27, 2023	61362	0	0	0
Nov 28, 2023	61362	0	0	0
Nov 29, 2023	61362	0	0	0
Nov 30, 2023	61362	0	0	0
Dec 01, 2023	61362	0	0	0
Dec 02, 2023	61362	0	0	0
Dec 03, 2023	61362	0	0	0
Dec 04, 2023	61362	0	0	0
Dec 05, 2023	61362	0	0	0
Dec 06, 2023	61362	0	0	0
Dec 07, 2023	61362	0	0	0
Dec 08, 2023	61362	0	0	0
Dec 09, 2023	61362	0	0	0
Dec 10, 2023	61362	0	0	0
Dec 11, 2023	61362	0	0	0
Dec 12, 2023	61362	0	0	0
Dec 13, 2023	61362	0	0	0
Dec 14, 2023	61362	0	0	0
Dec 15, 2023	61362	0	0	0
Dec 16, 2023	61362	0	0	0
Dec 17, 2023	61362	0	0	0
Dec 18, 2023	61362	0	0	0
Dec 19, 2023	61362	0	0	0
Dec 20, 2023	61362	0	0	0
Dec 21, 2023	61362	0	0	0
Dec 22, 2023	61362	0	0	0
Dec 23, 2023	61362	0	0	0
Dec 24, 2023	61362	0	0	0
Dec 25, 2023	61362	0	0	0
Dec 26, 2023	61362	0	0	0
Dec 27, 2023	61362	0	0	0
Dec 28, 2023	61362	0	0	0
Dec 29, 2023	61362	0	0	0
Dec 30, 2023	61362	0	0	0
Dec 31, 2023	61362	0	0	0
Jan 01, 2024	61362	0	0	0
Jan 02, 2024	61362	0	0	0
Jan 03, 2024	61362	0	0	0
Jan 04, 2024	61362	0	0	0
Jan 05, 2024	61362	0	0	0
Jan 06, 2024	61362	0	0	0
Jan 07, 2024	61362	0	0	0
Jan 08, 2024	61362	0	0	0
Jan 09, 2024	61362	0	0	0
Jan 10, 2024	61362	0	0	0
Jan 11, 2024	61362	0	0	0
Jan 12, 2024	61362	0	0	0
Jan 13, 2024	61362	0	0	0
Jan 14, 2024	61362	0	0	0
Jan 15, 2024	61362	0	0	0
Jan 16, 2024	61362	0	0	0
Jan 17, 2024	61362	0	0	0
Jan 18, 2024	61362	0	0	0
Jan 19, 2024	61362	0	0	0
Jan 20, 2024	61362	0	0	0
Jan 21, 2024	61362	0	0	0
Jan 22, 2024	61362	0	0	0
Jan 23, 2024	61362	0	0	0
Jan 24, 2024	61362	0	0	0
Jan 25, 2024	61362	0	0	0
Jan 26, 2024	61362	0	0	0
Jan 27, 2024	61362	0	0	0
Jan 28, 2024	61362	0	0	0
Jan 29, 2024	61362	0	0	0
Jan 30, 2024	61362	0	0	0
Jan 31, 2024	61362	0	0	0
Feb 01, 2024	61362	0	0	0
Feb 02, 2024	61362	0	0	0
Feb 03, 2024	61362	0	0	0
Feb 04, 2024	61362	0	0	0
Feb 05, 2024	61362	0	0	0
Feb 06, 2024	61362	0	0	0
Feb 07, 2024	61362	0	0	0
Feb 08, 2024	61362	0	0	0
Feb 09, 2024	61362	0	0	0
Feb 10, 2024	61362	0	0	0
Feb 11, 2024	61362	0	0	0
Feb 12, 2024	61362	0	0	0
Feb 13, 2024	61362	0	0	0
Feb 14, 2024	61362	0	0	0
Feb 15, 2024	61362	0	0	0
Feb 16, 2024	61362	0	0	0
Feb 17, 2024	61362	0	0	0
Feb 18, 2024	61362	0	0	0
Feb 19, 2024	61362	0	0	0
Feb 20, 2024	61362	0	0	0
Feb 21, 2024	61362	0	0	0
Feb 22, 2024	61362	0	0	0
Feb 23, 2024	61362	0	0	0
Feb 24, 2024	61362	0	0	0
Feb 25, 2024	61362	0	0	0
Feb 26, 2024	61362	0	0	0
Feb 27, 2024	61362	0	0	0
Feb 28, 2024	61362	0	0	0
Feb 29, 2024	61362	0	0	0
Mar 01, 2024	61362	0	0	0
Mar 02, 2024	61362	0	0	0
Mar 03, 2024	61362	0	0	0
Mar 04, 2024	61362	0	0	0
Mar 05, 2024	61362	0	0	0
Mar 06, 2024	61362	0	0	0
Mar 07, 2024	61362	0	0	0
Mar 08, 2024	61362	NA	NA	0
Mar 09, 2024	61362	NA	NA	0
Mar 10, 2024	61362	NA	NA	0
Mar 11, 2024	61362	NA	NA	0
Mar 12, 2024	61362	NA	NA	0
Mar 13, 2024	61362	NA	NA	0
Mar 14, 2024	61362	NA	NA	0
Mar 15, 2024	61362	NA	NA	0
Mar 16, 2024	61362	NA	NA	0
Mar 17, 2024	61362	NA	NA	0
Mar 18, 2024	61362	NA	NA	0
Mar 19, 2024	61362	NA	NA	0
Mar 20, 2024	61362	NA	NA	0
Mar 21, 2024	61362	NA	NA	0
Mar 22, 2024	61362	NA	NA	0
Mar 23, 2024	61362	NA	NA	0
Mar 24, 2024	61362	NA	NA	NA
