Dates	Active	Deaths	Newcases	recover
Feb 15, 2020	0	0	0	0
Feb 16, 2020	0	0	0	0
Feb 17, 2020	0	0	2	0
Feb 18, 2020	0	0	0	0
Feb 19, 2020	0	0	0	0
Feb 20, 2020	0	0	1	0
Feb 21, 2020	0	0	0	0
Feb 22, 2020	0	0	0	0
Feb 23, 2020	0	0	1	0
Feb 24, 2020	0	0	0	0
Feb 25, 2020	0	0	1	0
Feb 26, 2020	2	0	9	0
Feb 27, 2020	2	0	3	0
Feb 28, 2020	2	0	1	0
Feb 29, 2020	4	0	1	0
Mar 01, 2020	4	0	7	0
Mar 02, 2020	4	0	5	0
Mar 03, 2020	5	0	20	0
Mar 04, 2020	5	0	131	0
Mar 05, 2020	5	0	63	1
Mar 06, 2020	5	2	60	0
Mar 07, 2020	5	0	147	0
Mar 08, 2020	6	1	47	0
Mar 09, 2020	15	0	144	1
Mar 10, 2020	17	2	131	0
Mar 11, 2020	18	1	99	0
Mar 12, 2020	19	1	97	0
Mar 13, 2020	26	1	91	0
Mar 14, 2020	31	1	138	0
Mar 15, 2020	51	2	172	0
Mar 16, 2020	182	1	122	0
Mar 17, 2020	245	2	102	11
Mar 18, 2020	292	7	120	0
Mar 19, 2020	439	5	221	0
Mar 20, 2020	485	1	180	0
Mar 21, 2020	629	7	303	0
Mar 22, 2020	758	6	265	0
Mar 23, 2020	856	1	132	5
Mar 24, 2020	947	6	339	3
Mar 25, 2020	1034	6	609	0
Mar 26, 2020	1171	4	269	2
Mar 27, 2020	1339	4	228	6
Mar 28, 2020	1454	4	226	0
Mar 29, 2020	1554	1	206	47
Mar 30, 2020	1620	21	316	0
Mar 31, 2020	1836	5	219	18
Apr 01, 2020	1997	2	266	31
Apr 02, 2020	2262	3	341	1
Apr 03, 2020	2520	16	546	5
Apr 04, 2020	2646	18	536	80
Apr 05, 2020	2899	7	106	48
Apr 06, 2020	3454	8	613	170
Apr 07, 2020	3549	26	710	38
Apr 08, 2020	3735	8	544	105
Apr 09, 2020	3852	26	673	155
Apr 10, 2020	3902	11	511	35
Apr 11, 2020	4162	24	981	266
Apr 12, 2020	4110	19	883	67
Apr 13, 2020	4307	17	783	283
Apr 14, 2020	4362	12	605	68
Apr 15, 2020	4824	11	587	199
Apr 16, 2020	5143	21	697	120
Apr 17, 2020	5122	32	913	67
Apr 18, 2020	5660	19	948	36
Apr 19, 2020	6308	58	1619	102
Apr 20, 2020	6742	21	930	103
Apr 21, 2020	7286	21	1062	83
Apr 22, 2020	7703	20	857	181
Apr 23, 2020	8479	40	1108	418
Apr 24, 2020	8925	31	1165	111
Apr 25, 2020	9580	43	1430	70
Apr 26, 2020	10103	15	1791	93
Apr 27, 2020	10586	39	2301	204
Apr 28, 2020	11058	24	1598	192
Apr 29, 2020	11747	8	607	680
Apr 30, 2020	11996	59	1733	246
May 01, 2020	13311	39	2624	402
May 02, 2020	13818	9	490	361
May 03, 2020	14498	34	1430	521
May 04, 2020	14814	32	1581	166
May 05, 2020	15716	41	1352	480
May 06, 2020	16370	31	1974	183
May 07, 2020	17574	37	1841	1066
May 08, 2020	18284	48	1932	279
May 09, 2020	20267	33	2193	254
May 10, 2020	21587	52	2603	149
May 11, 2020	22037	35	1743	343
May 12, 2020	23368	33	2164	344
May 13, 2020	25609	35	1748	796
May 14, 2020	25294	31	1356	460
May 15, 2020	26230	29	1446	725
May 16, 2020	27054	36	2076	461
May 17, 2020	27904	59	2801	581
May 18, 2020	29266	81	2429	567
May 19, 2020	30503	92	3039	612
May 20, 2020	31775	62	2964	1054
May 21, 2020	32881	81	3938	1046
May 22, 2020	34386	70	4065	1452
May 23, 2020	34642	85	4801	545
May 24, 2020	36228	71	3985	284
May 25, 2020	37657	101	4734	832
May 26, 2020	38150	70	4960	828
May 27, 2020	38739	68	4728	1089
May 28, 2020	39690	109	4646	2074
May 29, 2020	40358	86	5385	1826
May 30, 2020	40880	105	5834	1140
May 31, 2020	42687	111	6397	812
Jun 01, 2020	44777	92	6472	1027
Jun 02, 2020	47607	84	6825	1813
Jun 03, 2020	49789	101	5248	1205
Jun 04, 2020	53300	114	4443	1070
Jun 05, 2020	56144	142	5839	1383
Jun 06, 2020	59394	123	5358	884
Jun 07, 2020	63400	142	4944	890
Jun 08, 2020	67170	159	6604	663
Jun 09, 2020	71044	124	4951	1290
Jun 10, 2020	75053	93	4471	2083
Jun 11, 2020	78699	109	3946	1856
Jun 12, 2020	83129	62	3892	9809
Jun 13, 2020	79700	154	4044	1679
Jun 14, 2020	84762	61	2775	1986
Jun 15, 2020	87923	76	3138	2669
Jun 16, 2020	89583	86	4072	2047
Jun 17, 2020	93233	51	3557	778
Jun 18, 2020	97690	143	2825	2168
Jun 19, 2020	100324	95	4133	2121
Jun 20, 2020	104648	81	4339	4388
Jun 21, 2020	105087	81	4087	3566
Jun 22, 2020	105899	71	3387	2013
Jun 23, 2020	107723	97	3191	4283
Jun 24, 2020	107270	52	3344	3553
Jun 25, 2020	107607	80	2691	2861
Jun 26, 2020	107460	86	2980	2738
Jun 27, 2020	107784	63	3359	5718
Jun 28, 2020	106052	78	2751	2783
Jun 29, 2020	106775	68	2752	3096
Jun 30, 2020	106361	77	2521	2299
Jul 01, 2020	108100	72	2753	3892
Jul 02, 2020	108466	56	1979	8929
Jul 03, 2020	103543	69	2165	11471
Jul 04, 2020	95388	42	2145	4736
Jul 05, 2020	93746	51	2085	1819
Jul 06, 2020	95219	49	1917	3308
Jul 07, 2020	94522	48	1580	6008
Jul 08, 2020	91408	32	1587	4346
Jul 09, 2020	90358	42	1013	3781
Jul 10, 2020	89250	40	1332	4042
Jul 11, 2020	87892	33	1763	3566
Jul 12, 2020	86770	56	1209	5217
Jul 13, 2020	84234	25	1487	8739
Jul 14, 2020	77418	36	1226	2154
Jul 15, 2020	77360	21	1176	5927
Jul 16, 2020	73536	24	936	5000
Jul 17, 2020	70570	28	1063	14772
Jul 18, 2020	57666	33	1114	5767
Jul 19, 2020	53431	28	903	1653
Jul 20, 2020	53333	20	841	2101
Jul 21, 2020	52203	6	552	2438
Jul 22, 2020	51057	8	331	2707
Jul 23, 2020	50080	16	432	6608
Jul 24, 2020	44625	16	675	16813
Jul 25, 2020	29274	22	727	838
Jul 26, 2020	29626	18	782	3592
Jul 27, 2020	27189	17	842	1410
Jul 28, 2020	26691	15	634	2447
Jul 29, 2020	25279	16	539	1248
Jul 30, 2020	25112	16	531	1046
Jul 31, 2020	24941	18	730	850
Aug 01, 2020	24912	10	753	550
Aug 02, 2020	24908	15	626	296
Aug 03, 2020	24935	9	747	524
Aug 04, 2020	24827	6	670	4889
Aug 05, 2020	20597	7	498	1772
Aug 06, 2020	19530	16	617	2041
Aug 07, 2020	18253	11	613	1505
Aug 08, 2020	17573	8	513	644
Aug 09, 2020	17548	10	630	516
Aug 10, 2020	17555	12	586	482
Aug 11, 2020	17588	4	591	1947
Aug 12, 2020	16353	9	496	867
Aug 13, 2020	16229	11	450	1155
Aug 14, 2020	15685	12	482	409
Aug 15, 2020	16014	7	445	677
Aug 16, 2020	16001	9	415	2786
Aug 17, 2020	13706	1	319	922
Aug 18, 2020	13385	4	264	2119
Aug 19, 2020	11868	6	213	676
Aug 20, 2020	11697	4	300	775
Aug 21, 2020	11542	21	441	1738
Aug 22, 2020	10378	10	424	519
Aug 23, 2020	10446	7	498	993
Aug 24, 2020	9940	5	513	1596
Aug 25, 2020	8783	2	484	514
Aug 26, 2020	8739	3	394	622
Aug 27, 2020	8555	5	330	376
Aug 28, 2020	8585	9	426	403
Aug 29, 2020	8500	6	196	207
Aug 30, 2020	8553	5	516	135
Aug 31, 2020	8625	3	584	288
Sep 01, 2020	8633	6	526	489
Sep 02, 2020	8564	4	539	466
Sep 03, 2020	8512	6	404	343
Sep 04, 2020	8660	4	665	285
Sep 05, 2020	8883	6	545	3345
Sep 06, 2020	6020	9	752	118
Sep 07, 2020	6293	7	645	141
Sep 08, 2020	6477	1	640	349
Sep 09, 2020	6545	4	633	1444
Sep 10, 2020	5291	4	582	256
Sep 11, 2020	5546	8	532	330
Sep 12, 2020	5797	5	799	893
Sep 13, 2020	5424	7	798	377
Sep 14, 2020	5582	7	566	455
Sep 15, 2020	5525	6	694	499
Sep 16, 2020	5687	9	566	409
Sep 17, 2020	5817	8	675	514
Sep 18, 2020	6046	5	747	361
Sep 19, 2020	6323	5	543	259
Sep 20, 2020	6703	16	625	566
Sep 21, 2020	6766	8	553	290
Sep 22, 2020	7054	6	632	757
Sep 23, 2020	6821	4	644	476
Sep 24, 2020	7139	6	467	348
Sep 25, 2020	7582	12	624	593
Sep 26, 2020	7548	9	583	280
Sep 27, 2020	7956	8	661	409
Sep 28, 2020	8104	6	671	318
Sep 29, 2020	8453	12	666	541
Sep 30, 2020	8654	10	385	616
Oct 01, 2020	8576	8	531	558
Oct 02, 2020	8627	14	615	538
Oct 03, 2020	8634	14	755	375
Oct 04, 2020	8885	7	659	868
Oct 05, 2020	8657	18	575	780
Oct 06, 2020	8338	17	567	672
Oct 07, 2020	8278	5	440	1087
Oct 08, 2020	7765	15	618	333
Oct 09, 2020	8085	20	667	354
Oct 10, 2020	8396	10	736	396
Oct 11, 2020	8654	14	736	727
Oct 12, 2020	8302	12	847	424
Oct 13, 2020	8401	9	832	471
Oct 14, 2020	8531	3	707	315
Oct 15, 2020	8957	6	773	440
Oct 16, 2020	9169	15	825	805
Oct 17, 2020	8921	17	908	429
Oct 18, 2020	9042	21	1078	340
Oct 19, 2020	9137	11	807	611
Oct 20, 2020	9129	18	977	654
Oct 21, 2020	9122	12	1123	462
Oct 22, 2020	9386	15	1167	510
Oct 23, 2020	9598	19	1313	455
Oct 24, 2020	9978	27	1302	390
Oct 25, 2020	10411	31	1376	584
Oct 26, 2020	10531	21	1502	365
Oct 27, 2020	10933	26	1436	374
Oct 28, 2020	11369	9	1650	824
Oct 29, 2020	11436	24	1637	889
Oct 30, 2020	11604	22	1708	539
Oct 31, 2020	11861	35	1808	489
Nov 01, 2020	12331	39	2304	461
Nov 02, 2020	12981	18	2165	430
Nov 03, 2020	13703	33	2443	614
Nov 04, 2020	14383	20	2128	605
Nov 05, 2020	15053	34	2050	421
Nov 06, 2020	15977	38	2298	812
Nov 07, 2020	16646	18	2547	519
Nov 08, 2020	17537	36	2738	464
Nov 09, 2020	18714	42	2843	550
Nov 10, 2020	19777	59	2665	634
Nov 11, 2020	20829	34	2756	784
Nov 12, 2020	21818	48	2954	714
Nov 13, 2020	23369	59	3009	851
Nov 14, 2020	24665	40	3306	811
Nov 15, 2020	26264	54	3113	599
Nov 16, 2020	27773	45	3045	1010
Nov 17, 2020	28779	43	2829	954
Nov 18, 2020	30085	40	2839	886
Nov 19, 2020	31728	66	2458	868
Nov 20, 2020	33562	75	2829	1389
Nov 21, 2020	34974	39	3499	897
Nov 22, 2020	36683	55	3262	1057
Nov 23, 2020	38348	43	3119	875
Nov 24, 2020	40379	58	3308	1214
Nov 25, 2020	42115	37	3795	1418
Nov 26, 2020	43963	89	2885	1489
Nov 27, 2020	45533	60	2963	1672
Nov 28, 2020	46861	56	3138	2257
Nov 29, 2020	47390	50	3047	1613
Nov 30, 2020	48576	71	2729	1863
Dec 01, 2020	49105	72	3369	2079
Dec 02, 2020	49780	36	2362	1586
Dec 03, 2020	51654	73	2459	3354
Dec 04, 2020	51507	105	2731	2224
Dec 05, 2020	52359	70	2545	2483
Dec 06, 2020	53126	84	2972	1530
Dec 07, 2020	55354	86	3179	13932
Dec 08, 2020	44218	80	2503	1797
Dec 09, 2020	45324	62	1792	2030
Dec 10, 2020	46376	82	1704	4791
Dec 11, 2020	44582	83	2142	2116
Dec 12, 2020	45124	111	2256	1792
Dec 13, 2020	46629	85	2152	1719
Dec 14, 2020	47236	63	2260	1614
Dec 15, 2020	48008	58	1853	2265
Dec 16, 2020	48369	55	1974	7993
Dec 17, 2020	42851	63	1776	3261
Dec 18, 2020	42478	55	2155	4649
Dec 19, 2020	40922	58	2475	2904
Dec 20, 2020	40441	71	2463	1680
Dec 21, 2020	40491	82	2184	1852
Dec 22, 2020	40261	53	2272	4415
Dec 23, 2020	37905	39	1895	1782
Dec 24, 2020	38268	59	1947	1824
Dec 25, 2020	38511	52	2118	1531
Dec 26, 2020	39177	50	2481	1643
Dec 27, 2020	39329	47	2435	1760
Dec 28, 2020	39488	40	2007	1602
Dec 29, 2020	39599	46	2899	4619
Dec 30, 2020	37080	32	1877	4960
Dec 31, 2020	34537	41	2408	2156
Jan 01, 2021	34773	55	2123	1745
Jan 02, 2021	35130	46	3097	1686
Jan 03, 2021	35663	45	2417	1797
Jan 04, 2021	35722	45	2432	1903
Jan 05, 2021	35707	43	2521	4033
Jan 06, 2021	33740	46	1920	2122
Jan 07, 2021	34049	58	1800	3313
Jan 08, 2021	33124	48	1772	1617
Jan 09, 2021	33474	54	2363	1524
Jan 10, 2021	34803	47	1745	1402
Jan 11, 2021	35246	43	1927	3606
Jan 12, 2021	34007	48	1594	2973
Jan 13, 2021	33102	23	1629	2284
Jan 14, 2021	33869	58	1873	2072
Jan 15, 2021	34169	74	1563	2793
Jan 16, 2021	33763	64	1910	1540
Jan 17, 2021	34701	46	1644	1589
Jan 18, 2021	34986	63	2183	1243
Jan 19, 2021	35485	34	1599	2046
Jan 20, 2021	35163	26	1615	2179
Jan 21, 2021	35293	63	1220	2075
Jan 22, 2021	34916	56	1384	1737
Jan 23, 2021	35063	31	1508	1981
Jan 24, 2021	34628	53	1302	2414
Jan 25, 2021	33820	28	1286	1223
Jan 26, 2021	34412	53	1346	2081
Jan 27, 2021	33820	59	1037	2371
Jan 28, 2021	33295	40	1008	2167
Jan 29, 2021	32726	62	1072	1407
Jan 30, 2021	33439	57	1502	1822
Jan 31, 2021	33182	33	1270	1278
Feb 01, 2021	33493	58	1262	1285
Feb 02, 2021	33365	31	1404	1509
Feb 03, 2021	33184	26	1048	1772
Feb 04, 2021	32889	47	747	1684
Feb 05, 2021	32454	56	1165	1198
Feb 06, 2021	32514	52	1272	1542
Feb 07, 2021	32265	39	1245	1260
Feb 08, 2021	31983	36	1340	1441
Feb 09, 2021	31510	38	1328	2008
Feb 10, 2021	30512	16	1160	1732
Feb 11, 2021	30225	41	1050	1481
Feb 12, 2021	29981	50	1196	5536
Feb 13, 2021	25649	64	1361	1387
Feb 14, 2021	25635	32	1541	910
Feb 15, 2021	25747	33	1315	1064
Feb 16, 2021	25383	23	1176	1484
Feb 17, 2021	25008	36	1392	2052
Feb 18, 2021	24176	42	1163	1243
Feb 19, 2021	24139	75	1388	1362
Feb 20, 2021	24081	63	1519	905
Feb 21, 2021	24466	52	1579	1384
Feb 22, 2021	24226	38	1714	752
Feb 23, 2021	24483	39	1780	1964
Feb 24, 2021	23665	22	1592	1681
Feb 25, 2021	23281	54	1353	2505
Feb 26, 2021	22285	43	1786	2013
Feb 27, 2021	21554	53	2258	871
Feb 28, 2021	21836	53	2701	1094
Mar 01, 2021	22098	46	2338	1035
Mar 02, 2021	22184	32	2664	6819
Mar 03, 2021	16678	29	2253	1017
Mar 04, 2021	17117	58	2511	1527
Mar 05, 2021	17117	61	2351	1441
Mar 06, 2021	17352	61	3495	1038
Mar 07, 2021	18055	40	3449	1210
Mar 08, 2021	18415	42	3876	3365
Mar 09, 2021	16349	44	3667	1393
Mar 10, 2021	16699	20	3669	1277
Mar 11, 2021	17627	72	3270	1572
Mar 12, 2021	18703	30	3301	1231
Mar 13, 2021	19764	63	3946	1275
Mar 14, 2021	21121	63	4368	1307
Mar 15, 2021	22038	67	4468	1136
Mar 16, 2021	23355	57	4767	2853
Mar 17, 2021	22792	41	4525	1634
Mar 18, 2021	24592	100	4084	813
Mar 19, 2021	27188	78	4757	1446
Mar 20, 2021	29576	96	4974	2092
Mar 21, 2021	31107	83	5234	1686
Mar 22, 2021	33070	84	4723	1733
Mar 23, 2021	34535	81	5020	957
Mar 24, 2021	36849	43	4323	2747
Mar 25, 2021	37985	103	3953	2170
Mar 26, 2021	40120	102	4004	2137
Mar 27, 2021	42384	98	5329	2647
Mar 28, 2021	44447	105	5312	2268
Mar 29, 2021	46663	100	5139	2081
Mar 30, 2021	48566	114	5050	2848
Mar 31, 2021	50397	58	4584	2148
Apr 01, 2021	53127	118	4318	1931
Apr 02, 2021	56347	135	4503	2486
Apr 03, 2021	58500	118	5395	3367
Apr 04, 2021	60072	110	5364	2902
Apr 05, 2021	61450	112	4976	2198
Apr 06, 2021	63102	149	6127	2631
Apr 07, 2021	64373	73	5152	2610
Apr 08, 2021	66994	137	5445	2390
Apr 09, 2021	69811	147	5499	1772
Apr 10, 2021	73078	98	5857	4139
Apr 11, 2021	73875	144	5870	3135
Apr 12, 2021	75266	157	5908	3432
Apr 13, 2021	76034	118	5611	3645
Apr 14, 2021	76757	70	4825	4740
Apr 15, 2021	77294	142	4487	4123
Apr 16, 2021	78425	201	5292	4181
Apr 17, 2021	79108	150	5480	4527
Apr 18, 2021	80559	131	5112	3362
Apr 19, 2021	82276	146	4696	4286
Apr 20, 2021	83298	113	4414	5488
Apr 21, 2021	83162	79	4213	3986
Apr 22, 2021	84935	161	3377	5685
Apr 23, 2021	84976	119	4113	4198
Apr 24, 2021	86529	108	4197	3324
Apr 25, 2021	88698	140	4298	4234
Apr 26, 2021	89219	120	4109	5770
Apr 27, 2021	87794	118	3786	4678
Apr 28, 2021	88207	78	3447	3699
Apr 29, 2021	89838	113	3084	3272
Apr 30, 2021	91547	104	2881	5544
May 01, 2021	90553	126	3265	5193
May 02, 2021	89661	48	2517	5842
May 03, 2021	87953	83	1531	5018
May 04, 2021	86151	76	2379	5665
May 05, 2021	84480	74	3232	4397
May 06, 2021	84172	135	2566	4631
May 07, 2021	83699	104	3256	4957
May 08, 2021	82731	131	4207	4569
May 09, 2021	81830	102	3070	4824
May 10, 2021	80375	88	4007	4387
May 11, 2021	78959	74	3084	5200
May 12, 2021	76536	57	3047	4623
May 13, 2021	75052	92	2253	4123
May 14, 2021	73398	65	2724	3042
May 15, 2021	71804	75	2726	5288
May 16, 2021	68819	67	2482	3754
May 17, 2021	68223	73	2455	2989
May 18, 2021	67665	56	2697	4440
May 19, 2021	66377	43	2117	4171
May 20, 2021	66282	71	1771	6021
May 21, 2021	63229	80	1843	3712
May 22, 2021	63436	92	2028	3826
May 23, 2021	62620	83	1893	2693
May 24, 2021	62917	84	1923	2783
May 25, 2021	62295	76	1629	4686
May 26, 2021	60268	58	1490	3901
May 27, 2021	59018	53	1383	2822
May 28, 2021	58611	77	1118	2136
May 29, 2021	58857	76	1303	2620
May 30, 2021	58878	47	1303	1919
May 31, 2021	59033	57	1194	3397
Jun 01, 2021	57336	56	1239	4047
Jun 02, 2021	55052	34	1019	3889
Jun 03, 2021	53099	59	838	3431
Jun 04, 2021	51478	46	1038	4380
Jun 05, 2021	48937	46	1119	2726
Jun 06, 2021	47764	39	1043	1820
Jun 07, 2021	47376	27	991	2516
Jun 08, 2021	46190	37	1050	2244
Jun 09, 2021	44987	30	907	1978
Jun 10, 2021	44236	27	663	1874
Jun 11, 2021	43618	39	930	2038
Jun 12, 2021	42717	35	1097	1610
Jun 13, 2021	42290	44	1042	1549
Jun 14, 2021	41726	36	935	1576
Jun 15, 2021	40929	23	901	2016
Jun 16, 2021	39905	20	914	4763
Jun 17, 2021	36215	23	735	1410
Jun 18, 2021	35809	27	979	1282
Jun 19, 2021	35491	40	1037	2532
Jun 20, 2021	33972	24	1277	829
Jun 21, 2021	34020	34	1400	1204
Jun 22, 2021	33452	29	1228	1338
Jun 23, 2021	33005	19	1347	1131
Jun 24, 2021	32936	25	830	1013
Jun 25, 2021	32921	17	1517	1110
Jun 26, 2021	32710	24	1626	1347
Jun 27, 2021	32241	27	1843	910
Jun 28, 2021	32225	35	1828	784
Jun 29, 2021	32153	27	1980	1499
Jun 30, 2021	31606	15	1808	836
Jul 01, 2021	31767	21	1775	1110
Jul 02, 2021	31910	24	1980	957
Jul 03, 2021	32319	47	2545	897
Jul 04, 2021	32621	31	2327	650
Jul 05, 2021	33299	40	2949	714
Jul 06, 2021	33390	21	2607	877
Jul 07, 2021	34013	30	2452	1084
Jul 08, 2021	34531	37	2145	774
Jul 09, 2021	35573	40	2579	912
Jul 10, 2021	36454	40	2158	908
Jul 11, 2021	37499	11	1425	670
Jul 12, 2021	38622	32	1841	732
Jul 13, 2021	39644	45	2819	738
Jul 14, 2021	40862	32	3752	1030
Jul 15, 2021	42330	39	3262	956
Jul 16, 2021	43670	46	4119	1000
Jul 17, 2021	45579	76	4497	834
Jul 18, 2021	47331	86	4537	903
Jul 19, 2021	48850	65	4950	1029
Jul 20, 2021	49929	62	5026	939
Jul 21, 2021	51529	40	4858	895
Jul 22, 2021	52752	67	3582	543
Jul 23, 2021	53623	46	4722	1310
Jul 24, 2021	54122	60	5661	1176
Jul 25, 2021	55720	67	4745	1641
Jul 26, 2021	57799	95	4720	1123
Jul 27, 2021	59899	68	4455	7020
Jul 28, 2021	56952	53	4040	1612
Jul 29, 2021	59761	86	3884	1489
Jul 30, 2021	62723	81	4856	1321
Jul 31, 2021	66287	102	4934	1495
Aug 01, 2021	69756	79	4619	1361
Aug 02, 2021	73213	73	4786	1355
Aug 03, 2021	75373	67	3711	1454
Aug 04, 2021	78595	72	3669	6787
Aug 05, 2021	77409	95	3221	2095
Aug 06, 2021	79992	66	3974	4780
Aug 07, 2021	79837	74	4373	2148
Aug 08, 2021	82076	70	3239	2765
Aug 09, 2021	83298	65	3084	2669
Aug 10, 2021	84427	75	3842	5025
Aug 11, 2021	84177	80	3772	3376
Aug 12, 2021	85633	91	4075	3937
Aug 13, 2021	86236	126	4199	4343
Aug 14, 2021	86606	100	4553	3041
Aug 15, 2021	87209	95	3930	2218
Aug 16, 2021	88588	120	4231	4291
Aug 17, 2021	87423	69	3909	3122
Aug 18, 2021	88209	66	3800	2977
Aug 19, 2021	89531	118	3838	3027
Aug 20, 2021	89673	101	3569	3648
Aug 21, 2021	89044	89	4103	3477
Aug 22, 2021	89334	57	3787	3107
Aug 23, 2021	89919	79	3980	2857
Aug 24, 2021	91046	61	3747	3915
Aug 25, 2021	91204	57	3613	3413
Aug 26, 2021	92244	98	3316	3235
Aug 27, 2021	92844	83	3902	3848
Aug 28, 2021	93107	84	4062	3443
Aug 29, 2021	93504	83	3689	3548
Aug 30, 2021	93690	82	3480	2837
Aug 31, 2021	94573	58	3153	4140
Sep 01, 2021	93901	67	2988	4974
Sep 02, 2021	92941	78	2574	6595
Sep 03, 2021	90076	73	2727	2474
Sep 04, 2021	91503	66	3012	2940
Sep 05, 2021	92249	68	2928	3438
Sep 06, 2021	92367	63	2512	3270
Sep 07, 2021	92315	71	2580	4387
Sep 08, 2021	91747	40	2167	4136
Sep 09, 2021	91589	81	1897	3755
Sep 10, 2021	91440	47	2333	3121
Sep 11, 2021	91717	58	2357	3797
Sep 12, 2021	91015	50	2233	3391
Sep 13, 2021	90545	42	2060	7240
Sep 14, 2021	85801	42	1780	10923
Sep 15, 2021	77532	31	1757	3897
Sep 16, 2021	76581	41	1400	13716
Sep 17, 2021	65725	52	1560	3610
Sep 18, 2021	64564	39	1742	3164
Sep 19, 2021	63909	56	1411	2312
Sep 20, 2021	63724	46	1664	2618
Sep 21, 2021	62922	35	1656	3261
Sep 22, 2021	61947	27	1490	2688
Sep 23, 2021	61558	54	1308	2789
Sep 24, 2021	60952	39	1212	10928
Sep 25, 2021	52042	46	1453	3090
Sep 26, 2021	50690	26	912	1765
Sep 27, 2021	50651	29	955	2042
Sep 28, 2021	49968	19	767	2970
Sep 29, 2021	48506	28	1004	2377
Sep 30, 2021	47832	18	689	1024
Oct 01, 2021	48163	21	1021	2847
Oct 02, 2021	46934	28	1016	2052
Oct 03, 2021	46503	27	1086	1760
Oct 04, 2021	46206	24	893	1634
Oct 05, 2021	45826	17	720	2171
Oct 06, 2021	44828	11	663	1840
Oct 07, 2021	44395	20	603	1633
Oct 08, 2021	43648	12	554	1222
Oct 09, 2021	43352	16	622	1559
Oct 10, 2021	42541	16	567	1254
Oct 11, 2021	42263	15	552	1180
Oct 12, 2021	41754	18	591	1683
Oct 13, 2021	41071	9	698	1750
Oct 14, 2021	40309	6	572	1415
Oct 15, 2021	39953	13	516	13848
Oct 16, 2021	26974	9	705	1440
Oct 17, 2021	26237	17	660	1019
Oct 18, 2021	25870	8	658	813
Oct 19, 2021	25640	10	733	977
Oct 20, 2021	25205	7	482	1112
Oct 21, 2021	24699	10	457	864
Oct 22, 2021	24386	11	561	842
Oct 23, 2021	24081	19	580	737
Oct 24, 2021	23917	11	515	666
Oct 25, 2021	23940	11	567	310
Oct 26, 2021	24196	20	471	717
Oct 27, 2021	23982	9	449	1239
Oct 28, 2021	23439	11	400	931
Oct 29, 2021	23151	8	554	836
Oct 30, 2021	22965	9	637	594
Oct 31, 2021	23094	9	391	1024
Nov 01, 2021	22545	11	231	428
Nov 02, 2021	22564	11	263	544
Nov 03, 2021	22570	6	240	554
Nov 04, 2021	22577	6	216	340
Nov 05, 2021	22741	10	270	445
Nov 06, 2021	22852	10	460	493
Nov 07, 2021	22810	10	418	517
Nov 08, 2021	22733	7	319	277
Nov 09, 2021	22845	4	313	433
Nov 10, 2021	22958	4	323	316
Nov 11, 2021	23270	5	315	322
Nov 12, 2021	23330	9	350	460
Nov 13, 2021	23090	13	363	487
Nov 14, 2021	22855	7	252	298
Nov 15, 2021	22791	7	411	375
Nov 16, 2021	22626	5	303	499
Nov 17, 2021	22387	9	176	336
Nov 18, 2021	22501	10	475	411
Nov 19, 2021	22498	9	414	331
Nov 20, 2021	22479	8	377	309
Nov 21, 2021	22479	8	391	236
Nov 22, 2021	22562	8	431	8010
Nov 23, 2021	14862	6	372	1015
Nov 24, 2021	14188	10	336	1000
Nov 25, 2021	13538	7	232	294
Nov 26, 2021	13489	9	310	300
Nov 27, 2021	13593	10	350	172
Nov 28, 2021	13719	9	313	148
Nov 29, 2021	13738	11	395	327
Nov 30, 2021	13876	7	288	118
Dec 01, 2021	14163	6	244	364
Dec 02, 2021	14168	3	250	2437
Dec 03, 2021	12114	4	370	189
Dec 04, 2021	12348	6	301	262
Dec 05, 2021	12452	14	277	858
Dec 06, 2021	11920	7	357	319
Dec 07, 2021	11826	2	260	283
Dec 08, 2021	11844	6	359	2355
Dec 09, 2021	9829	4	270	648
Dec 10, 2021	9485	10	310	358
Dec 11, 2021	9511	2	359	674
Dec 12, 2021	9118	4	322	308
Dec 13, 2021	9048	7	353	175
Dec 14, 2021	9120	2	359	194
Dec 15, 2021	9292	2	275	136
Dec 16, 2021	9451	3	316	243
Dec 17, 2021	9471	6	348	239
Dec 18, 2021	9582	3	482	251
Dec 19, 2021	9589	6	515	354
Dec 20, 2021	9588	6	557	297
Dec 21, 2021	9557	8	594	296
Dec 22, 2021	9561	2	708	510
Dec 23, 2021	9408	2	630	197
Dec 24, 2021	9529	5	898	112
Dec 25, 2021	9763	5	1085	446
Dec 26, 2021	9674	6	1293	116
Dec 27, 2021	9831	1	1345	229
Dec 28, 2021	9915	7	1572	192
Dec 29, 2021	10065	3	1649	535
Dec 30, 2021	10009	2	1467	406
Dec 31, 2021	10112	13	2074	479
Jan 01, 2022	10184	5	3019	208
Jan 02, 2022	10562	7	3567	144
Jan 03, 2022	11124	4	4286	187
Jan 04, 2022	11565	9	4027	245
Jan 05, 2022	12213	7	4340	247
Jan 06, 2022	13046	10	5034	239
Jan 07, 2022	14094	8	5472	246
Jan 08, 2022	15192	5	6808	325
Jan 09, 2022	16432	23	7678	330
Jan 10, 2022	17748	12	6540	266
Jan 11, 2022	18947	20	7586	446
Jan 12, 2022	20562	8	7195	346
Jan 13, 2022	23230	17	6352	362
Jan 14, 2022	26428	15	5196	2598
Jan 15, 2022	28112	25	7539	579
Jan 16, 2022	31551	30	8183	207
Jan 17, 2022	35677	27	7963	820
Jan 18, 2022	39881	29	7958	628
Jan 19, 2022	44717	21	7048	426
Jan 20, 2022	51094	32	5327	814
Jan 21, 2022	57935	29	6047	1119
Jan 22, 2022	63344	42	5850	647
Jan 23, 2022	70263	48	6400	833
Jan 24, 2022	76617	28	6137	556
Jan 25, 2022	82396	30	4973	1453
Jan 26, 2022	86124	38	3338	1784
Jan 27, 2022	91854	37	2799	1786
Jan 28, 2022	98221	48	4251	2062
Jan 29, 2022	104095	47	3914	12019
Jan 30, 2022	100005	39	3498	2987
Jan 31, 2022	104045	44	3019	3665
Feb 01, 2022	105675	41	3206	9590
Feb 02, 2022	102103	29	2563	7839
Feb 03, 2022	100072	27	2597	4566
Feb 04, 2022	101858	49	2465	16347
Feb 05, 2022	91620	40	2870	5766
Feb 06, 2022	90797	33	2400	4905
Feb 07, 2022	89192	26	1983	4786
Feb 08, 2022	87168	33	1644	5109
Feb 09, 2022	86262	31	1360	5459
Feb 10, 2022	84670	13	961	5761
Feb 11, 2022	82368	43	1232	5175
Feb 12, 2022	80168	18	1455	4935
Feb 13, 2022	78398	25	1122	4293
Feb 14, 2022	76639	14	1207	3804
Feb 15, 2022	75405	20	847	4792
Feb 16, 2022	73029	5	856	4692
Feb 17, 2022	71167	18	861	3009
Feb 18, 2022	70525	22	765	2782
Feb 19, 2022	69700	19	768	3653
Feb 20, 2022	67658	11	953	1315
Feb 21, 2022	67672	10	796	2393
Feb 22, 2022	66227	7	755	3154
Feb 23, 2022	64262	7	756	2914
Feb 24, 2022	62785	9	378	2550
Feb 25, 2022	61332	6	758	25313
Feb 26, 2022	37212	4	639	1236
Feb 27, 2022	36803	7	723	1756
Feb 28, 2022	35898	6	571	0
Mar 01, 2022	36741	3	609	1961
Mar 02, 2022	35523	2	462	3815
Mar 03, 2022	32457	4	473	2605
Mar 04, 2022	30794	4	493	1831
Mar 05, 2022	29749	2	514	886
Mar 06, 2022	29611	7	183	780
Mar 07, 2022	29580	2	696	603
Mar 08, 2022	29346	1	375	12103
Mar 09, 2022	17995	2	303	581
Mar 10, 2022	18049	2	228	956
Mar 11, 2022	17809	0	443	525
Mar 12, 2022	17849	0	210	494
Mar 13, 2022	17961	3	329	398
Mar 14, 2022	18023	4	189	466
Mar 15, 2022	18026	5	310	1003
Mar 16, 2022	17512	1	186	537
Mar 17, 2022	17487	1	269	788
Mar 18, 2022	16875	2	194	1857
Mar 19, 2022	15712	6	244	286
Mar 20, 2022	15800	4	180	361
Mar 21, 2022	15740	1	208	676
Mar 22, 2022	15290	1	285	7700
Mar 23, 2022	8033	0	154	180
Mar 24, 2022	8063	0	155	42
Mar 25, 2022	8347	0	148	367
Mar 26, 2022	8165	0	170	231
Mar 27, 2022	8239	0	141	110
Mar 28, 2022	8314	0	238	47
Mar 29, 2022	8535	0	96	136
Mar 30, 2022	8591	0	98	126
Mar 31, 2022	8703	1	62	189
Apr 01, 2022	8690	0	101	72
Apr 02, 2022	8825	0	123	117
Apr 03, 2022	8992	1	123	78
Apr 04, 2022	9068	0	76	61
Apr 05, 2022	9162	0	97	212
Apr 06, 2022	9098	1	78	70
Apr 07, 2022	9198	0	85	116
Apr 08, 2022	9223	4	75	79
Apr 09, 2022	9382	0	103	91
Apr 10, 2022	9387	0	80	59
Apr 11, 2022	9426	1	82	81
Apr 12, 2022	9406	0	105	113
Apr 13, 2022	9394	0	100	71
Apr 14, 2022	9446	0	105	0
Apr 15, 2022	9568	2	117	3803
Apr 16, 2022	5841	0	94	2659
Apr 17, 2022	3279	0	75	56
Apr 18, 2022	3300	0	65	45
Apr 19, 2022	3340	0	66	89
Apr 20, 2022	3322	1	40	74
Apr 21, 2022	3351	0	46	63
Apr 22, 2022	3368	0	39	65
Apr 23, 2022	3384	0	21	0
Apr 24, 2022	3489	0	30	143
Apr 25, 2022	3446	0	36	0
Apr 26, 2022	3551	3	46	0
Apr 27, 2022	3666	0	64	0
Apr 28, 2022	3760	0	31	0
Apr 29, 2022	3835	1	66	0
Apr 30, 2022	3900	0	90	0
May 01, 2022	3966	0	93	0
May 02, 2022	4005	0	85	0
May 03, 2022	4051	0	84	0
May 04, 2022	4090	0	102	0
May 05, 2022	4111	2	52	0
May 06, 2022	4141	0	66	0
May 07, 2022	4177	1	89	0
May 08, 2022	4220	0	81	0
May 09, 2022	4284	0	70	0
May 10, 2022	4315	0	76	0
May 11, 2022	4380	0	49	0
May 12, 2022	4470	0	62	0
May 13, 2022	4563	0	92	0
May 14, 2022	4648	0	76	0
May 15, 2022	4732	0	79	0
May 16, 2022	4834	0	90	0
May 17, 2022	4884	0	50	0
May 18, 2022	4950	0	48	0
May 19, 2022	5038	0	54	0
May 20, 2022	5119	0	66	0
May 21, 2022	5189	0	67	1913
May 22, 2022	3352	0	36	69
May 23, 2022	3332	0	94	0
May 24, 2022	3394	0	55	0
May 25, 2022	3486	0	59	0
May 26, 2022	3562	0	50	0
May 27, 2022	3641	0	64	0
May 28, 2022	3731	0	89	0
May 29, 2022	3781	2	72	0
May 30, 2022	3829	0	73	0
May 31, 2022	3883	0	67	0
Jun 01, 2022	3949	0	94	0
Jun 02, 2022	4016	0	54	0
Jun 03, 2022	4052	0	106	0
Jun 04, 2022	4146	1	144	0
Jun 05, 2022	4201	1	98	0
Jun 06, 2022	4260	0	151	0
Jun 07, 2022	4310	0	152	0
Jun 08, 2022	4374	0	171	0
Jun 09, 2022	4463	1	113	0
Jun 10, 2022	4533	0	204	0
Jun 11, 2022	4606	1	268	0
Jun 12, 2022	4673	0	315	0
Jun 13, 2022	4767	1	435	0
Jun 14, 2022	4821	2	406	0
Jun 15, 2022	4927	2	382	2026
Jun 16, 2022	3044	2	333	68
Jun 17, 2022	3073	1	541	0
Jun 18, 2022	3224	2	641	0
Jun 19, 2022	3376	0	694	184
Jun 20, 2022	3363	4	818	0
Jun 21, 2022	3475	2	650	0
Jun 22, 2022	3679	2	675	297
Jun 23, 2022	3649	0	653	167
Jun 24, 2022	3797	1	805	116
Jun 25, 2022	4115	9	872	0
Jun 26, 2022	4519	0	693	0
Jun 27, 2022	4899	7	732	0
Jun 28, 2022	5230	1	502	501
Jun 29, 2022	5269	2	371	159
Jun 30, 2022	5749	1	255	0
Jul 01, 2022	6443	0	236	299
Jul 02, 2022	6958	2	390	106
Jul 03, 2022	7500	2	779	0
Jul 04, 2022	8173	10	737	0
Jul 05, 2022	8826	2	605	483
Jul 06, 2022	9147	5	492	978
Jul 07, 2022	9032	0	459	379
Jul 08, 2022	9346	7	592	374
Jul 09, 2022	9697	3	599	0
Jul 10, 2022	10198	7	679	0
Jul 11, 2022	10567	2	693	537
Jul 12, 2022	10284	3	532	226
Jul 13, 2022	10294	2	582	480
Jul 14, 2022	10202	1	371	1314
Jul 15, 2022	9665	4	620	389
Jul 16, 2022	10003	8	761	429
Jul 17, 2022	10177	1	693	0
Jul 18, 2022	10664	3	605	1503
Jul 19, 2022	9620	1	661	532
Jul 20, 2022	9673	1	656	265
Jul 21, 2022	10004	2	392	0
Jul 22, 2022	10676	9	806	0
Jul 23, 2022	11367	4	789	4624
Jul 24, 2022	7272	2	750	282
Jul 25, 2022	7570	0	673	308
Jul 26, 2022	7632	0	644	588
Jul 27, 2022	7660	3	628	0
Jul 28, 2022	8413	0	421	798
Jul 29, 2022	8307	0	352	912
Jul 30, 2022	7997	1	253	561
Jul 31, 2022	8096	11	624	0
Aug 01, 2022	8751	3	728	0
Aug 02, 2022	9141	4	581	1024
Aug 03, 2022	8914	2	459	460
Aug 04, 2022	9239	8	358	0
Aug 05, 2022	9987	5	526	1161
Aug 06, 2022	9499	2	578	405
Aug 07, 2022	9738	4	510	0
Aug 08, 2022	10363	2	449	0
Aug 09, 2022	10784	2	468	1466
Aug 10, 2022	9670	3	416	211
Aug 11, 2022	9711	2	217	1068
Aug 12, 2022	9256	2	278	0
Aug 13, 2022	9981	4	313	0
Aug 14, 2022	10558	6	433	0
Aug 15, 2022	11015	2	290	0
Aug 16, 2022	11365	3	270	0
Aug 17, 2022	11886	1	226	0
Aug 18, 2022	12462	0	170	0
Aug 19, 2022	12968	6	227	0
Aug 20, 2022	13415	1	219	0
Aug 21, 2022	13881	4	242	0
Aug 22, 2022	14294	2	251	5126
Aug 23, 2022	9383	3	228	464
Aug 24, 2022	9195	2	190	420
Aug 25, 2022	9084	0	0	332
Aug 26, 2022	9179	1	158	372
Aug 27, 2022	9095	0	174	390
Aug 28, 2022	8972	4	160	0
Aug 29, 2022	9197	1	156	570
Aug 30, 2022	8797	0	139	341
Aug 31, 2022	8677	0	203	0
Sep 01, 2022	8895	1	99	790
Sep 02, 2022	8343	3	118	354
Sep 03, 2022	8238	1	117	221
Sep 04, 2022	8242	0	98	0
Sep 05, 2022	8430	1	104	0
Sep 06, 2022	8430	1	90	0
Sep 07, 2022	8587	1	72	0
Sep 08, 2022	8761	0	42	2980
Sep 09, 2022	5937	0	52	206
Sep 10, 2022	5886	2	121	471
Sep 11, 2022	5554	2	93	121
Sep 12, 2022	5636	1	67	0
Sep 13, 2022	5734	0	47	148
Sep 14, 2022	5701	0	55	279
Sep 15, 2022	5538	0	39	331
Sep 16, 2022	5305	0	78	0
Sep 17, 2022	5408	1	67	176
Sep 18, 2022	5321	3	43	0
Sep 19, 2022	5392	2	75	0
Sep 20, 2022	5434	1	39	275
Sep 21, 2022	5211	0	50	0
Sep 22, 2022	5330	0	16	564
Sep 23, 2022	4857	1	57	97
Sep 24, 2022	4826	0	48	93
Sep 25, 2022	4780	0	38	0
Sep 26, 2022	4835	0	51	0
Sep 27, 2022	4874	0	54	0
Sep 28, 2022	4952	0	55	812
Sep 29, 2022	4206	0	34	77
Sep 30, 2022	4169	0	49	0
Oct 01, 2022	4242	0	57	0
Oct 02, 2022	4280	0	62	0
Oct 03, 2022	4330	0	36	864
Oct 04, 2022	3482	0	46	0
Oct 05, 2022	3538	1	38	12
Oct 06, 2022	3574	0	32	0
Oct 07, 2022	3612	3	55	0
Oct 08, 2022	3663	0	54	0
Oct 09, 2022	3717	0	45	0
Oct 10, 2022	3772	0	52	0
Oct 11, 2022	3806	0	49	0
Oct 12, 2022	3855	0	35	0
Oct 13, 2022	3912	0	30	0
Oct 14, 2022	3974	1	52	0
Oct 15, 2022	4010	0	46	0
Oct 16, 2022	4056	0	69	0
Oct 17, 2022	4093	1	64	0
Oct 18, 2022	4125	0	43	0
Oct 19, 2022	4177	0	38	0
Oct 20, 2022	4231	0	27	0
Oct 21, 2022	4276	1	73	0
Oct 22, 2022	4328	0	68	0
Oct 23, 2022	4377	0	40	0
Oct 24, 2022	4412	0	46	0
Oct 25, 2022	4442	0	38	0
Oct 26, 2022	4493	0	48	0
Oct 27, 2022	4539	0	25	0
Oct 28, 2022	4608	1	38	0
Oct 29, 2022	4671	1	38	0
Oct 30, 2022	4714	0	41	0
Oct 31, 2022	4752	0	48	0
Nov 01, 2022	4779	0	42	0
Nov 02, 2022	4851	0	41	0
Nov 03, 2022	4919	0	32	0
Nov 04, 2022	4959	0	32	0
Nov 05, 2022	5005	1	57	0
Nov 06, 2022	5043	0	25	0
Nov 07, 2022	5091	0	42	0
Nov 08, 2022	5116	0	29	0
Nov 09, 2022	5153	0	17	0
Nov 10, 2022	5190	0	25	0
Nov 11, 2022	5231	0	27	0
Nov 12, 2022	5279	0	43	0
Nov 13, 2022	5321	0	30	0
Nov 14, 2022	5362	0	27	0
Nov 15, 2022	5394	0	31	0
Nov 16, 2022	5426	0	28	0
Nov 17, 2022	5482	1	22	0
Nov 18, 2022	5507	0	39	0
Nov 19, 2022	5549	1	40	0
Nov 20, 2022	5578	0	24	0
Nov 21, 2022	5595	0	24	0
Nov 22, 2022	5620	0	17	0
Nov 23, 2022	5647	0	39	0
Nov 24, 2022	5690	0	25	0
Nov 25, 2022	5720	2	28	0
Nov 26, 2022	5747	0	24	0
Nov 27, 2022	5778	1	18	0
Nov 28, 2022	5806	0	16	0
Nov 29, 2022	5827	0	30	0
Nov 30, 2022	5866	0	9	0
Dec 01, 2022	5905	0	7	0
Dec 02, 2022	5929	0	14	0
Dec 03, 2022	5953	0	31	0
Dec 04, 2022	5970	0	30	0
Dec 05, 2022	6009	0	10	0
Dec 06, 2022	6034	0	13	0
Dec 07, 2022	6060	0	4	0
Dec 08, 2022	6084	0	8	0
Dec 09, 2022	6101	0	21	0
Dec 10, 2022	6117	0	19	0
Dec 11, 2022	6147	0	15	0
Dec 12, 2022	6156	1	13	0
Dec 13, 2022	6163	0	15	0
Dec 14, 2022	6177	0	18	0
Dec 15, 2022	6208	0	12	0
Dec 16, 2022	6238	0	26	0
Dec 17, 2022	6248	0	12	0
Dec 18, 2022	6261	0	25	0
Dec 19, 2022	6265	0	12	0
Dec 20, 2022	6273	0	21	0
Dec 21, 2022	6294	0	12	0
Dec 22, 2022	6313	0	15	0
Dec 23, 2022	6328	2	22	0
Dec 24, 2022	6340	0	33	0
Dec 25, 2022	6355	0	23	0
Dec 26, 2022	6373	0	24	0
Dec 27, 2022	6385	0	18	0
Dec 28, 2022	6411	1	17	0
Dec 29, 2022	6423	0	7	0
Dec 30, 2022	6448	0	15	0
Dec 31, 2022	6460	0	26	0
Jan 01, 2023	6481	0	20	0
Jan 02, 2023	6493	1	16	0
Jan 03, 2023	6508	0	16	0
Jan 04, 2023	6528	0	11	0
Jan 05, 2023	6561	0	5	0
Jan 06, 2023	6584	0	24	0
Jan 07, 2023	6608	0	17	0
Jan 08, 2023	6626	0	21	0
Jan 09, 2023	6642	0	19	0
Jan 10, 2023	6649	0	9	0
Jan 11, 2023	6664	0	10	0
Jan 12, 2023	6690	0	3	0
Jan 13, 2023	6710	0	12	0
Jan 14, 2023	6725	0	21	0
Jan 15, 2023	6741	0	14	0
Jan 16, 2023	6752	0	17	0
Jan 17, 2023	6757	0	18	0
Jan 18, 2023	6781	0	15	0
Jan 19, 2023	6798	0	8	0
Jan 20, 2023	6819	0	19	0
Jan 21, 2023	6838	0	19	0
Jan 22, 2023	6847	0	12	0
Jan 23, 2023	6857	0	18	0
Jan 24, 2023	6860	0	17	0
Jan 25, 2023	6872	0	19	0
Jan 26, 2023	6893	0	13	0
Jan 27, 2023	6907	0	16	0
Jan 28, 2023	6924	0	17	0
Jan 29, 2023	6942	0	21	0
Jan 30, 2023	6957	0	30	0
Jan 31, 2023	6965	0	22	0
Feb 01, 2023	6984	0	22	0
Feb 02, 2023	7003	0	13	0
Feb 03, 2023	7015	0	21	0
Feb 04, 2023	7033	1	31	0
Feb 05, 2023	7050	0	37	0
Feb 06, 2023	7069	0	17	0
Feb 07, 2023	7082	0	30	0
Feb 08, 2023	7098	0	17	0
Feb 09, 2023	7115	0	32	0
Feb 10, 2023	7136	0	23	0
Feb 11, 2023	7166	0	36	0
Feb 12, 2023	7188	0	42	0
Feb 13, 2023	7210	2	42	0
Feb 14, 2023	7223	0	36	0
Feb 15, 2023	7244	0	23	0
Feb 16, 2023	7274	0	23	0
Feb 17, 2023	7311	0	37	0
Feb 18, 2023	7328	0	32	0
Feb 19, 2023	7358	0	42	0
Feb 20, 2023	7375	0	46	0
Feb 21, 2023	7407	0	45	0
Feb 22, 2023	7430	0	50	0
Feb 23, 2023	7466	0	30	0
Feb 24, 2023	7508	1	45	0
Feb 25, 2023	7548	0	50	0
Feb 26, 2023	7584	0	73	0
Feb 27, 2023	7607	0	71	0
Feb 28, 2023	7630	1	77	0
Mar 01, 2023	7667	0	87	0
Mar 02, 2023	7699	0	53	0
Mar 03, 2023	7741	0	85	0
Mar 04, 2023	7787	0	129	0
Mar 05, 2023	7832	0	133	0
Mar 06, 2023	7882	0	109	0
Mar 07, 2023	7912	0	103	0
Mar 08, 2023	7956	0	100	0
Mar 09, 2023	8006	0	105	0
Mar 10, 2023	8079	1	136	0
Mar 11, 2023	8150	1	168	0
Mar 12, 2023	8226	1	150	0
Mar 13, 2023	8313	0	89	0
Mar 14, 2023	8366	1	106	0
Mar 15, 2023	8451	0	133	0
Mar 16, 2023	8580	0	50	0
Mar 17, 2023	8713	0	109	0
Mar 18, 2023	8822	0	115	0
Mar 19, 2023	8925	0	98	0
Mar 20, 2023	9025	0	87	0
Mar 21, 2023	9130	0	55	0
Mar 22, 2023	9265	0	55	0
Mar 23, 2023	9432	1	47	0
Mar 24, 2023	9581	0	49	0
Mar 25, 2023	9670	1	58	0
Mar 26, 2023	9775	1	53	0
Mar 27, 2023	9908	0	47	0
Mar 28, 2023	9958	0	56	0
Mar 29, 2023	10067	0	28	0
Mar 30, 2023	10182	0	51	0
Mar 31, 2023	10280	2	40	0
Apr 01, 2023	10367	0	28	0
Apr 02, 2023	10422	0	70	0
Apr 03, 2023	10477	1	67	0
Apr 04, 2023	10523	0	20	0
Apr 05, 2023	10572	1	25	0
Apr 06, 2023	10629	0	26	0
Apr 07, 2023	10681	0	31	0
Apr 08, 2023	10728	0	26	0
Apr 09, 2023	10784	0	20	0
Apr 10, 2023	10812	0	0	0
Apr 11, 2023	10863	0	13	0
Apr 12, 2023	10901	0	17	0
Apr 13, 2023	10929	0	9	0
Apr 14, 2023	10999	0	7	0
Apr 15, 2023	11065	0	21	0
Apr 16, 2023	11085	1	23	0
Apr 17, 2023	11109	0	37	0
Apr 18, 2023	11135	0	31	0
Apr 19, 2023	11166	0	34	0
Apr 20, 2023	11192	0	11	0
Apr 21, 2023	11212	0	21	0
Apr 22, 2023	11212	1	20	0
Apr 23, 2023	11225	0	22	0
Apr 24, 2023	11242	1	29	0
Apr 25, 2023	11251	0	16	0
Apr 26, 2023	11258	1	16	0
Apr 27, 2023	11279	0	16	0
Apr 28, 2023	11301	0	0	0
Apr 29, 2023	11338	0	0	0
Apr 30, 2023	11369	0	0	0
May 01, 2023	11403	0	0	0
May 02, 2023	11414	0	0	0
May 03, 2023	11435	0	0	0
May 04, 2023	11454	0	6	0
May 05, 2023	11476	0	7	0
May 06, 2023	11504	0	9	0
May 07, 2023	11520	0	13	0
May 08, 2023	11535	0	10	0
May 09, 2023	11551	0	10	0
May 10, 2023	11551	0	5	0
May 11, 2023	11551	0	2	0
May 12, 2023	11551	0	5	0
May 13, 2023	11551	0	13	0
May 14, 2023	11551	0	12	0
May 15, 2023	11551	0	3	0
May 16, 2023	11557	0	6	0
May 17, 2023	11564	0	8	0
May 18, 2023	11573	0	11	0
May 19, 2023	11586	0	13	0
May 20, 2023	11596	0	5	0
May 21, 2023	11606	0	7	0
May 22, 2023	11611	0	8	0
May 23, 2023	11613	0	12	0
May 24, 2023	11618	0	4	0
May 25, 2023	11631	0	4	0
May 26, 2023	11643	0	5	0
May 27, 2023	11646	0	2	0
May 28, 2023	11652	0	1	0
May 29, 2023	11660	0	4	0
May 30, 2023	11671	0	7	0
May 31, 2023	11684	0	3	0
Jun 01, 2023	11689	0	2	0
Jun 02, 2023	11696	0	7	0
Jun 03, 2023	11704	0	2	0
Jun 04, 2023	11716	0	0	0
Jun 05, 2023	11720	0	0	0
Jun 06, 2023	11724	0	0	0
Jun 07, 2023	11729	0	0	0
Jun 08, 2023	11731	1	49	0
Jun 09, 2023	11732	0	0	0
Jun 10, 2023	11736	0	0	0
Jun 11, 2023	11743	0	0	0
Jun 12, 2023	11746	0	0	0
Jun 13, 2023	11748	0	0	0
Jun 14, 2023	11755	0	0	0
Jun 15, 2023	11757	0	56	0
Jun 16, 2023	11757	0	0	0
Jun 17, 2023	11757	0	0	0
Jun 18, 2023	11757	0	0	0
Jun 19, 2023	11757	0	0	0
Jun 20, 2023	11805	0	0	0
Jun 21, 2023	11805	0	0	0
Jun 22, 2023	11805	0	21	0
Jun 23, 2023	11805	0	0	0
Jun 24, 2023	11805	0	0	0
Jun 25, 2023	11805	0	0	0
Jun 26, 2023	11805	0	0	0
Jun 27, 2023	11861	0	0	0
Jun 28, 2023	11861	0	0	0
Jun 29, 2023	11861	0	72	0
Jun 30, 2023	11861	0	0	0
Jul 01, 2023	11861	0	0	0
Jul 02, 2023	11861	0	0	0
Jul 03, 2023	11861	0	0	0
Jul 04, 2023	11882	0	0	0
Jul 05, 2023	11882	0	0	0
Jul 06, 2023	11882	0	61	0
Jul 07, 2023	11882	0	0	0
Jul 08, 2023	11882	0	0	0
Jul 09, 2023	11882	0	0	0
Jul 10, 2023	11882	0	0	0
Jul 11, 2023	11954	0	0	0
Jul 12, 2023	11954	0	0	0
Jul 13, 2023	11954	1	40	0
Jul 14, 2023	11954	0	0	0
Jul 15, 2023	11954	0	0	0
Jul 16, 2023	11954	0	0	0
Jul 17, 2023	11954	0	0	0
Jul 18, 2023	12015	0	0	0
Jul 19, 2023	12015	0	0	0
Jul 20, 2023	12015	1	18	0
Jul 21, 2023	12015	0	0	0
Jul 22, 2023	12015	0	0	0
Jul 23, 2023	12015	0	0	0
Jul 24, 2023	12015	0	0	0
Jul 25, 2023	12054	0	0	0
Jul 26, 2023	12054	0	0	0
Jul 27, 2023	12054	0	37	0
Jul 28, 2023	12054	0	0	0
Jul 29, 2023	12054	0	0	0
Jul 30, 2023	12054	0	0	0
Jul 31, 2023	12054	0	0	0
Aug 01, 2023	12071	0	0	0
Aug 02, 2023	12071	0	0	0
Aug 03, 2023	12071	0	37	0
Aug 04, 2023	12071	0	0	0
Aug 05, 2023	12071	0	0	0
Aug 06, 2023	12071	0	0	0
Aug 07, 2023	12071	0	0	0
Aug 08, 2023	12108	0	0	0
Aug 09, 2023	12108	0	0	0
Aug 10, 2023	12108	0	30	0
Aug 11, 2023	12108	0	0	0
Aug 12, 2023	12108	0	0	0
Aug 13, 2023	12108	0	0	0
Aug 14, 2023	12108	0	0	0
Aug 15, 2023	12145	0	0	0
Aug 16, 2023	12145	0	0	0
Aug 17, 2023	12145	0	0	0
Aug 18, 2023	12145	0	76	0
Aug 19, 2023	12145	0	0	0
Aug 20, 2023	12145	0	0	0
Aug 21, 2023	12145	0	0	0
Aug 22, 2023	12175	0	0	0
Aug 23, 2023	12175	0	0	0
Aug 24, 2023	12175	1	95	0
Aug 25, 2023	12175	0	0	0
Aug 26, 2023	12175	0	0	0
Aug 27, 2023	12175	0	0	0
Aug 28, 2023	12175	0	0	0
Aug 29, 2023	12175	0	0	0
Aug 30, 2023	12251	0	0	0
Aug 31, 2023	12251	0	72	0
Sep 01, 2023	12251	0	0	0
Sep 02, 2023	12251	0	0	0
Sep 03, 2023	12251	0	0	0
Sep 04, 2023	12251	0	0	0
Sep 05, 2023	12345	0	0	0
Sep 06, 2023	12345	0	0	0
Sep 07, 2023	12345	0	47	0
Sep 08, 2023	12345	0	0	0
Sep 09, 2023	12345	0	0	0
Sep 10, 2023	12345	0	0	0
Sep 11, 2023	12345	0	0	0
Sep 12, 2023	12417	0	0	0
Sep 13, 2023	12417	0	0	0
Sep 14, 2023	12417	0	33	0
Sep 15, 2023	12417	0	0	0
Sep 16, 2023	12417	0	0	0
Sep 17, 2023	12417	0	0	0
Sep 18, 2023	12417	0	0	0
Sep 19, 2023	12464	0	0	0
Sep 20, 2023	12464	0	0	0
Sep 21, 2023	12464	0	17	0
Sep 22, 2023	12464	0	0	0
Sep 23, 2023	12464	0	0	0
Sep 24, 2023	12464	0	0	0
Sep 25, 2023	12464	0	0	0
Sep 26, 2023	12497	0	0	0
Sep 27, 2023	12497	0	0	0
Sep 28, 2023	12497	0	16	0
Sep 29, 2023	12497	0	0	0
Sep 30, 2023	12497	0	0	0
Oct 01, 2023	12497	0	0	0
Oct 02, 2023	12497	0	0	0
Oct 03, 2023	12514	0	0	0
Oct 04, 2023	12514	0	0	0
Oct 05, 2023	12514	0	14	0
Oct 06, 2023	12514	0	0	0
Oct 07, 2023	12514	0	0	0
Oct 08, 2023	12514	0	0	0
Oct 09, 2023	12514	0	0	0
Oct 10, 2023	12530	0	0	0
Oct 11, 2023	12530	0	0	0
Oct 12, 2023	12530	0	13	0
Oct 13, 2023	12530	0	0	0
Oct 14, 2023	12530	0	0	0
Oct 15, 2023	12530	0	0	0
Oct 16, 2023	12530	0	0	0
Oct 17, 2023	12544	0	0	0
Oct 18, 2023	12544	0	0	0
Oct 19, 2023	12544	0	16	0
Oct 20, 2023	12544	0	0	0
Oct 21, 2023	12544	0	0	0
Oct 22, 2023	12544	0	0	0
Oct 23, 2023	12544	0	0	0
Oct 24, 2023	12557	0	0	0
Oct 25, 2023	12557	0	0	0
Oct 26, 2023	12557	0	6	0
Oct 27, 2023	12557	0	0	0
Oct 28, 2023	12557	0	0	0
Oct 29, 2023	12557	0	0	0
Oct 30, 2023	12557	0	0	0
Oct 31, 2023	12573	0	0	0
Nov 01, 2023	12573	0	0	0
Nov 02, 2023	12573	0	4	0
Nov 03, 2023	12573	0	0	0
Nov 04, 2023	12573	0	0	0
Nov 05, 2023	12573	0	0	0
Nov 06, 2023	12573	0	0	0
Nov 07, 2023	12579	0	0	0
Nov 08, 2023	12579	0	0	0
Nov 09, 2023	12579	0	0	0
Nov 10, 2023	12579	0	0	0
Nov 11, 2023	12579	0	0	0
Nov 12, 2023	12579	0	0	0
Nov 13, 2023	12579	0	0	0
Nov 14, 2023	12583	0	0	0
Nov 15, 2023	12583	0	0	0
Nov 16, 2023	12583	0	0	0
Nov 17, 2023	12583	0	0	0
Nov 18, 2023	12583	0	0	0
Nov 19, 2023	12583	0	0	0
Nov 20, 2023	12583	0	0	0
Nov 21, 2023	12583	0	0	0
Nov 22, 2023	12583	0	0	0
Nov 23, 2023	12583	0	0	0
Nov 24, 2023	12583	0	0	0
Nov 25, 2023	12583	0	0	0
Nov 26, 2023	12583	0	0	0
Nov 27, 2023	12583	0	0	0
Nov 28, 2023	12583	0	0	0
Nov 29, 2023	12583	0	0	0
Nov 30, 2023	12583	0	0	0
Dec 01, 2023	12583	0	0	0
Dec 02, 2023	12583	0	0	0
Dec 03, 2023	12583	0	0	0
Dec 04, 2023	12583	0	0	0
Dec 05, 2023	12583	0	0	0
Dec 06, 2023	12583	0	0	0
Dec 07, 2023	12583	0	0	0
Dec 08, 2023	12583	0	0	0
Dec 09, 2023	12583	0	0	0
Dec 10, 2023	12583	0	0	0
Dec 11, 2023	12583	0	0	0
Dec 12, 2023	12583	0	0	0
Dec 13, 2023	12583	0	0	0
Dec 14, 2023	12583	0	0	0
Dec 15, 2023	12583	0	0	0
Dec 16, 2023	12583	0	0	0
Dec 17, 2023	12583	0	0	0
Dec 18, 2023	12583	0	0	0
Dec 19, 2023	12583	0	0	0
Dec 20, 2023	12583	0	0	0
Dec 21, 2023	12583	0	0	0
Dec 22, 2023	12583	0	0	0
Dec 23, 2023	12583	0	0	0
Dec 24, 2023	12583	0	0	0
Dec 25, 2023	12583	0	0	0
Dec 26, 2023	12583	0	0	0
Dec 27, 2023	12583	0	0	0
Dec 28, 2023	12583	0	0	0
Dec 29, 2023	12583	0	0	0
Dec 30, 2023	12583	0	0	0
Dec 31, 2023	12583	0	0	0
Jan 01, 2024	12583	0	0	0
Jan 02, 2024	12583	0	0	0
Jan 03, 2024	12583	0	0	0
Jan 04, 2024	12583	0	0	0
Jan 05, 2024	12583	0	0	0
Jan 06, 2024	12583	0	0	0
Jan 07, 2024	12583	0	0	0
Jan 08, 2024	12583	0	0	0
Jan 09, 2024	12583	0	0	0
Jan 10, 2024	12583	0	0	0
Jan 11, 2024	12583	0	0	0
Jan 12, 2024	12583	0	0	0
Jan 13, 2024	12583	0	0	0
Jan 14, 2024	12583	0	0	0
Jan 15, 2024	12583	0	0	0
Jan 16, 2024	12583	0	0	0
Jan 17, 2024	12583	0	0	0
Jan 18, 2024	12583	0	0	0
Jan 19, 2024	12583	0	0	0
Jan 20, 2024	12583	0	0	0
Jan 21, 2024	12583	0	0	0
Jan 22, 2024	12583	0	0	0
Jan 23, 2024	12583	0	0	0
Jan 24, 2024	12583	0	0	0
Jan 25, 2024	12583	0	0	0
Jan 26, 2024	12583	0	0	0
Jan 27, 2024	12583	0	0	0
Jan 28, 2024	12583	0	0	0
Jan 29, 2024	12583	0	0	0
Jan 30, 2024	12583	0	0	0
Jan 31, 2024	12583	0	0	0
Feb 01, 2024	12583	0	0	0
Feb 02, 2024	12583	0	0	0
Feb 03, 2024	12583	0	0	0
Feb 04, 2024	12583	0	0	0
Feb 05, 2024	12583	0	0	0
Feb 06, 2024	12583	0	0	0
Feb 07, 2024	12583	0	0	0
Feb 08, 2024	12583	0	0	0
Feb 09, 2024	12583	0	0	0
Feb 10, 2024	12583	0	0	0
Feb 11, 2024	12583	0	0	0
Feb 12, 2024	12583	0	0	0
Feb 13, 2024	12583	0	0	0
Feb 14, 2024	12583	0	0	0
Feb 15, 2024	12583	0	0	0
Feb 16, 2024	12583	0	0	0
Feb 17, 2024	12583	0	0	0
Feb 18, 2024	12583	0	0	0
Feb 19, 2024	12583	0	0	0
Feb 20, 2024	12583	0	0	0
Feb 21, 2024	12583	0	0	0
Feb 22, 2024	12583	0	0	0
Feb 23, 2024	12583	0	0	0
Feb 24, 2024	12583	0	0	0
Feb 25, 2024	12583	0	0	0
Feb 26, 2024	12583	0	0	0
Feb 27, 2024	12583	0	0	0
Feb 28, 2024	12583	0	0	0
Feb 29, 2024	12583	0	0	0
Mar 01, 2024	12583	0	0	0
Mar 02, 2024	12583	0	0	0
Mar 03, 2024	12583	0	0	0
Mar 04, 2024	12583	0	0	0
Mar 05, 2024	12583	0	0	0
Mar 06, 2024	12583	0	0	0
Mar 07, 2024	12583	0	0	0
Mar 08, 2024	12583	0	0	0
Mar 09, 2024	12583	0	0	0
Mar 10, 2024	12583	0	0	0
Mar 11, 2024	12583	0	0	0
Mar 12, 2024	12583	0	0	0
Mar 13, 2024	12583	NA	NA	0
Mar 14, 2024	12583	NA	NA	0
Mar 15, 2024	12583	NA	NA	0
Mar 16, 2024	12583	NA	NA	0
Mar 17, 2024	12583	NA	NA	0
Mar 18, 2024	12583	NA	NA	0
Mar 19, 2024	12583	NA	NA	0
Mar 20, 2024	12583	NA	NA	0
Mar 21, 2024	12583	NA	NA	0
Mar 22, 2024	12583	NA	NA	0
Mar 23, 2024	12583	NA	NA	0
Mar 24, 2024	12583	NA	NA	NA
