Dates	Active	Deaths	Newcases	recover
Feb 15, 2020	0	0	0	0
Feb 16, 2020	0	0	0	0
Feb 17, 2020	0	0	0	0
Feb 18, 2020	0	0	0	0
Feb 19, 2020	0	0	2	0
Feb 20, 2020	0	0	2	0
Feb 21, 2020	0	0	3	0
Feb 22, 2020	0	0	9	0
Feb 23, 2020	0	0	0	0
Feb 24, 2020	0	0	0	0
Feb 25, 2020	1	0	2	0
Feb 26, 2020	1	0	1	0
Feb 27, 2020	1	0	0	0
Feb 28, 2020	1	0	0	0
Feb 29, 2020	1	0	0	0
Mar 01, 2020	3	2	6	0
Mar 02, 2020	5	0	0	0
Mar 03, 2020	8	1	13	0
Mar 04, 2020	17	1	15	0
Mar 05, 2020	17	0	6	0
Mar 06, 2020	17	1	1	0
Mar 07, 2020	19	2	14	0
Mar 08, 2020	20	2	15	0
Mar 09, 2020	20	2	4	0
Mar 10, 2020	20	4	45	0
Mar 11, 2020	12	2	62	0
Mar 12, 2020	14	0	29	0
Mar 13, 2020	14	2	34	0
Mar 14, 2020	26	2	38	0
Mar 15, 2020	40	4	65	0
Mar 16, 2020	46	1	42	0
Mar 17, 2020	46	3	45	0
Mar 18, 2020	36	2	57	0
Mar 19, 2020	49	4	73	6
Mar 20, 2020	51	9	132	2
Mar 21, 2020	59	14	131	0
Mar 22, 2020	119	28	139	3
Mar 23, 2020	148	19	185	6
Mar 24, 2020	221	25	80	5
Mar 25, 2020	216	22	69	0
Mar 26, 2020	313	21	103	21
Mar 27, 2020	354	20	45	18
Mar 28, 2020	394	12	104	14
Mar 29, 2020	449	30	94	81
Mar 30, 2020	512	21	95	0
Mar 31, 2020	626	19	64	78
Apr 01, 2020	728	18	89	101
Apr 02, 2020	839	20	69	92
Apr 03, 2020	1004	13	87	101
Apr 04, 2020	1031	10	90	90
Apr 05, 2020	1078	12	108	110
Apr 06, 2020	1160	16	150	170
Apr 07, 2020	1162	3	116	217
Apr 08, 2020	1130	8	95	159
Apr 09, 2020	1084	9	89	297
Apr 10, 2020	1100	8	93	293
Apr 11, 2020	1090	10	99	195
Apr 12, 2020	1030	5	97	308
Apr 13, 2020	1069	8	120	279
Apr 14, 2020	1053	4	129	291
Apr 15, 2020	1116	6	126	362
Apr 16, 2020	1137	7	135	322
Apr 17, 2020	1208	5	132	414
Apr 18, 2020	1273	7	199	303
Apr 19, 2020	1207	6	158	338
Apr 20, 2020	1235	3	148	293
Apr 21, 2020	1267	6	141	417
Apr 22, 2020	1304	4	179	418
Apr 23, 2020	1245	2	174	523
Apr 24, 2020	1304	5	190	419
Apr 25, 2020	1358	6	159	278
Apr 26, 2020	1449	7	185	303
Apr 27, 2020	1527	5	187	383
Apr 28, 2020	1561	6	189	347
Apr 29, 2020	1702	8	165	523
Apr 30, 2020	1777	5	168	438
May 01, 2020	1880	8	176	554
May 02, 2020	1964	7	186	469
May 03, 2020	2075	7	189	374
May 04, 2020	2185	7	187	295
May 05, 2020	2301	6	192	479
May 06, 2020	2324	6	198	475
May 07, 2020	2376	7	182	496
May 08, 2020	2414	6	176	507
May 09, 2020	2518	7	165	445
May 10, 2020	2543	7	186	493
May 11, 2020	2543	7	190	520
May 12, 2020	2554	10	195	740
May 13, 2020	2673	8	193	790
May 14, 2020	2755	9	197	959
May 15, 2020	2822	8	194	1400
May 16, 2020	2870	6	160	1199
May 17, 2020	2964	7	140	952
May 18, 2020	3021	8	137	1342
May 19, 2020	3070	8	133	997
May 20, 2020	3006	7	127	1488
May 21, 2020	3091	8	119	1350
May 22, 2020	3080	6	113	1204
May 23, 2020	3095	6	107	1602
May 24, 2020	3128	8	98	1154
May 25, 2020	3147	9	104	1613
May 26, 2020	3162	8	115	2625
May 27, 2020	3105	9	104	2610
May 28, 2020	3090	8	111	2448
May 29, 2020	3074	9	117	1833
May 30, 2020	3072	8	102	2296
May 31, 2020	2993	9	105	2219
Jun 01, 2020	2958	10	109	0
Jun 02, 2020	2892	9	112	41227
Jun 03, 2020	2842	7	109	4575
Jun 04, 2020	2853	10	112	4883
Jun 05, 2020	2792	11	116	0
Jun 06, 2020	2721	11	121	0
Jun 07, 2020	2730	12	117	0
Jun 08, 2020	2751	14	119	0
Jun 09, 2020	2707	12	127	0
Jun 10, 2020	2678	8	140	30813
Jun 11, 2020	2593	7	149	4914
Jun 12, 2020	2625	9	156	5938
Jun 13, 2020	2630	8	172	6408
Jun 14, 2020	2546	9	197	5088
Jun 15, 2020	2519	7	240	7440
Jun 16, 2020	2517	7	283	0
Jun 17, 2020	2526	5	305	30209
Jun 18, 2020	2496	8	298	5050
Jun 19, 2020	2483	7	336	5118
Jun 20, 2020	2470	8	365	3960
Jun 21, 2020	2504	8	385	4828
Jun 22, 2020	2509	9	413	5173
Jun 23, 2020	2541	9	430	4523
Jun 24, 2020	2587	6	441	4234
Jun 25, 2020	2647	7	463	4104
Jun 26, 2020	2734	9	475	4624
Jun 27, 2020	2874	10	469	4155
Jun 28, 2020	3005	10	460	3944
Jun 29, 2020	2992	8	434	5075
Jun 30, 2020	3098	8	470	4214
Jul 01, 2020	3312	7	483	3804
Jul 02, 2020	3387	7	494	4096
Jul 03, 2020	3301	10	527	4102
Jul 04, 2020	3373	12	554	3587
Jul 05, 2020	3497	12	585	3339
Jul 06, 2020	3561	5	593	3874
Jul 07, 2020	3817	11	601	3458
Jul 08, 2020	4041	10	535	3219
Jul 09, 2020	4183	9	607	3131
Jul 10, 2020	4122	13	587	3061
Jul 11, 2020	4584	11	594	2788
Jul 12, 2020	4441	13	612	2654
Jul 13, 2020	4652	12	675	2664
Jul 14, 2020	4893	10	605	2865
Jul 15, 2020	4938	9	593	3216
Jul 16, 2020	5196	8	616	1513
Jul 17, 2020	5461	11	642	2635
Jul 18, 2020	5737	12	614	2345
Jul 19, 2020	5955	14	602	2198
Jul 20, 2020	6204	10	563	2824
Jul 21, 2020	6532	13	556	2425
Jul 22, 2020	6778	8	515	2190
Jul 23, 2020	6991	8	507	2265
Jul 24, 2020	7654	9	532	2473
Jul 25, 2020	7542	13	551	1926
Jul 26, 2020	8114	12	571	1859
Jul 27, 2020	7973	9	529	2378
Jul 28, 2020	8208	11	538	2225
Jul 29, 2020	8451	9	521	2071
Jul 30, 2020	8549	10	498	1699
Jul 31, 2020	8647	10	492	2180
Aug 01, 2020	8739	11	495	1904
Aug 02, 2020	8815	8	488	1565
Aug 03, 2020	8832	10	477	2354
Aug 04, 2020	8881	9	469	1961
Aug 05, 2020	8992	10	450	1877
Aug 06, 2020	9115	9	442	2000
Aug 07, 2020	9206	12	419	1965
Aug 08, 2020	9317	11	403	1693
Aug 09, 2020	9406	9	411	1516
Aug 10, 2020	9480	7	409	2199
Aug 11, 2020	9619	6	401	1878
Aug 12, 2020	9739	11	392	1712
Aug 13, 2020	9842	11	398	1906
Aug 14, 2020	10005	10	370	1914
Aug 15, 2020	10129	9	391	1877
Aug 16, 2020	10196	10	397	1557
Aug 17, 2020	10299	8	387	2055
Aug 18, 2020	10400	8	378	1845
Aug 19, 2020	10474	10	365	1778
Aug 20, 2020	10566	9	348	1834
Aug 21, 2020	10662	8	339	1833
Aug 22, 2020	10770	5	325	1449
Aug 23, 2020	10883	6	311	1285
Aug 24, 2020	11043	10	304	1999
Aug 25, 2020	11185	10	298	1805
Aug 26, 2020	11268	7	293	1654
Aug 27, 2020	11384	6	289	1530
Aug 28, 2020	11484	9	285	1731
Aug 29, 2020	11573	10	278	1401
Aug 30, 2020	11667	10	272	1295
Aug 31, 2020	11740	8	264	1911
Sep 01, 2020	11822	6	255	1893
Sep 02, 2020	11889	7	247	1726
Sep 03, 2020	11934	8	242	1839
Sep 04, 2020	11975	12	238	1719
Sep 05, 2020	12041	13	232	1432
Sep 06, 2020	12063	9	228	1318
Sep 07, 2020	12106	5	219	2013
Sep 08, 2020	12184	6	210	1825
Sep 09, 2020	12256	7	203	1801
Sep 10, 2020	12335	7	197	1708
Sep 11, 2020	12430	10	191	1855
Sep 12, 2020	12527	9	186	1407
Sep 13, 2020	12605	5	179	1399
Sep 14, 2020	12672	4	175	2219
Sep 15, 2020	12717	4	160	1909
Sep 16, 2020	12804	3	153	2075
Sep 17, 2020	12865	5	146	2053
Sep 18, 2020	12936	7	155	2120
Sep 19, 2020	13035	10	162	1645
Sep 20, 2020	13107	5	160	1365
Sep 21, 2020	13164	8	157	2065
Sep 22, 2020	13218	7	148	1989
Sep 23, 2020	13274	4	141	1711
Sep 24, 2020	13332	8	134	1704
Sep 25, 2020	13393	0	129	4390
Sep 26, 2020	13447	3	121	1429
Sep 27, 2020	13493	12	138	2113
Sep 28, 2020	13532	6	146	1764
Sep 29, 2020	13579	6	136	1842
Sep 30, 2020	13620	6	132	1700
Oct 01, 2020	13667	8	153	1839
Oct 02, 2020	13713	9	174	1402
Oct 03, 2020	13757	9	185	1165
Oct 04, 2020	13798	0	193	1981
Oct 05, 2020	13830	14	221	1580
Oct 06, 2020	13868	5	205	1436
Oct 07, 2020	13892	10	199	1617
Oct 08, 2020	13917	9	214	1665
Oct 09, 2020	13948	8	213	1275
Oct 10, 2020	13975	7	252	1093
Oct 11, 2020	14101	8	276	1638
Oct 12, 2020	14034	9	273	1619
Oct 13, 2020	14089	10	250	1558
Oct 14, 2020	14154	7	263	1582
Oct 15, 2020	14347	8	276	1531
Oct 16, 2020	14301	9	287	1337
Oct 17, 2020	14386	10	320	1033
Oct 18, 2020	14458	8	306	1265
Oct 19, 2020	14536	7	319	1767
Oct 20, 2020	14610	8	291	1613
Oct 21, 2020	14719	9	330	1517
Oct 22, 2020	14851	7	302	1425
Oct 23, 2020	14945	0	405	1246
Oct 24, 2020	15041	19	548	1123
Oct 25, 2020	15134	12	642	1698
Oct 26, 2020	15224	13	631	1481
Oct 27, 2020	15331	12	581	1395
Oct 28, 2020	15450	12	670	1295
Oct 29, 2020	15748	14	642	1350
Oct 30, 2020	15681	15	753	1118
Oct 31, 2020	15777	16	811	1031
Nov 01, 2020	15904	18	851	1591
Nov 02, 2020	16017	13	867	1508
Nov 03, 2020	16422	15	844	1503
Nov 04, 2020	16527	15	860	1218
Nov 05, 2020	16914	14	910	1340
Nov 06, 2020	17266	18	1002	1054
Nov 07, 2020	17562	20	1038	1079
Nov 08, 2020	17966	18	1023	1727
Nov 09, 2020	18306	12	1103	1473
Nov 10, 2020	18743	19	1019	1313
Nov 11, 2020	19184	20	1088	1343
Nov 12, 2020	20017	19	1005	1353
Nov 13, 2020	20072	15	1133	1170
Nov 14, 2020	20481	20	1025	1052
Nov 15, 2020	20892	23	1085	1632
Nov 16, 2020	21273	20	1058	1529
Nov 17, 2020	22257	21	1044	1366
Nov 18, 2020	22097	17	1009	1319
Nov 19, 2020	22466	21	978	1332
Nov 20, 2020	22938	16	953	1150
Nov 21, 2020	23336	17	932	1027
Nov 22, 2020	23793	16	843	1557
Nov 23, 2020	24152	12	803	1393
Nov 24, 2020	24621	9	772	1401
Nov 25, 2020	24984	15	750	1377
Nov 26, 2020	25424	11	573	1486
Nov 27, 2020	25850	12	591	1140
Nov 28, 2020	26251	15	598	1070
Nov 29, 2020	26607	10	565	1683
Nov 30, 2020	26959	11	542	1501
Dec 01, 2020	27300	9	517	1446
Dec 02, 2020	27630	12	464	1400
Dec 03, 2020	27909	13	495	1410
Dec 04, 2020	28159	14	468	1190
Dec 05, 2020	28384	8	442	1036
Dec 06, 2020	28590	9	426	1787
Dec 07, 2020	28650	7	438	1766
Dec 08, 2020	28731	12	410	1683
Dec 09, 2020	29314	7	422	1677
Dec 10, 2020	28880	9	456	1665
Dec 11, 2020	28956	12	410	1420
Dec 12, 2020	29026	9	480	1227
Dec 13, 2020	29049	9	458	2044
Dec 14, 2020	29100	11	434	1589
Dec 15, 2020	29135	6	416	1893
Dec 16, 2020	29176	6	392	1884
Dec 17, 2020	29204	9	382	1912
Dec 18, 2020	29237	8	357	1664
Dec 19, 2020	29253	6	323	1533
Dec 20, 2020	29277	5	299	2334
Dec 21, 2020	29340	6	287	2222
Dec 22, 2020	29362	7	262	2039
Dec 23, 2020	29452	3	249	1980
Dec 24, 2020	29525	5	237	2054
Dec 25, 2020	29581	5	228	1805
Dec 26, 2020	29630	4	247	1783
Dec 27, 2020	29659	6	262	2672
Dec 28, 2020	29680	6	275	2400
Dec 29, 2020	29693	5	256	2425
Dec 30, 2020	29705	4	231	2144
Dec 31, 2020	29727	5	225	1915
Jan 01, 2021	29740	4	272	2535
Jan 02, 2021	29779	3	219	2474
Jan 03, 2021	29828	3	267	3728
Jan 04, 2021	29869	5	254	3088
Jan 05, 2021	29906	4	230	3115
Jan 06, 2021	29951	5	222	2675
Jan 07, 2021	30001	4	259	2735
Jan 08, 2021	30057	3	249	3088
Jan 09, 2021	30099	6	265	3022
Jan 10, 2021	30125	4	246	4823
Jan 11, 2021	30154	3	272	4156
Jan 12, 2021	30217	5	245	4216
Jan 13, 2021	30250	2	227	4112
Jan 14, 2021	30313	3	258	3991
Jan 15, 2021	30366	5	243	3416
Jan 16, 2021	30407	6	262	2859
Jan 17, 2021	30443	4	251	4566
Jan 18, 2021	30505	3	277	4157
Jan 19, 2021	30565	4	235	4106
Jan 20, 2021	30630	3	217	3942
Jan 21, 2021	30656	3	239	4289
Jan 22, 2021	30716	4	263	3515
Jan 23, 2021	30753	2	275	3111
Jan 24, 2021	30788	4	265	4892
Jan 25, 2021	30845	5	248	4341
Jan 26, 2021	30890	2	223	4236
Jan 27, 2021	30944	3	236	4091
Jan 28, 2021	30984	4	225	4167
Jan 29, 2021	31047	6	246	3280
Jan 30, 2021	31082	2	223	2817
Jan 31, 2021	31104	4	267	4573
Feb 01, 2021	31154	2	254	3871
Feb 02, 2021	31211	3	210	3651
Feb 03, 2021	31276	4	198	3723
Feb 04, 2021	31341	4	183	3506
Feb 05, 2021	31390	2	175	2716
Feb 06, 2021	31433	2	178	2339
Feb 07, 2021	31482	3	171	4400
Feb 08, 2021	31524	4	182	3611
Feb 09, 2021	31578	4	164	3391
Feb 10, 2021	31613	3	153	3390
Feb 11, 2021	31683	3	177	3519
Feb 12, 2021	31743	3	185	2983
Feb 13, 2021	31762	3	182	2482
Feb 14, 2021	31773	3	161	4060
Feb 15, 2021	31783	4	183	3688
Feb 16, 2021	31794	2	155	3692
Feb 17, 2021	31811	4	132	3359
Feb 18, 2021	31828	4	163	3338
Feb 19, 2021	31849	4	175	2821
Feb 20, 2021	31866	5	163	2557
Feb 21, 2021	31880	6	168	3999
Feb 22, 2021	31905	5	187	3543
Feb 23, 2021	31930	3	156	3619
Feb 24, 2021	31954	3	130	3413
Feb 25, 2021	31966	5	148	3654
Feb 26, 2021	31986	4	161	3124
Feb 27, 2021	32005	4	138	2721
Feb 28, 2021	32011	2	170	4639
Mar 01, 2021	32034	3	157	3939
Mar 02, 2021	32062	3	135	3968
Mar 03, 2021	32073	2	122	3990
Mar 04, 2021	32087	4	145	4124
Mar 05, 2021	32117	5	130	3634
Mar 06, 2021	32148	3	148	3351
Mar 07, 2021	32157	3	154	5641
Mar 08, 2021	32177	2	128	4841
Mar 09, 2021	32202	2	96	4817
Mar 10, 2021	32227	2	91	4822
Mar 11, 2021	32267	4	98	5159
Mar 12, 2021	32305	5	94	4509
Mar 13, 2021	32326	3	89	3947
Mar 14, 2021	32342	2	105	6122
Mar 15, 2021	32376	3	114	5635
Mar 16, 2021	32392	3	93	5720
Mar 17, 2021	32421	3	86	5459
Mar 18, 2021	32444	4	110	5956
Mar 19, 2021	32462	5	115	5116
Mar 20, 2021	32445	4	131	4557
Mar 21, 2021	32441	3	112	7417
Mar 22, 2021	32307	3	125	6501
Mar 23, 2021	32302	3	95	6546
Mar 24, 2021	32304	3	98	6228
Mar 25, 2021	32407	3	117	6760
Mar 26, 2021	32423	4	140	5772
Mar 27, 2021	32431	4	125	5190
Mar 28, 2021	32440	3	112	8099
Mar 29, 2021	32513	4	135	7232
Mar 30, 2021	32530	3	127	6962
Mar 31, 2021	32561	4	138	6864
Apr 01, 2021	32576	4	129	7488
Apr 02, 2021	32601	3	154	5833
Apr 03, 2021	32609	4	176	5028
Apr 04, 2021	32621	3	167	8481
Apr 05, 2021	32637	4	181	7163
Apr 06, 2021	32671	4	163	6834
Apr 07, 2021	32696	3	156	7592
Apr 08, 2021	32708	5	163	5879
Apr 09, 2021	32736	5	187	5895
Apr 10, 2021	32759	7	182	5443
Apr 11, 2021	32786	9	189	8509
Apr 12, 2021	32807	9	199	7383
Apr 13, 2021	32849	8	174	6918
Apr 14, 2021	32905	9	186	6748
Apr 15, 2021	32950	10	190	6900
Apr 16, 2021	33006	8	232	5913
Apr 17, 2021	33048	9	236	4953
Apr 18, 2021	33090	10	286	7785
Apr 19, 2021	33131	9	242	6799
Apr 20, 2021	33191	8	203	6589
Apr 21, 2021	33237	9	211	6555
Apr 22, 2021	33282	10	195	6564
Apr 23, 2021	33334	9	282	5452
Apr 24, 2021	33371	10	273	4631
Apr 25, 2021	33416	8	201	7248
Apr 26, 2021	33455	8	219	6539
Apr 27, 2021	33521	6	208	6006
Apr 28, 2021	33601	7	204	5778
Apr 29, 2021	33682	7	184	6042
Apr 30, 2021	33747	8	195	5109
May 01, 2021	33801	7	199	4237
May 02, 2021	33854	5	207	6603
May 03, 2021	33903	5	170	5666
May 04, 2021	34017	6	135	5401
May 05, 2021	34104	8	117	4928
May 06, 2021	34159	7	174	5350
May 07, 2021	34228	7	208	4381
May 08, 2021	34299	7	203	3979
May 09, 2021	34356	6	260	6445
May 10, 2021	34399	4	278	5492
May 11, 2021	34437	6	217	5452
May 12, 2021	34475	7	209	5331
May 13, 2021	34531	8	247	5626
May 14, 2021	34562	7	254	4658
May 15, 2021	34577	7	285	4222
May 16, 2021	34578	8	280	7083
May 17, 2021	34628	7	272	6091
May 18, 2021	34696	5	258	6026
May 19, 2021	34755	5	269	5692
May 20, 2021	34853	7	188	6406
May 21, 2021	34963	8	405	5367
May 22, 2021	35032	10	322	4987
May 23, 2021	35096	7	336	7984
May 24, 2021	35184	7	385	6958
May 25, 2021	35256	6	320	6512
May 26, 2021	35345	8	277	6920
May 27, 2021	35438	9	325	5611
May 28, 2021	35511	10	364	5820
May 29, 2021	35577	7	387	5643
May 30, 2021	35635	8	321	8386
May 31, 2021	35602	8	372	7598
Jun 01, 2021	35781	5	343	7270
Jun 02, 2021	35869	6	318	6848
Jun 03, 2021	35962	8	354	7106
Jun 04, 2021	36090	9	373	6083
Jun 05, 2021	36176	10	343	5334
Jun 06, 2021	36242	7	382	8722
Jun 07, 2021	36343	10	379	8119
Jun 08, 2021	36459	9	367	7466
Jun 09, 2021	36596	7	342	7021
Jun 10, 2021	36671	10	366	7190
Jun 11, 2021	36783	9	385	5984
Jun 12, 2021	36885	10	370	5108
Jun 13, 2021	36965	9	354	7761
Jun 14, 2021	37069	9	369	7023
Jun 15, 2021	37172	7	341	6508
Jun 16, 2021	37274	8	352	6020
Jun 17, 2021	37404	6	375	6136
Jun 18, 2021	37511	9	389	5106
Jun 19, 2021	37626	8	397	4086
Jun 20, 2021	37726	10	449	6467
Jun 21, 2021	37831	9	475	5462
Jun 22, 2021	37945	10	457	5047
Jun 23, 2021	38058	10	464	4728
Jun 24, 2021	38135	10	495	4693
Jun 25, 2021	38216	10	481	3646
Jun 26, 2021	38320	11	585	3293
Jun 27, 2021	38437	12	620	3605
Jun 28, 2021	38569	13	831	4495
Jun 29, 2021	38706	13	813	3947
Jun 30, 2021	38821	12	768	3606
Jul 01, 2021	38969	15	878	3437
Jul 02, 2021	39114	16	941	2816
Jul 03, 2021	39231	15	914	2263
Jul 04, 2021	39329	13	1109	2767
Jul 05, 2021	39453	15	1197	3079
Jul 06, 2021	39571	12	1107	2899
Jul 07, 2021	39736	16	1099	2821
Jul 08, 2021	39923	18	1177	2698
Jul 09, 2021	40289	23	1298	2047
Jul 10, 2021	40561	15	1221	1863
Jul 11, 2021	40798	14	1208	2677
Jul 12, 2021	41081	18	1350	2242
Jul 13, 2021	41422	16	1305	2039
Jul 14, 2021	41723	21	1287	1971
Jul 15, 2021	42202	24	1505	1830
Jul 16, 2021	42796	25	1544	1521
Jul 17, 2021	43296	49	1927	1173
Jul 18, 2021	43767	28	1537	1879
Jul 19, 2021	44193	30	1521	1542
Jul 20, 2021	44764	35	1203	1515
Jul 21, 2021	45235	37	1172	1385
Jul 22, 2021	45668	38	1358	1093
Jul 23, 2021	46188	41	1307	1145
Jul 24, 2021	46875	34	1495	1047
Jul 25, 2021	47515	37	1289	1565
Jul 26, 2021	48251	46	1203	1359
Jul 27, 2021	49042	33	1140	1184
Jul 28, 2021	50070	30	1020	1141
Jul 29, 2021	50772	28	992	1147
Jul 30, 2021	51439	40	979	916
Jul 31, 2021	51862	36	844	821
Aug 01, 2021	52264	41	851	1217
Aug 02, 2021	52823	35	860	1063
Aug 03, 2021	53302	36	753	986
Aug 04, 2021	53911	28	603	911
Aug 05, 2021	54420	36	710	851
Aug 06, 2021	54841	37	695	772
Aug 07, 2021	55192	31	721	785
Aug 08, 2021	55473	31	694	1019
Aug 09, 2021	55716	28	578	942
Aug 10, 2021	55970	27	515	837
Aug 11, 2021	56103	20	412	788
Aug 12, 2021	56260	30	506	829
Aug 13, 2021	56417	29	537	665
Aug 14, 2021	56506	33	545	613
Aug 15, 2021	56438	25	503	958
Aug 16, 2021	56477	27	512	790
Aug 17, 2021	56520	31	485	738
Aug 18, 2021	56582	30	491	682
Aug 19, 2021	56633	31	412	682
Aug 20, 2021	56630	29	506	540
Aug 21, 2021	56632	33	447	531
Aug 22, 2021	56629	37	388	807
Aug 23, 2021	56704	34	393	665
Aug 24, 2021	56821	26	351	613
Aug 25, 2021	56932	21	345	562
Aug 26, 2021	57018	25	309	579
Aug 27, 2021	57117	26	332	465
Aug 28, 2021	57200	18	317	420
Aug 29, 2021	57286	30	313	675
Aug 30, 2021	57297	20	285	542
Aug 31, 2021	57416	19	262	544
Sep 01, 2021	57486	20	246	469
Sep 02, 2021	57503	18	233	450
Sep 03, 2021	57545	18	227	386
Sep 04, 2021	57585	16	242	335
Sep 05, 2021	57626	21	219	462
Sep 06, 2021	57636	19	235	412
Sep 07, 2021	57480	11	201	437
Sep 08, 2021	57719	13	175	386
Sep 09, 2021	57727	15	166	444
Sep 10, 2021	57757	16	182	372
Sep 11, 2021	57798	14	174	332
Sep 12, 2021	57828	9	161	544
Sep 13, 2021	57845	10	166	471
Sep 14, 2021	57862	9	125	423
Sep 15, 2021	57912	10	148	397
Sep 16, 2021	57928	9	155	460
Sep 17, 2021	57956	11	168	428
Sep 18, 2021	57969	8	153	396
Sep 19, 2021	57974	7	161	602
Sep 20, 2021	57980	3	158	494
Sep 21, 2021	57996	4	140	584
Sep 22, 2021	58021	3	132	509
Sep 23, 2021	58034	4	126	492
Sep 24, 2021	58059	5	131	485
Sep 25, 2021	58070	7	125	549
Sep 26, 2021	58093	5	105	879
Sep 27, 2021	58130	3	112	760
Sep 28, 2021	58171	4	102	687
Sep 29, 2021	58198	3	107	694
Sep 30, 2021	58238	2	98	640
Oct 01, 2021	58283	4	95	490
Oct 02, 2021	58314	3	110	562
Oct 03, 2021	58348	2	105	884
Oct 04, 2021	58379	3	101	717
Oct 05, 2021	58409	3	93	724
Oct 06, 2021	58435	2	87	712
Oct 07, 2021	58442	1	78	802
Oct 08, 2021	58464	2	89	708
Oct 09, 2021	58485	3	76	679
Oct 10, 2021	58506	3	70	1062
Oct 11, 2021	58521	2	84	982
Oct 12, 2021	58539	3	67	976
Oct 13, 2021	58571	4	72	972
Oct 14, 2021	58597	4	81	1046
Oct 15, 2021	58620	5	87	986
Oct 16, 2021	58642	5	79	1003
Oct 17, 2021	58656	3	91	1240
Oct 18, 2021	58666	6	110	1726
Oct 19, 2021	58681	5	88	1574
Oct 20, 2021	58693	2	94	1386
Oct 21, 2021	58701	4	114	1430
Oct 22, 2021	58722	3	83	1303
Oct 23, 2021	58735	4	105	1211
Oct 24, 2021	58737	5	124	1982
Oct 25, 2021	58745	3	117	1921
Oct 26, 2021	58756	2	84	1921
Oct 27, 2021	58765	4	77	1703
Oct 28, 2021	58785	5	98	1790
Oct 29, 2021	58825	4	131	1598
Oct 30, 2021	58839	6	124	1506
Oct 31, 2021	58865	6	115	2298
Nov 01, 2021	58896	5	140	2110
Nov 02, 2021	58911	6	109	1950
Nov 03, 2021	58934	7	97	1956
Nov 04, 2021	58976	7	134	1811
Nov 05, 2021	59007	6	141	1536
Nov 06, 2021	59016	8	135	1606
Nov 07, 2021	59025	4	152	2177
Nov 08, 2021	59049	6	163	2640
Nov 09, 2021	59099	2	144	2565
Nov 10, 2021	59143	4	113	2430
Nov 11, 2021	59173	5	159	2354
Nov 12, 2021	59227	4	172	1975
Nov 13, 2021	59262	5	180	1992
Nov 14, 2021	59288	6	161	2852
Nov 15, 2021	59337	5	193	2748
Nov 16, 2021	59391	6	163	2433
Nov 17, 2021	59439	6	172	2238
Nov 18, 2021	59501	6	192	2481
Nov 19, 2021	59555	7	187	1869
Nov 20, 2021	59599	5	192	1833
Nov 21, 2021	59626	7	198	2849
Nov 22, 2021	59672	6	191	2442
Nov 23, 2021	59721	7	185	2399
Nov 24, 2021	59783	7	172	2176
Nov 25, 2021	59812	8	193	2271
Nov 26, 2021	59869	3	197	1933
Nov 27, 2021	59899	8	188	1831
Nov 28, 2021	59934	4	177	2769
Nov 29, 2021	59985	6	210	2383
Nov 30, 2021	60010	5	218	2131
Dec 01, 2021	60045	8	196	1983
Dec 02, 2021	60085	6	210	1892
Dec 03, 2021	60114	4	230	1613
Dec 04, 2021	60147	10	245	1428
Dec 05, 2021	60171	6	212	2133
Dec 06, 2021	60201	4	299	1841
Dec 07, 2021	60234	5	286	1856
Dec 08, 2021	60248	4	262	1493
Dec 09, 2021	60252	6	243	1580
Dec 10, 2021	60296	8	310	1300
Dec 11, 2021	60343	7	285	1132
Dec 12, 2021	60363	8	293	1796
Dec 13, 2021	60388	9	375	1532
Dec 14, 2021	60431	7	278	1135
Dec 15, 2021	60470	9	261	1363
Dec 16, 2021	60505	8	293	1367
Dec 17, 2021	60606	8	335	1107
Dec 18, 2021	60702	9	382	994
Dec 19, 2021	60768	8	390	1502
Dec 20, 2021	60816	5	395	1275
Dec 21, 2021	60926	8	386	1179
Dec 22, 2021	61008	7	341	1089
Dec 23, 2021	61104	7	373	1137
Dec 24, 2021	61277	5	421	964
Dec 25, 2021	61358	7	462	1008
Dec 26, 2021	61414	8	410	1369
Dec 27, 2021	61490	7	491	1266
Dec 28, 2021	61598	5	426	1193
Dec 29, 2021	61767	9	415	1183
Dec 30, 2021	61912	10	482	1177
Dec 31, 2021	62072	14	557	1046
Jan 01, 2022	62226	9	610	1186
Jan 02, 2022	62313	11	577	1964
Jan 03, 2022	62405	10	596	1748
Jan 04, 2022	62555	11	505	1559
Jan 05, 2022	62758	8	573	1645
Jan 06, 2022	62903	11	692	1699
Jan 07, 2022	63093	12	810	1893
Jan 08, 2022	63296	8	1359	2520
Jan 09, 2022	63428	10	1552	4223
Jan 10, 2022	63575	15	1855	4187
Jan 11, 2022	63731	13	2211	4375
Jan 12, 2022	63965	14	2134	4359
Jan 13, 2022	64188	13	2215	5233
Jan 14, 2022	64455	8	2521	4792
Jan 15, 2022	64633	10	2162	5195
Jan 16, 2022	64855	13	2130	9513
Jan 17, 2022	65134	6	1870	9440
Jan 18, 2022	65497	10	1742	10154
Jan 19, 2022	66272	11	1464	10191
Jan 20, 2022	67158	13	1343	10873
Jan 21, 2022	68229	14	1403	10281
Jan 22, 2022	69439	11	1365	10743
Jan 23, 2022	70539	14	951	17643
Jan 24, 2022	71753	13	970	17606
Jan 25, 2022	73211	9	792	17560
Jan 26, 2022	74299	6	378	19547
Jan 27, 2022	75264	8	502	20698
Jan 28, 2022	76073	13	610	19491
Jan 29, 2022	76715	11	585	19098
Jan 30, 2022	78168	12	518	32258
Jan 31, 2022	77823	13	532	32072
Feb 01, 2022	78405	12	503	32013
Feb 02, 2022	79003	14	526	32015
Feb 03, 2022	79246	15	413	33191
Feb 04, 2022	79643	9	405	27462
Feb 05, 2022	79913	9	424	24936
Feb 06, 2022	79789	10	375	42657
Feb 07, 2022	79743	8	316	41565
Feb 08, 2022	79846	7	251	38428
Feb 09, 2022	79935	10	118	35978
Feb 10, 2022	80025	8	147	35234
Feb 11, 2022	80122	7	164	29313
Feb 12, 2022	80222	4	123	26272
Feb 13, 2022	80315	4	115	42721
Feb 14, 2022	80373	3	103	39816
Feb 15, 2022	80451	5	72	36232
Feb 16, 2022	80528	3	77	33600
Feb 17, 2022	80570	4	81	31474
Feb 18, 2022	80608	5	74	26103
Feb 19, 2022	80631	3	69	23224
Feb 20, 2022	80624	5	51	37720
Feb 21, 2022	80578	4	56	33817
Feb 22, 2022	80587	1	41	31109
Feb 23, 2022	80590	2	38	27992
Feb 24, 2022	80602	2	32	26873
Feb 25, 2022	80606	1	26	21445
Feb 26, 2022	80584	2	23	19448
Feb 27, 2022	80587	1	20	30861
Feb 28, 2022	80588	0	25	27264
Mar 01, 2022	80587	1	19	24111
Mar 02, 2022	80564	2	22	22101
Mar 03, 2022	80550	2	25	21739
Mar 04, 2022	80548	2	21	17248
Mar 05, 2022	80547	1	18	15487
Mar 06, 2022	80546	1	15	25031
Mar 07, 2022	80542	1	13	21403
Mar 08, 2022	80539	0	15	19299
Mar 09, 2022	80531	0	11	17788
Mar 10, 2022	80528	1	12	17190
Mar 11, 2022	80522	1	11	14417
Mar 12, 2022	80517	0	12	12607
Mar 13, 2022	80518	0	14	19787
Mar 14, 2022	80518	0	13	17020
Mar 15, 2022	80516	0	9	16198
Mar 16, 2022	80510	0	8	14727
Mar 17, 2022	80504	0	12	14296
Mar 18, 2022	80497	1	10	11884
Mar 19, 2022	80494	0	11	10936
Mar 20, 2022	80491	0	9	16540
Mar 21, 2022	80492	0	8	13314
Mar 22, 2022	80493	0	5	11867
Mar 23, 2022	80498	0	7	9931
Mar 24, 2022	80501	0	3	9253
Mar 25, 2022	80504	0	5	7040
Mar 26, 2022	80505	0	6	6230
Mar 27, 2022	80505	0	2	9856
Mar 28, 2022	80507	0	7	7854
Mar 29, 2022	80507	0	6	7170
Mar 30, 2022	80507	0	4	6172
Mar 31, 2022	80509	0	3	6010
Apr 01, 2022	80509	0	3	4597
Apr 02, 2022	80510	0	1	4227
Apr 03, 2022	80512	0	2	6503
Apr 04, 2022	80512	0	5	5262
Apr 05, 2022	80513	0	1	4807
Apr 06, 2022	80516	0	0	4075
Apr 07, 2022	80515	0	2	3813
Apr 08, 2022	80522	0	5	3015
Apr 09, 2022	80527	0	0	2851
Apr 10, 2022	80529	0	8	4485
Apr 11, 2022	80530	0	7	3743
Apr 12, 2022	80529	0	0	3108
Apr 13, 2022	80530	1	6	2856
Apr 14, 2022	80530	0	4	2807
Apr 15, 2022	80533	0	1	2258
Apr 16, 2022	80533	0	1	2113
Apr 17, 2022	80530	0	3	3195
Apr 18, 2022	80531	0	3	2585
Apr 19, 2022	80536	0	1	2237
Apr 20, 2022	80535	0	2	2046
Apr 21, 2022	80539	0	0	1680
Apr 22, 2022	80544	0	0	1922
Apr 23, 2022	80543	0	0	2095
Apr 24, 2022	80546	0	4	3240
Apr 25, 2022	80547	0	5	2492
Apr 26, 2022	80547	0	3	2159
Apr 27, 2022	80548	0	4	1989
Apr 28, 2022	80548	0	2	1911
Apr 29, 2022	80549	0	4	1761
Apr 30, 2022	80550	0	2	1645
May 01, 2022	80549	0	2	2559
May 02, 2022	80549	0	6	2344
May 03, 2022	80549	0	2	2168
May 04, 2022	80549	0	2	2017
May 05, 2022	80552	0	5	2084
May 06, 2022	80555	0	5	2118
May 07, 2022	80557	0	6	2204
May 08, 2022	80560	0	7	3383
May 09, 2022	80560	0	6	3228
May 10, 2022	80563	0	4	2974
May 11, 2022	80563	0	3	2836
May 12, 2022	80562	0	1	2900
May 13, 2022	80568	0	5	2975
May 14, 2022	80570	0	2	3076
May 15, 2022	80569	0	2	4707
May 16, 2022	80574	0	6	4716
May 17, 2022	80579	0	3	4600
May 18, 2022	80583	0	0	4268
May 19, 2022	80590	0	4	4552
May 20, 2022	80591	0	7	4536
May 21, 2022	80595	0	3	4335
May 22, 2022	80593	0	2	7045
May 23, 2022	80594	0	0	6366
May 24, 2022	80588	0	0	6065
May 25, 2022	80588	0	8	5745
May 26, 2022	80589	0	3	6204
May 27, 2022	80595	0	4	5349
May 28, 2022	80598	0	5	5549
May 29, 2022	80598	0	11	8820
May 30, 2022	80602	0	5	8336
May 31, 2022	80593	0	0	7775
Jun 01, 2022	80596	0	2	7193
Jun 02, 2022	80596	0	10	7088
Jun 03, 2022	80596	0	6	6332
Jun 04, 2022	80596	0	9	5904
Jun 05, 2022	80601	0	12	9926
Jun 06, 2022	80602	0	4	8852
Jun 07, 2022	80603	0	3	8941
Jun 08, 2022	80606	0	4	8202
Jun 09, 2022	80613	0	10	8950
Jun 10, 2022	80615	0	8	8305
Jun 11, 2022	80615	0	13	7900
Jun 12, 2022	80615	0	9	12888
Jun 13, 2022	80620	0	10	11438
Jun 14, 2022	80623	0	5	10592
Jun 15, 2022	80628	0	8	9980
Jun 16, 2022	80634	0	11	10073
Jun 17, 2022	80634	0	13	8630
Jun 18, 2022	80634	0	11	8171
Jun 19, 2022	80636	0	14	13416
Jun 20, 2022	80640	0	18	11685
Jun 21, 2022	80644	0	10	10770
Jun 22, 2022	80650	0	13	9701
Jun 23, 2022	80653	0	45	9226
Jun 24, 2022	80656	0	0	7546
Jun 25, 2022	80657	0	8	6885
Jun 26, 2022	80660	0	21	11791
Jun 27, 2022	80664	0	26	8587
Jun 28, 2022	80669	0	18	11813
Jun 29, 2022	80672	0	11	9858
Jun 30, 2022	80675	0	17	9217
Jul 01, 2022	80680	0	29	7879
Jul 02, 2022	80678	0	25	6909
Jul 03, 2022	80677	0	28	8653
Jul 04, 2022	80706	0	36	11748
Jul 05, 2022	80706	0	32	10238
Jul 06, 2022	80682	0	21	8795
Jul 07, 2022	80686	0	42	8551
Jul 08, 2022	80694	0	55	7422
Jul 09, 2022	80696	0	49	6931
Jul 10, 2022	80707	0	63	10936
Jul 11, 2022	80698	0	46	9560
Jul 12, 2022	80713	0	72	8638
Jul 13, 2022	80725	1	67	8091
Jul 14, 2022	80734	0	77	7854
Jul 15, 2022	80757	0	94	6612
Jul 16, 2022	80780	0	86	6288
Jul 17, 2022	80785	0	98	9598
Jul 18, 2022	80808	0	93	8129
Jul 19, 2022	80838	0	87	7434
Jul 20, 2022	80852	0	80	6219
Jul 21, 2022	80868	0	92	6158
Jul 22, 2022	80877	0	111	5345
Jul 23, 2022	80910	0	120	5289
Jul 24, 2022	80929	1	125	9024
Jul 25, 2022	80955	1	131	7889
Jul 26, 2022	80983	0	108	7572
Jul 27, 2022	81015	0	113	7139
Jul 28, 2022	81047	0	102	7411
Jul 29, 2022	81072	0	122	6867
Jul 30, 2022	81098	0	106	6541
Jul 31, 2022	81114	0	134	10378
Aug 01, 2022	81136	0	148	8837
Aug 02, 2022	81170	0	142	8430
Aug 03, 2022	81201	0	133	6601
Aug 04, 2022	81237	0	128	6602
Aug 05, 2022	81269	0	112	8184
Aug 06, 2022	81283	0	92	7646
Aug 07, 2022	81300	0	83	7532
Aug 08, 2022	81324	0	94	12328
Aug 09, 2022	81342	0	81	10558
Aug 10, 2022	81359	0	74	10033
Aug 11, 2022	81383	0	89	9376
Aug 12, 2022	81413	0	77	9495
Aug 13, 2022	81442	0	72	9218
Aug 14, 2022	81473	0	54	8458
Aug 15, 2022	81492	0	48	13732
Aug 16, 2022	81503	0	30	11781
Aug 17, 2022	81509	0	19	11135
Aug 18, 2022	81511	0	41	0
Aug 19, 2022	81521	0	37	18721
Aug 20, 2022	81523	0	32	7626
Aug 21, 2022	81519	0	55	6902
Aug 22, 2022	81534	0	46	0
Aug 23, 2022	81538	0	21	19792
Aug 24, 2022	81542	1	17	9411
Aug 25, 2022	81535	0	18	0
Aug 26, 2022	81532	0	15	16290
Aug 27, 2022	81509	0	13	6900
Aug 28, 2022	81487	0	18	0
Aug 29, 2022	81485	0	15	15291
Aug 30, 2022	81487	0	10	7843
Aug 31, 2022	81488	0	7	0
Sep 01, 2022	81505	0	12	13154
Sep 02, 2022	81515	0	0	0
Sep 03, 2022	81507	0	19	11084
Sep 04, 2022	81497	0	14	4775
Sep 05, 2022	81494	0	15	6659
Sep 06, 2022	81490	0	7	5660
Sep 07, 2022	81483	0	3	5095
Sep 08, 2022	81484	0	3	0
Sep 09, 2022	81485	0	0	8943
Sep 10, 2022	81484	0	7	3957
Sep 11, 2022	81479	0	6	3619
Sep 12, 2022	81478	0	5	0
Sep 13, 2022	81478	0	7	10670
Sep 14, 2022	81480	0	4	4136
Sep 15, 2022	81485	0	8	3661
Sep 16, 2022	81490	0	5	3615
Sep 17, 2022	81489	0	8	3055
Sep 18, 2022	81486	0	6	0
Sep 19, 2022	81480	0	5	0
Sep 20, 2022	81480	0	3	9698
Sep 21, 2022	81474	0	3	2669
Sep 22, 2022	81473	0	3	2231
Sep 23, 2022	81472	0	8	1939
Sep 24, 2022	81474	0	3	0
Sep 25, 2022	81474	2	4	5148
Sep 26, 2022	81477	0	4	3274
Sep 27, 2022	81478	0	0	4565
Sep 28, 2022	81481	0	6	0
Sep 29, 2022	81483	0	6	7462
Sep 30, 2022	81485	0	3	3168
Oct 01, 2022	81484	0	6	2977
Oct 02, 2022	81484	0	4	2799
Oct 03, 2022	81484	0	8	4139
Oct 04, 2022	81487	0	0	0
Oct 05, 2022	81487	0	6	6565
Oct 06, 2022	81487	0	17	2719
Oct 07, 2022	81488	0	9	2674
Oct 08, 2022	81484	0	2	2544
Oct 09, 2022	81487	0	1	2669
Oct 10, 2022	81489	0	2	4096
Oct 11, 2022	81489	0	0	3433
Oct 12, 2022	81493	0	12	3064
Oct 13, 2022	81494	0	5	3026
Oct 14, 2022	81500	0	12	2939
Oct 15, 2022	81500	0	10	0
Oct 16, 2022	81499	0	7	5715
Oct 17, 2022	81509	0	9	13276
Oct 18, 2022	81515	0	3	0
Oct 19, 2022	81514	0	7	8169
Oct 20, 2022	81511	0	2	4036
Oct 21, 2022	81510	0	1	4222
Oct 22, 2022	81510	0	1	7620
Oct 23, 2022	81515	0	7	5520
Oct 24, 2022	81515	0	9	5418
Oct 25, 2022	81520	0	6	5623
Oct 26, 2022	81526	0	11	0
Oct 27, 2022	81528	0	8	10304
Oct 28, 2022	81533	0	10	5021
Oct 29, 2022	81533	0	15	0
Oct 30, 2022	81536	0	11	14528
Oct 31, 2022	81536	0	7	5605
Nov 01, 2022	81532	0	5	4865
Nov 02, 2022	81531	0	10	4334
Nov 03, 2022	81535	0	13	0
Nov 04, 2022	81542	0	17	7420
Nov 05, 2022	81544	0	12	5244
Nov 06, 2022	81550	0	15	5180
Nov 07, 2022	81553	0	0	7836
Nov 08, 2022	81558	0	15	7496
Nov 09, 2022	81565	0	12	6762
Nov 10, 2022	81570	0	5	5336
Nov 11, 2022	81573	0	7	5533
Nov 12, 2022	81573	0	6	8947
Nov 13, 2022	81579	0	9	6535
Nov 14, 2022	81585	0	7	5802
Nov 15, 2022	81595	0	4	5611
Nov 16, 2022	81599	0	0	5297
Nov 17, 2022	81607	0	18	4342
Nov 18, 2022	81607	0	3	4352
Nov 19, 2022	81611	0	8	7735
Nov 20, 2022	81616	0	6	5912
Nov 21, 2022	81617	0	4	5493
Nov 22, 2022	81621	0	2	5050
Nov 23, 2022	81624	0	5	4852
Nov 24, 2022	81626	0	6	3906
Nov 25, 2022	81629	0	9	3946
Nov 26, 2022	81630	0	6	6425
Nov 27, 2022	81630	0	7	4820
Nov 28, 2022	81642	0	5	7309
Nov 29, 2022	81642	0	6	1211
Nov 30, 2022	81645	0	0	3883
Dec 01, 2022	81648	0	1	3193
Dec 02, 2022	81649	0	2	3318
Dec 03, 2022	81649	0	7	0
Dec 04, 2022	81648	0	0	9392
Dec 05, 2022	81650	0	0	0
Dec 06, 2022	81655	0	12	7072
Dec 07, 2022	81658	0	6	3210
Dec 08, 2022	81663	0	5	2628
Dec 09, 2022	81665	0	3	2552
Dec 10, 2022	81669	0	4	0
Dec 11, 2022	81669	0	4	0
Dec 12, 2022	81670	0	3	0
Dec 13, 2022	81668	0	1	0
Dec 14, 2022	81672	0	4	12564
Dec 15, 2022	81672	0	0	6807
Dec 16, 2022	81672	0	4	2915
Dec 17, 2022	81675	0	6	4578
Dec 18, 2022	81678	0	9	3605
Dec 19, 2022	81679	0	6	3572
Dec 20, 2022	81679	0	5	3353
Dec 21, 2022	81681	0	1	3323
Dec 22, 2022	81682	0	0	3122
Dec 23, 2022	81683	0	1	3184
Dec 24, 2022	81684	0	6	5283
Dec 25, 2022	81686	0	8	4287
Dec 26, 2022	81686	0	6	3767
Dec 27, 2022	81685	0	4	3848
Dec 28, 2022	81687	0	0	0
Dec 29, 2022	81693	0	1	7093
Dec 30, 2022	81695	0	7	3889
Dec 31, 2022	81699	0	6	6752
Jan 01, 2023	81698	0	9	5186
Jan 02, 2023	81698	0	9	4458
Jan 03, 2023	81696	0	1	3703
Jan 04, 2023	81701	0	0	3277
Jan 05, 2023	81706	0	0	2385
Jan 06, 2023	81711	0	5	2929
Jan 07, 2023	81713	0	4	4074
Jan 08, 2023	81713	0	11	5084
Jan 09, 2023	81706	0	9	3985
Jan 10, 2023	81710	0	12	3604
Jan 11, 2023	81712	0	7	3164
Jan 12, 2023	81718	0	11	2578
Jan 13, 2023	81723	0	8	2530
Jan 14, 2023	81723	0	6	4091
Jan 15, 2023	81723	0	4	3118
Jan 16, 2023	81723	0	5	2756
Jan 17, 2023	81719	0	0	0
Jan 18, 2023	81721	0	7	4944
Jan 19, 2023	81727	0	0	0
Jan 20, 2023	81730	0	2	4047
Jan 21, 2023	81735	0	7	3094
Jan 22, 2023	81738	0	1	2409
Jan 23, 2023	81744	0	8	2041
Jan 24, 2023	81746	0	0	2101
Jan 25, 2023	81747	0	0	1844
Jan 26, 2023	81748	0	1	1608
Jan 27, 2023	81750	0	4	1600
Jan 28, 2023	81749	0	4	2395
Jan 29, 2023	81752	0	3	1915
Jan 30, 2023	81750	0	3	1677
Jan 31, 2023	81748	0	0	1607
Feb 01, 2023	81753	0	0	1567
Feb 02, 2023	81752	0	0	1502
Feb 03, 2023	81757	0	0	1398
Feb 04, 2023	81757	0	12	2091
Feb 05, 2023	81757	0	3	1615
Feb 06, 2023	81751	0	0	1606
Feb 07, 2023	81753	0	1	1470
Feb 08, 2023	81755	0	0	3823
Feb 09, 2023	81757	0	1	0
Feb 10, 2023	81758	0	2	183
Feb 11, 2023	81757	0	3	2002
Feb 12, 2023	81757	0	1	1639
Feb 13, 2023	81757	0	4	1483
Feb 14, 2023	81757	0	3	1410
Feb 15, 2023	81762	0	1	1318
Feb 16, 2023	81763	0	0	0
Feb 17, 2023	81761	0	1	0
Feb 18, 2023	81761	0	7	4433
Feb 19, 2023	81759	0	15	0
Feb 20, 2023	81760	0	6	3173
Feb 21, 2023	81759	0	0	1585
Feb 22, 2023	81762	0	8	1674
Feb 23, 2023	81763	0	0	0
Feb 24, 2023	81767	0	13	3396
Feb 25, 2023	81768	0	4	2668
Feb 26, 2023	81768	0	2	2210
Feb 27, 2023	81768	0	3	2039
Feb 28, 2023	81767	0	4	2091
Mar 01, 2023	81773	0	19	1963
Mar 02, 2023	81785	0	10	0
Mar 03, 2023	81789	0	3	0
Mar 04, 2023	81789	0	4	7102
Mar 05, 2023	81793	0	3	2710
Mar 06, 2023	81792	0	1	2592
Mar 07, 2023	81801	0	5	2602
Mar 08, 2023	81802	0	1	2722
Mar 09, 2023	81802	0	0	0
Mar 10, 2023	81799	0	3	5428
Mar 11, 2023	81802	0	5	4092
Mar 12, 2023	81816	0	5	3657
Mar 13, 2023	81822	0	1	3426
Mar 14, 2023	81823	0	5	3676
Mar 15, 2023	81824	0	0	3819
Mar 16, 2023	81825	0	0	3535
Mar 17, 2023	81826	0	10	3596
Mar 18, 2023	81774	0	2	5249
Mar 19, 2023	81775	0	1	4031
Mar 20, 2023	81775	0	3	3712
Mar 21, 2023	81778	0	8	3546
Mar 22, 2023	81783	0	0	3237
Mar 23, 2023	81788	0	0	0
Mar 24, 2023	81789	0	2	5760
Mar 25, 2023	81794	0	5	4205
Mar 26, 2023	81794	0	1	0
Mar 27, 2023	81794	0	3	5627
Mar 28, 2023	81804	0	10	2524
Mar 29, 2023	81806	0	0	2180
Mar 30, 2023	81807	0	0	0
Mar 31, 2023	81810	0	4	0
Apr 01, 2023	81818	0	5	6226
Apr 02, 2023	81818	0	7	1850
Apr 03, 2023	81818	0	6	0
Apr 04, 2023	81820	0	7	2993
Apr 05, 2023	81825	0	2	1170
Apr 06, 2023	81825	0	0	1047
Apr 07, 2023	81828	0	8	1146
Apr 08, 2023	81838	0	10	1456
Apr 09, 2023	81838	0	4	0
Apr 10, 2023	81834	0	0	0
Apr 11, 2023	81834	0	5	0
Apr 12, 2023	81837	0	2	0
Apr 13, 2023	81839	0	0	4096
Apr 14, 2023	81841	0	8	788
Apr 15, 2023	81845	0	7	1201
Apr 16, 2023	81845	0	9	773
Apr 17, 2023	81844	0	10	597
Apr 18, 2023	81848	0	5	566
Apr 19, 2023	81853	0	0	561
Apr 20, 2023	81855	0	7	428
Apr 21, 2023	81855	0	13	0
Apr 22, 2023	81857	0	10	979
Apr 23, 2023	81858	0	3	0
Apr 24, 2023	81857	0	6	795
Apr 25, 2023	81862	0	14	383
Apr 26, 2023	81864	0	17	342
Apr 27, 2023	81869	0	7	0
Apr 28, 2023	81874	0	2	0
Apr 29, 2023	81875	0	4	0
Apr 30, 2023	81875	0	3	1276
May 01, 2023	81875	0	6	240
May 02, 2023	81883	0	9	175
May 03, 2023	81887	0	4	203
May 04, 2023	81886	0	0	134
May 05, 2023	81889	0	0	152
May 06, 2023	81898	0	0	180
May 07, 2023	81908	0	3	240
May 08, 2023	81911	0	1	141
May 09, 2023	81908	0	1	0
May 10, 2023	81908	0	0	305
May 11, 2023	81909	0	0	0
May 12, 2023	81912	0	3	255
May 13, 2023	81917	0	2	181
May 14, 2023	81913	0	3	0
May 15, 2023	81910	0	0	219
May 16, 2023	81906	0	5	97
May 17, 2023	81905	0	0	104
May 18, 2023	81906	0	0	0
May 19, 2023	81904	0	2	186
May 20, 2023	81905	0	1	123
May 21, 2023	81903	0	3	112
May 22, 2023	81903	0	0	63
May 23, 2023	81904	0	0	74
May 24, 2023	81906	0	0	77
May 25, 2023	81907	0	0	54
May 26, 2023	81907	0	1	64
May 27, 2023	81909	0	0	85
May 28, 2023	81908	0	2	66
May 29, 2023	81907	0	1	42
May 30, 2023	81905	0	2	68
May 31, 2023	81906	0	0	36
Jun 01, 2023	81907	0	0	43
Jun 02, 2023	81907	0	0	33
Jun 03, 2023	81907	0	4	60
Jun 04, 2023	81907	0	0	52
Jun 05, 2023	81905	0	0	34
Jun 06, 2023	81906	0	0	32
Jun 07, 2023	81906	0	0	42
Jun 08, 2023	81908	0	0	24
Jun 09, 2023	81908	0	0	27
Jun 10, 2023	81908	0	0	42
Jun 11, 2023	81908	0	0	31
Jun 12, 2023	81908	0	0	26
Jun 13, 2023	81908	0	1	22
Jun 14, 2023	81912	0	0	23
Jun 15, 2023	81912	0	0	24
Jun 16, 2023	81912	0	0	22
Jun 17, 2023	81912	0	0	51
Jun 18, 2023	81912	0	0	28
Jun 19, 2023	81911	0	0	38
Jun 20, 2023	81910	0	0	26
Jun 21, 2023	81910	0	0	27
Jun 22, 2023	81910	0	0	20
Jun 23, 2023	81910	0	0	20
Jun 24, 2023	81911	0	0	32
Jun 25, 2023	81911	0	0	17
Jun 26, 2023	81911	0	0	16
Jun 27, 2023	81911	0	0	19
Jun 28, 2023	81911	0	0	29
Jun 29, 2023	81911	0	0	25
Jun 30, 2023	81911	0	0	18
Jul 01, 2023	81911	0	0	26
Jul 02, 2023	81910	0	0	30
Jul 03, 2023	81910	0	0	15
Jul 04, 2023	81910	0	0	23
Jul 05, 2023	81910	0	0	19
Jul 06, 2023	81910	0	0	16
Jul 07, 2023	81910	0	0	0
Jul 08, 2023	81910	0	0	34
Jul 09, 2023	81910	0	0	0
Jul 10, 2023	81910	0	0	41
Jul 11, 2023	81910	0	0	18
Jul 12, 2023	81910	0	0	12
Jul 13, 2023	81910	0	0	24
Jul 14, 2023	81910	0	0	22
Jul 15, 2023	81910	0	0	38
Jul 16, 2023	81910	0	0	0
Jul 17, 2023	81910	0	0	32
Jul 18, 2023	81910	0	0	20
Jul 19, 2023	81910	0	0	22
Jul 20, 2023	81910	0	0	13
Jul 21, 2023	81910	0	0	21
Jul 22, 2023	81910	0	0	31
Jul 23, 2023	81910	0	0	29
Jul 24, 2023	81910	0	0	23
Jul 25, 2023	81910	0	0	28
Jul 26, 2023	81910	0	0	0
Jul 27, 2023	81910	0	0	55
Jul 28, 2023	81910	0	0	44
Jul 29, 2023	81910	0	0	55
Jul 30, 2023	81910	0	0	44
Jul 31, 2023	81910	0	0	36
Aug 01, 2023	81910	0	0	50
Aug 02, 2023	81910	0	0	44
Aug 03, 2023	81910	0	0	44
Aug 04, 2023	81910	0	0	43
Aug 05, 2023	81910	0	0	71
Aug 06, 2023	81910	0	0	50
Aug 07, 2023	81910	0	0	50
Aug 08, 2023	81910	0	0	0
Aug 09, 2023	81910	0	0	0
Aug 10, 2023	81910	0	0	0
Aug 11, 2023	81910	0	0	224
Aug 12, 2023	81910	0	0	0
Aug 13, 2023	81910	0	0	0
Aug 14, 2023	81910	0	0	188
Aug 15, 2023	81910	0	0	63
Aug 16, 2023	81910	0	0	69
Aug 17, 2023	81910	0	0	0
Aug 18, 2023	81910	0	0	104
Aug 19, 2023	81910	0	0	0
Aug 20, 2023	81910	0	0	0
Aug 21, 2023	81910	0	0	228
Aug 22, 2023	81910	0	0	0
Aug 23, 2023	81910	0	0	0
Aug 24, 2023	81910	0	0	215
Aug 25, 2023	81910	0	0	73
Aug 26, 2023	81910	0	0	0
Aug 27, 2023	81910	0	0	0
Aug 28, 2023	81910	0	0	0
Aug 29, 2023	81910	0	0	371
Aug 30, 2023	81910	0	0	0
Aug 31, 2023	81910	0	0	83
Sep 01, 2023	81910	0	0	0
Sep 02, 2023	81910	0	0	0
Sep 03, 2023	81910	0	0	0
Sep 04, 2023	81910	0	0	0
Sep 05, 2023	81910	0	0	0
Sep 06, 2023	81910	0	0	491
Sep 07, 2023	81910	0	0	0
Sep 08, 2023	81910	0	0	0
Sep 09, 2023	81910	0	0	0
Sep 10, 2023	81910	0	0	0
Sep 11, 2023	81910	0	1	0
Sep 12, 2023	81910	0	0	0
Sep 13, 2023	81910	0	0	0
Sep 14, 2023	81910	0	0	649
Sep 15, 2023	81910	0	0	0
Sep 16, 2023	81910	0	0	0
Sep 17, 2023	81910	0	0	0
Sep 18, 2023	81910	0	0	0
Sep 19, 2023	81910	0	0	0
Sep 20, 2023	81910	0	0	0
Sep 21, 2023	81910	0	0	790
Sep 22, 2023	81911	0	57	0
Sep 23, 2023	81911	0	0	0
Sep 24, 2023	81911	0	0	0
Sep 25, 2023	81911	0	0	0
Sep 26, 2023	81911	0	0	0
Sep 27, 2023	81911	0	0	0
Sep 28, 2023	81911	0	0	0
Sep 29, 2023	81911	0	18	0
Sep 30, 2023	81911	0	0	864
Oct 01, 2023	81911	0	0	0
Oct 02, 2023	81911	0	0	0
Oct 03, 2023	81968	0	0	0
Oct 04, 2023	81968	0	0	0
Oct 05, 2023	81968	0	0	0
Oct 06, 2023	81968	0	0	1354
Oct 07, 2023	81968	0	0	0
Oct 08, 2023	81968	0	17	0
Oct 09, 2023	81968	0	0	0
Oct 10, 2023	81986	0	0	0
Oct 11, 2023	81986	0	0	0
Oct 12, 2023	81986	0	0	0
Oct 13, 2023	81986	0	0	1774
Oct 14, 2023	81986	0	0	0
Oct 15, 2023	81986	0	0	0
Oct 16, 2023	81986	0	0	0
Oct 17, 2023	81986	0	0	0
Oct 18, 2023	81986	0	0	0
Oct 19, 2023	82003	0	0	0
Oct 20, 2023	82003	0	0	2091
Oct 21, 2023	82003	0	0	0
Oct 22, 2023	82003	0	0	0
Oct 23, 2023	82003	0	0	0
Oct 24, 2023	82003	0	0	0
Oct 25, 2023	82003	0	0	0
Oct 26, 2023	82003	0	0	0
Oct 27, 2023	82003	0	0	2952
Oct 28, 2023	82003	0	0	3418
Oct 29, 2023	82003	0	0	0
Oct 30, 2023	82003	0	13	0
Oct 31, 2023	82003	0	0	0
Nov 01, 2023	82003	0	0	0
Nov 02, 2023	82003	0	0	0
Nov 03, 2023	82003	0	0	0
Nov 04, 2023	82003	0	0	0
Nov 05, 2023	82003	0	0	0
Nov 06, 2023	82003	0	0	0
Nov 07, 2023	82003	0	0	0
Nov 08, 2023	82003	0	0	0
Nov 09, 2023	82003	0	0	0
Nov 10, 2023	82016	0	19	0
Nov 11, 2023	82016	0	0	3539
Nov 12, 2023	82016	0	0	8006
Nov 13, 2023	82016	0	0	0
Nov 14, 2023	82016	0	0	0
Nov 15, 2023	82016	0	0	0
Nov 16, 2023	82016	0	33	0
Nov 17, 2023	82016	0	0	0
Nov 18, 2023	82016	0	0	0
Nov 19, 2023	82016	0	0	0
Nov 20, 2023	82016	0	0	0
Nov 21, 2023	82035	0	0	0
Nov 22, 2023	82035	0	0	0
Nov 23, 2023	82035	0	0	0
Nov 24, 2023	82035	0	0	0
Nov 25, 2023	82035	0	0	0
Nov 26, 2023	82035	0	0	0
Nov 27, 2023	82068	0	0	0
Nov 28, 2023	82068	0	0	0
Nov 29, 2023	82068	0	0	0
Nov 30, 2023	82068	0	0	0
Dec 01, 2023	82068	0	0	0
Dec 02, 2023	82068	0	0	0
Dec 03, 2023	82068	0	0	0
Dec 04, 2023	82068	0	0	0
Dec 05, 2023	82068	0	0	0
Dec 06, 2023	82068	0	0	0
Dec 07, 2023	82068	0	0	0
Dec 08, 2023	82068	0	0	0
Dec 09, 2023	82068	0	0	0
Dec 10, 2023	82068	0	0	0
Dec 11, 2023	82068	0	0	0
Dec 12, 2023	82068	0	0	0
Dec 13, 2023	82068	0	0	0
Dec 14, 2023	82068	0	0	0
Dec 15, 2023	82068	0	0	0
Dec 16, 2023	82068	0	0	0
Dec 17, 2023	82068	0	0	0
Dec 18, 2023	82068	0	0	0
Dec 19, 2023	82068	0	0	0
Dec 20, 2023	82068	0	0	0
Dec 21, 2023	82068	0	0	0
Dec 22, 2023	82068	0	0	0
Dec 23, 2023	82068	0	0	0
Dec 24, 2023	82068	0	0	0
Dec 25, 2023	82068	0	0	0
Dec 26, 2023	82068	0	0	0
Dec 27, 2023	82068	0	0	0
Dec 28, 2023	82068	0	0	0
Dec 29, 2023	82068	0	0	0
Dec 30, 2023	82068	0	0	0
Dec 31, 2023	82068	0	0	0
Jan 01, 2024	82068	0	0	0
Jan 02, 2024	82068	0	0	0
Jan 03, 2024	82068	0	0	0
Jan 04, 2024	82068	0	0	0
Jan 05, 2024	82068	0	0	0
Jan 06, 2024	82068	0	0	0
Jan 07, 2024	82068	0	0	0
Jan 08, 2024	82068	0	0	0
Jan 09, 2024	82068	0	0	0
Jan 10, 2024	82068	0	0	0
Jan 11, 2024	82068	0	0	0
Jan 12, 2024	82068	0	0	0
Jan 13, 2024	82068	0	0	0
Jan 14, 2024	82068	0	0	0
Jan 15, 2024	82068	0	0	0
Jan 16, 2024	82068	0	0	0
Jan 17, 2024	82068	0	0	0
Jan 18, 2024	82068	0	0	0
Jan 19, 2024	82068	0	0	0
Jan 20, 2024	82068	0	0	0
Jan 21, 2024	82068	0	0	0
Jan 22, 2024	82068	0	0	0
Jan 23, 2024	82068	0	0	0
Jan 24, 2024	82068	0	0	0
Jan 25, 2024	82068	0	0	0
Jan 26, 2024	82068	0	0	0
Jan 27, 2024	82068	0	0	0
Jan 28, 2024	82068	0	0	0
Jan 29, 2024	82068	0	0	0
Jan 30, 2024	82068	0	0	0
Jan 31, 2024	82068	0	0	0
Feb 01, 2024	82068	0	0	0
Feb 02, 2024	82068	0	0	0
Feb 03, 2024	82068	0	0	0
Feb 04, 2024	82068	0	0	0
Feb 05, 2024	82068	0	0	0
Feb 06, 2024	82068	0	0	0
Feb 07, 2024	82068	0	0	0
Feb 08, 2024	82068	0	0	0
Feb 09, 2024	82068	0	0	0
Feb 10, 2024	82068	0	0	0
Feb 11, 2024	82068	0	0	0
Feb 12, 2024	82068	0	0	0
Feb 13, 2024	82068	0	0	0
Feb 14, 2024	82068	0	0	0
Feb 15, 2024	82068	0	0	0
Feb 16, 2024	82068	0	0	0
Feb 17, 2024	82068	0	0	0
Feb 18, 2024	82068	0	0	0
Feb 19, 2024	82068	0	0	0
Feb 20, 2024	82068	0	0	0
Feb 21, 2024	82068	0	0	0
Feb 22, 2024	82068	0	0	0
Feb 23, 2024	82068	0	0	0
Feb 24, 2024	82068	0	0	0
Feb 25, 2024	82068	0	0	0
Feb 26, 2024	82068	0	0	0
Feb 27, 2024	82068	0	0	0
Feb 28, 2024	82068	0	0	0
Feb 29, 2024	82068	0	0	0
Mar 01, 2024	82068	0	0	0
Mar 02, 2024	82068	0	0	0
Mar 03, 2024	82068	0	0	0
Mar 04, 2024	82068	0	0	0
Mar 05, 2024	82068	0	0	0
Mar 06, 2024	82068	0	0	0
Mar 07, 2024	82068	0	0	0
Mar 08, 2024	82068	0	0	0
Mar 09, 2024	82068	0	0	0
Mar 10, 2024	82068	0	0	0
Mar 11, 2024	82068	0	0	0
Mar 12, 2024	82068	0	0	0
Mar 13, 2024	82068	0	0	0
Mar 14, 2024	82068	NA	NA	0
Mar 15, 2024	82068	NA	NA	0
Mar 16, 2024	82068	NA	NA	0
Mar 17, 2024	82068	NA	NA	0
Mar 18, 2024	82068	NA	NA	0
Mar 19, 2024	82068	NA	NA	0
Mar 20, 2024	82068	NA	NA	0
Mar 21, 2024	82068	NA	NA	0
Mar 22, 2024	82068	NA	NA	0
Mar 23, 2024	82068	NA	NA	0
Mar 24, 2024	82068	NA	NA	NA
