Dates	Active	Deaths	Newcases	recover
Feb 15, 2020	0	0	0	0
Feb 16, 2020	0	0	1	0
Feb 17, 2020	0	0	0	0
Feb 18, 2020	0	0	0	0
Feb 19, 2020	0	0	0	1
Feb 20, 2020	0	0	3	1
Feb 21, 2020	0	0	3	0
Feb 22, 2020	0	1	1	0
Feb 23, 2020	0	0	10	0
Feb 24, 2020	0	1	0	0
Feb 25, 2020	0	0	14	0
Feb 26, 2020	0	1	5	0
Feb 27, 2020	0	2	8	0
Feb 28, 2020	0	0	9	1
Feb 29, 2020	0	0	10	0
Mar 01, 2020	0	0	13	3
Mar 02, 2020	0	0	39	0
Mar 03, 2020	0	2	20	0
Mar 04, 2020	0	1	31	1
Mar 05, 2020	0	2	16	0
Mar 06, 2020	0	1	26	0
Mar 07, 2020	0	3	21	0
Mar 08, 2020	0	0	36	0
Mar 09, 2020	0	1	19	0
Mar 10, 2020	0	2	32	1
Mar 11, 2020	3	3	30	2
Mar 12, 2020	3	0	46	0
Mar 13, 2020	4	3	61	0
Mar 14, 2020	4	3	58	0
Mar 15, 2020	4	4	49	0
Mar 16, 2020	4	1	56	1
Mar 17, 2020	7	2	49	0
Mar 18, 2020	9	2	57	0
Mar 19, 2020	10	2	40	2
Mar 20, 2020	20	2	48	0
Mar 21, 2020	20	3	48	0
Mar 22, 2020	34	6	61	98
Mar 23, 2020	39	2	63	0
Mar 24, 2020	46	3	49	73
Mar 25, 2020	55	2	52	43
Mar 26, 2020	64	2	50	126
Mar 27, 2020	74	0	52	42
Mar 28, 2020	112	3	46	177
Mar 29, 2020	132	3	50	520
Mar 30, 2020	162	2	52	149
Mar 31, 2020	172	1	32	494
Apr 01, 2020	194	2	20	243
Apr 02, 2020	214	0	48	207
Apr 03, 2020	248	0	30	409
Apr 04, 2020	267	4	34	347
Apr 05, 2020	297	1	36	674
Apr 06, 2020	323	0	74	412
Apr 07, 2020	358	3	38	520
Apr 08, 2020	418	0	19	763
Apr 09, 2020	472	1	17	702
Apr 10, 2020	498	1	18	415
Apr 11, 2020	527	0	26	744
Apr 12, 2020	559	0	12	584
Apr 13, 2020	584	0	13	479
Apr 14, 2020	613	0	12	744
Apr 15, 2020	639	0	17	750
Apr 16, 2020	664	0	21	814
Apr 17, 2020	700	0	6	664
Apr 18, 2020	727	1	20	636
Apr 19, 2020	746	1	10	743
Apr 20, 2020	766	0	22	602
Apr 21, 2020	790	1	10	798
Apr 22, 2020	808	0	9	775
Apr 23, 2020	827	0	6	708
Apr 24, 2020	820	0	13	956
Apr 25, 2020	849	0	8	896
Apr 26, 2020	814	0	8	947
Apr 27, 2020	808	1	15	922
Apr 28, 2020	804	0	10	1137
Apr 29, 2020	792	0	6	1096
Apr 30, 2020	759	0	16	1328
May 01, 2020	759	0	11	1050
May 02, 2020	780	0	9	1107
May 03, 2020	755	0	22	1109
May 04, 2020	723	0	20	976
May 05, 2020	662	0	20	1178
May 06, 2020	633	0	38	801
May 07, 2020	625	0	9	1434
May 08, 2020	589	0	15	843
May 09, 2020	540	1	12	847
May 10, 2020	496	0	14	898
May 11, 2020	477	0	40	1048
May 12, 2020	449	0	18	1122
May 13, 2020	405	0	9	927
May 14, 2020	368	0	5	804
May 15, 2020	336	0	6	924
May 16, 2020	323	1	8	731
May 17, 2020	298	0	14	678
May 18, 2020	297	0	5	822
May 19, 2020	270	0	10	726
May 20, 2020	248	0	14	939
May 21, 2020	225	0	11	879
May 22, 2020	204	0	7	711
May 23, 2020	179	0	15	680
May 24, 2020	170	0	10	653
May 25, 2020	161	1	4	701
May 26, 2020	172	0	3	825
May 27, 2020	168	0	3	676
May 28, 2020	167	0	3	678
May 29, 2020	163	0	1	585
May 30, 2020	147	0	2	776
May 31, 2020	153	0	4	847
Jun 01, 2020	174	0	5	631
Jun 02, 2020	182	0	2	691
Jun 03, 2020	194	0	8	691
Jun 04, 2020	197	0	1	829
Jun 05, 2020	202	0	7	1046
Jun 06, 2020	235	0	5	619
Jun 07, 2020	246	0	8	767
Jun 08, 2020	249	1	8	572
Jun 09, 2020	242	0	3	1067
Jun 10, 2020	242	0	8	1019
Jun 11, 2020	242	0	15	865
Jun 12, 2020	247	0	4	831
Jun 13, 2020	231	0	4	918
Jun 14, 2020	216	0	10	770
Jun 15, 2020	213	0	7	401
Jun 16, 2020	195	0	6	574
Jun 17, 2020	197	0	2	479
Jun 18, 2020	190	0	4	507
Jun 19, 2020	183	0	6	485
Jun 20, 2020	153	0	2	398
Jun 21, 2020	124	0	4	448
Jun 22, 2020	117	0	1	370
Jun 23, 2020	110	0	1	387
Jun 24, 2020	104	0	0	334
Jun 25, 2020	65	0	3	301
Jun 26, 2020	60	0	13	247
Jun 27, 2020	57	0	4	218
Jun 28, 2020	45	0	3	987
Jun 29, 2020	43	0	9	416
Jun 30, 2020	41	0	17	150
Jul 01, 2020	44	0	37	603
Jul 02, 2020	46	1	23	346
Jul 03, 2020	51	0	33	297
Jul 04, 2020	56	0	9	249
Jul 05, 2020	57	0	11	331
Jul 06, 2020	60	0	25	313
Jul 07, 2020	69	0	13	364
Jul 08, 2020	71	0	24	327
Jul 09, 2020	73	0	31	327
Jul 10, 2020	78	0	25	365
Jul 11, 2020	79	0	49	201
Jul 12, 2020	81	0	54	374
Jul 13, 2020	73	0	59	329
Jul 14, 2020	70	0	65	315
Jul 15, 2020	74	0	93	351
Jul 16, 2020	68	0	47	23853
Jul 17, 2020	57	0	35	225
Jul 18, 2020	54	0	46	137
Jul 19, 2020	51	1	55	423
Jul 20, 2020	51	0	63	283
Jul 21, 2020	41	2	24	385
Jul 22, 2020	49	0	48	377
Jul 23, 2020	40	0	44	354
Jul 24, 2020	41	1	74	242
Jul 25, 2020	46	0	83	240
Jul 26, 2020	59	0	17	505
Jul 27, 2020	94	2	35	274
Jul 28, 2020	116	0	65	331
Jul 29, 2020	148	0	35	397
Jul 30, 2020	155	1	27	365
Jul 31, 2020	166	3	15	209
Aug 01, 2020	179	2	47	138
Aug 02, 2020	190	0	60	23
Aug 03, 2020	210	0	59	853
Aug 04, 2020	231	1	48	338
Aug 05, 2020	242	1	59	318
Aug 06, 2020	278	2	33	329
Aug 07, 2020	312	0	61	131
Aug 08, 2020	358	2	88	162
Aug 09, 2020	414	0	52	2627
Aug 10, 2020	498	2	32	391
Aug 11, 2020	533	0	11	402
Aug 12, 2020	536	0	43	405
Aug 13, 2020	561	0	25	389
Aug 14, 2020	594	1	82	276
Aug 15, 2020	636	0	92	266
Aug 16, 2020	608	2	42	575
Aug 17, 2020	584	2	60	298
Aug 18, 2020	526	2	31	465
Aug 19, 2020	531	1	42	466
Aug 20, 2020	583	1	77	360
Aug 21, 2020	542	1	73	230
Aug 22, 2020	522	0	57	234
Aug 23, 2020	547	0	71	582
Aug 24, 2020	547	2	51	356
Aug 25, 2020	551	2	36	405
Aug 26, 2020	508	0	50	370
Aug 27, 2020	519	0	81	409
Aug 28, 2020	552	0	48	267
Aug 29, 2020	558	0	40	163
Aug 30, 2020	552	0	40	563
Aug 31, 2020	560	0	62	380
Sep 01, 2020	575	0	45	443
Sep 02, 2020	570	1	26	394
Sep 03, 2020	640	0	48	482
Sep 04, 2020	679	0	66	210
Sep 05, 2020	628	0	73	221
Sep 06, 2020	618	0	48	102
Sep 07, 2020	608	0	62	1106
Sep 08, 2020	573	0	29	706
Sep 09, 2020	628	0	36	719
Sep 10, 2020	666	0	38	684
Sep 11, 2020	643	0	15	401
Sep 12, 2020	667	0	19	356
Sep 13, 2020	646	1	26	793
Sep 14, 2020	578	1	5	616
Sep 15, 2020	576	0	30	609
Sep 16, 2020	636	2	22	660
Sep 17, 2020	594	0	17	614
Sep 18, 2020	644	0	18	464
Sep 19, 2020	658	1	27	504
Sep 20, 2020	564	0	56	843
Sep 21, 2020	563	0	52	1370
Sep 22, 2020	599	0	50	884
Sep 23, 2020	570	0	38	919
Sep 24, 2020	579	0	47	866
Sep 25, 2020	574	0	63	755
Sep 26, 2020	560	0	53	770
Sep 27, 2020	584	0	58	1509
Sep 28, 2020	574	0	55	1130
Sep 29, 2020	543	0	32	1234
Sep 30, 2020	582	1	29	1379
Oct 01, 2020	626	0	83	1264
Oct 02, 2020	674	0	49	1253
Oct 03, 2020	540	0	39	1376
Oct 04, 2020	542	1	35	2091
Oct 05, 2020	490	0	86	1660
Oct 06, 2020	482	0	48	1672
Oct 07, 2020	454	0	35	1842
Oct 08, 2020	423	0	65	2016
Oct 09, 2020	422	0	109	1833
Oct 10, 2020	385	1	40	1862
Oct 11, 2020	315	0	44	1039
Oct 12, 2020	303	0	39	3228
Oct 13, 2020	292	0	30	1865
Oct 14, 2020	259	0	52	2139
Oct 15, 2020	261	0	43	2154
Oct 16, 2020	292	0	37	1802
Oct 17, 2020	292	0	58	1666
Oct 18, 2020	327	0	54	2559
Oct 19, 2020	351	1	27	2072
Oct 20, 2020	372	0	22	1771
Oct 21, 2020	427	0	49	2291
Oct 22, 2020	422	1	28	2074
Oct 23, 2020	452	0	37	1757
Oct 24, 2020	479	0	21	1793
Oct 25, 2020	440	0	38	2877
Oct 26, 2020	438	0	35	2158
Oct 27, 2020	499	1	48	2403
Oct 28, 2020	492	1	33	2342
Oct 29, 2020	506	1	71	2728
Oct 30, 2020	495	0	76	1939
Oct 31, 2020	514	0	49	1853
Nov 01, 2020	518	0	35	2323
Nov 02, 2020	523	0	63	3457
Nov 03, 2020	532	0	60	2138
Nov 04, 2020	621	0	51	2351
Nov 05, 2020	553	0	97	3239
Nov 06, 2020	556	0	75	1857
Nov 07, 2020	555	0	75	1911
Nov 08, 2020	487	0	79	3395
Nov 09, 2020	498	1	104	2879
Nov 10, 2020	513	0	68	1920
Nov 11, 2020	468	0	124	3576
Nov 12, 2020	432	0	76	3871
Nov 13, 2020	445	0	124	2269
Nov 14, 2020	422	0	75	2486
Nov 15, 2020	399	0	86	4886
Nov 16, 2020	430	0	87	3865
Nov 17, 2020	423	0	69	4169
Nov 18, 2020	401	0	69	3973
Nov 19, 2020	393	2	96	4352
Nov 20, 2020	365	0	83	3752
Nov 21, 2020	359	0	100	3651
Nov 22, 2020	380	1	122	5150
Nov 23, 2020	391	1	131	4192
Nov 24, 2020	389	1	103	3841
Nov 25, 2020	423	1	115	3691
Nov 26, 2020	445	0	142	5581
Nov 27, 2020	452	2	116	4196
Nov 28, 2020	486	1	217	3711
Nov 29, 2020	513	0	183	5561
Nov 30, 2020	518	0	138	4916
Dec 01, 2020	587	1	167	4998
Dec 02, 2020	606	0	229	4722
Dec 03, 2020	625	0	167	5488
Dec 04, 2020	616	1	86	4786
Dec 05, 2020	669	0	176	4256
Dec 06, 2020	683	0	193	9597
Dec 07, 2020	773	0	169	5465
Dec 08, 2020	799	3	199	5811
Dec 09, 2020	833	2	316	5724
Dec 10, 2020	833	2	224	6558
Dec 11, 2020	841	3	201	6181
Dec 12, 2020	846	2	314	4779
Dec 13, 2020	852	2	344	6214
Dec 14, 2020	871	4	365	6508
Dec 15, 2020	859	4	388	5971
Dec 16, 2020	876	3	431	6466
Dec 17, 2020	864	2	487	7199
Dec 18, 2020	844	5	550	5785
Dec 19, 2020	911	4	505	5312
Dec 20, 2020	950	4	547	6913
Dec 21, 2020	979	3	405	7940
Dec 22, 2020	1026	3	650	6891
Dec 23, 2020	1054	3	292	5611
Dec 24, 2020	1200	3	330	2
Dec 25, 2020	1257	4	349	4157
Dec 26, 2020	1298	4	408	8971
Dec 27, 2020	1358	2	530	8780
Dec 28, 2020	1494	3	567	12184
Dec 29, 2020	1583	1	634	6426
Dec 30, 2020	1539	2	567	5230
Dec 31, 2020	1592	2	786	6
Jan 01, 2021	1565	2	825	5258
Jan 02, 2021	1585	5	666	9899
Jan 03, 2021	1601	4	659	14030
Jan 04, 2021	1756	4	910	4558
Jan 05, 2021	1781	5	1012	7663
Jan 06, 2021	1769	2	906	7040
Jan 07, 2021	1941	4	1044	7704
Jan 08, 2021	2144	5	893	6417
Jan 09, 2021	2358	4	816	6384
Jan 10, 2021	2562	4	845	9801
Jan 11, 2021	2832	4	821	7874
Jan 12, 2021	3087	5	820	8205
Jan 13, 2021	3408	3	653	8746
Jan 14, 2021	3690	5	580	8513
Jan 15, 2021	3992	3	858	6174
Jan 16, 2021	4155	5	850	7239
Jan 17, 2021	4438	5	823	7709
Jan 18, 2021	4473	4	888	7397
Jan 19, 2021	4384	5	806	8190
Jan 20, 2021	4451	4	715	7109
Jan 21, 2021	4592	4	937	7100
Jan 22, 2021	4561	4	824	6155
Jan 23, 2021	4555	4	923	5637
Jan 24, 2021	4680	2	859	6705
Jan 25, 2021	4597	4	937	6742
Jan 26, 2021	4711	4	1039	5883
Jan 27, 2021	4910	2	838	5468
Jan 28, 2021	4847	4	836	6260
Jan 29, 2021	4941	5	699	5241
Jan 30, 2021	5151	3	670	4739
Jan 31, 2021	5609	5	875	6049
Feb 01, 2021	5520	3	720	4938
Feb 02, 2021	5497	4	618	4429
Feb 03, 2021	5615	2	811	4432
Feb 04, 2021	5652	2	997	5223
Feb 05, 2021	5597	5	914	3914
Feb 06, 2021	5739	4	807	4122
Feb 07, 2021	5854	4	777	8344
Feb 08, 2021	5650	1	750	3599
Feb 09, 2021	5127	4	858	4027
Feb 10, 2021	4999	3	873	3592
Feb 11, 2021	4824	3	1041	3872
Feb 12, 2021	4804	4	772	3269
Feb 13, 2021	4713	4	778	3039
Feb 14, 2021	4856	3	762	1421
Feb 15, 2021	4959	5	639	6279
Feb 16, 2021	4951	2	914	3553
Feb 17, 2021	5164	3	734	3651
Feb 18, 2021	5154	4	792	3357
Feb 19, 2021	5054	4	727	3072
Feb 20, 2021	5003	3	689	2762
Feb 21, 2021	5102	5	735	4027
Feb 22, 2021	5024	1	813	3200
Feb 23, 2021	4914	1	796	3096
Feb 24, 2021	4685	2	718	3091
Feb 25, 2021	4445	4	774	3022
Feb 26, 2021	4392	3	736	2333
Feb 27, 2021	4277	1	816	2406
Feb 28, 2021	4215	4	832	3808
Mar 01, 2021	4160	2	950	2864
Mar 02, 2021	4333	5	919	3074
Mar 03, 2021	4542	0	701	2813
Mar 04, 2021	4631	4	1008	3086
Mar 05, 2021	4607	2	1051	2473
Mar 06, 2021	4602	1	1013	2171
Mar 07, 2021	4566	5	1077	4023
Mar 08, 2021	4507	5	1029	2945
Mar 09, 2021	4662	6	1162	2927
Mar 10, 2021	4572	8	1066	2752
Mar 11, 2021	4712	9	1030	3334
Mar 12, 2021	4702	11	961	2495
Mar 13, 2021	4431	4	914	2477
Mar 14, 2021	4347	9	1017	3902
Mar 15, 2021	4283	12	1040	2910
Mar 16, 2021	4012	13	959	3253
Mar 17, 2021	3795	6	854	5893
Mar 18, 2021	3652	7	1060	70
Mar 19, 2021	3631	9	959	2542
Mar 20, 2021	3508	12	1004	2510
Mar 21, 2021	3504	10	1040	4059
Mar 22, 2021	3440	12	1026	3116
Mar 23, 2021	3417	10	1037	3237
Mar 24, 2021	3404	6	1060	3338
Mar 25, 2021	3390	7	1183	3619
Mar 26, 2021	3374	10	1006	2737
Mar 27, 2021	3473	18	1207	2728
Mar 28, 2021	3589	12	1241	4673
Mar 29, 2021	3583	10	1110	3670
Mar 30, 2021	3923	10	1185	4016
Mar 31, 2021	4225	11	938	4055
Apr 01, 2021	4358	11	1083	1074
Apr 02, 2021	4573	8	988	5037
Apr 03, 2021	4862	7	1149	1065
Apr 04, 2021	4862	12	1046	10058
Apr 05, 2021	5047	9	915	4874
Apr 06, 2021	5329	10	1071	5276
Apr 07, 2021	5276	9	932	5789
Apr 08, 2021	5119	14	1019	5496
Apr 09, 2021	5168	13	1010	4616
Apr 10, 2021	5161	10	1060	4763
Apr 11, 2021	5267	7	1162	9129
Apr 12, 2021	5018	11	1036	4352
Apr 13, 2021	4882	8	1069	6629
Apr 14, 2021	4803	10	1116	6568
Apr 15, 2021	4796	12	1071	7128
Apr 16, 2021	4806	8	1207	6351
Apr 17, 2021	4901	6	1186	6397
Apr 18, 2021	4951	9	1277	9829
Apr 19, 2021	4967	14	1383	7679
Apr 20, 2021	5149	14	1233	10440
Apr 21, 2021	5179	13	1057	7346
Apr 22, 2021	5358	11	1244	9104
Apr 23, 2021	5679	11	1339	7358
Apr 24, 2021	5789	9	1252	7086
Apr 25, 2021	5817	12	1197	9923
Apr 26, 2021	5522	10	1289	7896
Apr 27, 2021	5458	7	1221	8655
Apr 28, 2021	5362	8	1155	8196
Apr 29, 2021	5399	7	1291	8425
Apr 30, 2021	5460	12	1129	7392
May 01, 2021	5493	8	1102	6859
May 02, 2021	5690	7	1169	9218
May 03, 2021	5694	11	1188	7498
May 04, 2021	5632	9	1079	8353
May 05, 2021	5648	13	1100	8299
May 06, 2021	5604	8	1057	7916
May 07, 2021	5687	12	1191	6929
May 08, 2021	5742	12	1053	6900
May 09, 2021	5886	8	1129	8427
May 10, 2021	6044	10	1135	7141
May 11, 2021	6088	12	1087	7509
May 12, 2021	6146	11	1185	7786
May 13, 2021	6290	8	1156	7996
May 14, 2021	6509	12	1161	6760
May 15, 2021	6920	5	1158	6417
May 16, 2021	6990	9	1288	8213
May 17, 2021	6948	16	1372	6882
May 18, 2021	6768	11	1470	7332
May 19, 2021	6978	11	1349	6652
May 20, 2021	6912	10	1537	6623
May 21, 2021	6930	13	1403	5675
May 22, 2021	6949	16	1418	5491
May 23, 2021	6940	10	1481	4326
May 24, 2021	6859	12	1472	7843
May 25, 2021	6984	10	1436	5636
May 26, 2021	6842	12	1561	5598
May 27, 2021	6611	17	1489	5374
May 28, 2021	6505	14	2055	4516
May 29, 2021	6234	18	1880	4076
May 30, 2021	6195	20	2464	4754
May 31, 2021	6092	15	2403	4207
Jun 01, 2021	6019	14	2698	3904
Jun 02, 2021	5923	21	2589	3622
Jun 03, 2021	5961	15	3080	3243
Jun 04, 2021	5854	18	2970	2869
Jun 05, 2021	6019	26	2952	2522
Jun 06, 2021	5957	20	3308	2878
Jun 07, 2021	5973	39	3475	2557
Jun 08, 2021	6090	47	3519	2498
Jun 09, 2021	6038	42	3075	2569
Jun 10, 2021	6103	29	3591	2272
Jun 11, 2021	6248	51	3664	2074
Jun 12, 2021	6431	67	3819	1747
Jun 13, 2021	6862	65	6422	2147
Jun 14, 2021	7104	52	6750	1811
Jun 15, 2021	7474	62	6923	1799
Jun 16, 2021	7681	61	6423	1800
Jun 17, 2021	7798	53	5613	1652
Jun 18, 2021	7804	53	6080	1395
Jun 19, 2021	7935	65	6479	1156
Jun 20, 2021	8157	66	6460	1491
Jun 21, 2021	8420	68	6062	1398
Jun 22, 2021	8718	80	6279	1218
Jun 23, 2021	9185	66	6505	987
Jun 24, 2021	9542	75	6057	810
Jun 25, 2021	10423	68	6405	826
Jun 26, 2021	11156	68	7745	620
Jun 27, 2021	12241	65	7784	1758
Jun 28, 2021	13269	65	7732	948
Jun 29, 2021	14491	87	8853	846
Jun 30, 2021	15558	68	8184	41
Jul 01, 2021	16613	80	7903	1701
Jul 02, 2021	17490	98	9323	413
Jul 03, 2021	18504	93	8607	391
Jul 04, 2021	19376	75	8736	1011
Jul 05, 2021	19169	96	8875	756
Jul 06, 2021	20363	83	9747	545
Jul 07, 2021	20938	77	9279	505
Jul 08, 2021	21147	93	9629	843
Jul 09, 2021	24386	76	9363	329
Jul 10, 2021	28261	73	8399	359
Jul 11, 2021	32144	85	8886	722
Jul 12, 2021	34974	83	8893	525
Jul 13, 2021	36896	98	9427	482
Jul 14, 2021	38969	65	7950	401
Jul 15, 2021	41615	68	8936	471
Jul 16, 2021	43490	84	8605	325
Jul 17, 2021	43625	79	8194	340
Jul 18, 2021	38668	78	8312	715
Jul 19, 2021	34631	84	8816	340
Jul 20, 2021	35673	63	8636	349
Jul 21, 2021	36908	74	9169	594
Jul 22, 2021	35705	92	9772	552
Jul 23, 2021	37491	96	8666	216
Jul 24, 2021	39577	96	8972	203
Jul 25, 2021	42203	82	9764	725
Jul 26, 2021	42394	83	9740	436
Jul 27, 2021	42410	77	9548	454
Jul 28, 2021	43649	75	9320	391
Jul 29, 2021	44115	84	9907	414
Jul 30, 2021	43217	74	8637	190
Jul 31, 2021	42870	87	8509	181
Aug 01, 2021	43011	74	7639	346
Aug 02, 2021	44011	79	6850	1262
Aug 03, 2021	46022	86	6277	537
Aug 04, 2021	46169	85	6075	615
Aug 05, 2021	45688	93	6342	642
Aug 06, 2021	46135	86	6609	258
Aug 07, 2021	46780	89	6208	285
Aug 08, 2021	47347	84	6927	1590
Aug 09, 2021	46802	79	7854	845
Aug 10, 2021	46110	80	9221	862
Aug 11, 2021	45439	74	7230	949
Aug 12, 2021	44128	76	7771	1035
Aug 13, 2021	44088	74	8317	303
Aug 14, 2021	40847	78	7747	892
Aug 15, 2021	40529	75	8394	1852
Aug 16, 2021	42099	57	8035	1173
Aug 17, 2021	44215	63	8034	1368
Aug 18, 2021	44787	60	8342	1630
Aug 19, 2021	45329	63	7516	1553
Aug 20, 2021	46506	59	7437	911
Aug 21, 2021	47040	70	7628	533
Aug 22, 2021	48544	56	8291	5313
Aug 23, 2021	49958	59	8517	2059
Aug 24, 2021	50428	64	8434	2372
Aug 25, 2021	50987	52	8544	1906
Aug 26, 2021	49654	51	8289	2668
Aug 27, 2021	47188	48	7151	774
Aug 28, 2021	41580	58	6935	740
Aug 29, 2021	38448	50	7695	5148
Aug 30, 2021	36913	48	7513	2683
Aug 31, 2021	35545	46	6673	2882
Sep 01, 2021	33930	38	6632	2759
Sep 02, 2021	32966	45	6009	2983
Sep 03, 2021	32189	40	5617	3716
Sep 04, 2021	33657	39	5003	2922
Sep 05, 2021	37070	35	5049	1664
Sep 06, 2021	38014	35	4873	3672
Sep 07, 2021	38092	39	4097	2319
Sep 08, 2021	39686	40	4272	4364
Sep 09, 2021	39270	37	4793	3518
Sep 10, 2021	39001	28	3596	1099
Sep 11, 2021	38909	38	3833	1001
Sep 12, 2021	39305	24	3396	7988
Sep 13, 2021	39667	19	3442	3714
Sep 14, 2021	39336	21	3604	4256
Sep 15, 2021	38893	21	2945	3836
Sep 16, 2021	38851	22	2638	3815
Sep 17, 2021	37539	13	2354	1052
Sep 18, 2021	39136	19	2364	997
Sep 19, 2021	39673	20	2138	9171
Sep 20, 2021	40376	14	1946	4137
Sep 21, 2021	41041	0	2197	4478
Sep 22, 2021	40374	24	1844	4376
Sep 23, 2021	39434	10	1768	4511
Sep 24, 2021	36852	9	1550	6474
Sep 25, 2021	35377	9	1435	4536
Sep 26, 2021	34229	4	1476	1114
Sep 27, 2021	33898	7	1393	5048
Sep 28, 2021	32751	6	1319	4621
Sep 29, 2021	31043	4	1210	2990
Sep 30, 2021	28864	6	975	5591
Oct 01, 2021	27215	4	912	1177
Oct 02, 2021	25845	2	900	1167
Oct 03, 2021	23889	5	866	9411
Oct 04, 2021	23113	4	712	4697
Oct 05, 2021	22350	1	676	4412
Oct 06, 2021	20941	3	633	4149
Oct 07, 2021	20205	5	549	4435
Oct 08, 2021	19550	4	567	1059
Oct 09, 2021	18134	4	592	1178
Oct 10, 2021	17032	1	606	2811
Oct 11, 2021	16201	0	550	10834
Oct 12, 2021	15341	3	483	4004
Oct 13, 2021	13568	1	471	3776
Oct 14, 2021	11648	1	467	3983
Oct 15, 2021	10334	2	413	1123
Oct 16, 2021	8838	3	403	2440
Oct 17, 2021	8740	1	362	7041
Oct 18, 2021	8318	3	293	3782
Oct 19, 2021	7741	2	348	3807
Oct 20, 2021	7044	0	326	3477
Oct 21, 2021	7149	3	243	2956
Oct 22, 2021	6095	1	246	832
Oct 23, 2021	5903	0	316	2152
Oct 24, 2021	5803	0	316	5410
Oct 25, 2021	5818	1	287	2939
Oct 26, 2021	5384	0	330	3157
Oct 27, 2021	4905	0	240	2529
Oct 28, 2021	4696	4	234	2653
Oct 29, 2021	4435	1	182	662
Oct 30, 2021	4166	0	240	1650
Oct 31, 2021	3949	1	186	4946
Nov 01, 2021	3731	1	183	2565
Nov 02, 2021	3435	2	153	2581
Nov 03, 2021	3302	1	130	2549
Nov 04, 2021	3106	1	136	2255
Nov 05, 2021	3114	0	142	655
Nov 06, 2021	2824	0	150	1634
Nov 07, 2021	2698	0	114	4280
Nov 08, 2021	2743	2	110	2658
Nov 09, 2021	2586	0	88	2388
Nov 10, 2021	2443	0	104	1084
Nov 11, 2021	2131	0	75	3707
Nov 12, 2021	2102	0	78	766
Nov 13, 2021	1858	0	81	1875
Nov 14, 2021	1807	0	65	4394
Nov 15, 2021	1812	1	73	2770
Nov 16, 2021	1683	0	62	2564
Nov 17, 2021	1549	1	65	2650
Nov 18, 2021	1475	1	58	2558
Nov 19, 2021	1442	1	62	781
Nov 20, 2021	1472	0	72	2214
Nov 21, 2021	1449	0	73	4346
Nov 22, 2021	1423	3	77	2663
Nov 23, 2021	1308	0	62	2311
Nov 24, 2021	1215	1	79	3674
Nov 25, 2021	1193	0	61	2425
Nov 26, 2021	1077	0	80	804
Nov 27, 2021	1028	1	89	2218
Nov 28, 2021	982	0	76	4008
Nov 29, 2021	920	1	125	2700
Nov 30, 2021	845	1	122	2643
Dec 01, 2021	757	0	128	2625
Dec 02, 2021	751	0	145	2757
Dec 03, 2021	704	0	241	891
Dec 04, 2021	665	1	328	2797
Dec 05, 2021	606	0	433	4147
Dec 06, 2021	590	1	469	3069
Dec 07, 2021	531	2	469	2795
Dec 08, 2021	464	1	556	2859
Dec 09, 2021	458	1	673	3028
Dec 10, 2021	441	0	967	1015
Dec 11, 2021	391	1	1429	3455
Dec 12, 2021	388	1	1946	4797
Dec 13, 2021	394	3	2174	3346
Dec 14, 2021	369	5	2723	3199
Dec 15, 2021	366	1	2519	3399
Dec 16, 2021	373	4	2685	4143
Dec 17, 2021	386	3	2788	1410
Dec 18, 2021	401	4	3387	4846
Dec 19, 2021	415	1	3336	5910
Dec 20, 2021	399	5	3506	4388
Dec 21, 2021	403	5	3562	4631
Dec 22, 2021	412	4	3306	5020
Dec 23, 2021	410	6	3150	3265
Dec 24, 2021	424	3	2967	1872
Dec 25, 2021	489	7	3195	1796
Dec 26, 2021	545	5	3392	17480
Dec 27, 2021	609	2	3401	8071
Dec 28, 2021	680	7	3508	17889
Dec 29, 2021	825	2	3307	13446
Dec 30, 2021	1073	8	2764	5914
Dec 31, 2021	1267	8	2987	4837
Jan 01, 2022	1530	5	2814	41174
Jan 02, 2022	1826	7	2799	19753
Jan 03, 2022	2148	4	3059	30724
Jan 04, 2022	2432	8	2829	23123
Jan 05, 2022	2862	4	2119	26798
Jan 06, 2022	3860	4	1610	32763
Jan 07, 2022	5275	3	1460	12513
Jan 08, 2022	6683	4	1546	11490
Jan 09, 2022	8552	6	1434	73223
Jan 10, 2022	10050	7	1380	31158
Jan 11, 2022	11193	5	1340	36165
Jan 12, 2022	12068	4	1349	43648
Jan 13, 2022	13082	0	1018	49283
Jan 14, 2022	14096	1	919	27109
Jan 15, 2022	15320	5	951	18753
Jan 16, 2022	16508	2	1149	71723
Jan 17, 2022	17502	2	888	28343
Jan 18, 2022	17745	1	898	33174
Jan 19, 2022	17371	4	792	38162
Jan 20, 2022	17447	0	630	28482
Jan 21, 2022	17372	3	594	14693
Jan 22, 2022	17028	0	733	5483
Jan 23, 2022	16590	0	647	57628
Jan 24, 2022	17216	0	629	22918
Jan 25, 2022	16565	0	628	28492
Jan 26, 2022	16475	0	562	36333
Jan 27, 2022	15439	1	467	21492
Jan 28, 2022	14755	1	513	10106
Jan 29, 2022	14481	2	595	8632
Jan 30, 2022	14685	0	626	39590
Jan 31, 2022	13780	1	609	12536
Feb 01, 2022	12214	1	630	23368
Feb 02, 2022	11182	1	475	33516
Feb 03, 2022	9752	0	396	17779
Feb 04, 2022	8458	1	472	6369
Feb 05, 2022	7728	0	596	6715
Feb 06, 2022	7323	1	638	30134
Feb 07, 2022	7327	0	510	12566
Feb 08, 2022	6793	0	482	11858
Feb 09, 2022	6123	0	548	21973
Feb 10, 2022	5575	0	447	7685
Feb 11, 2022	5427	0	518	3879
Feb 12, 2022	5058	0	561	4188
Feb 13, 2022	4868	1	586	26808
Feb 14, 2022	4810	2	613	9542
Feb 15, 2022	4383	0	556	9507
Feb 16, 2022	3776	1	620	12322
Feb 17, 2022	3580	1	561	9383
Feb 18, 2022	3368	0	559	2796
Feb 19, 2022	3222	0	586	5671
Feb 20, 2022	3203	0	742	8858
Feb 21, 2022	3190	1	833	5753
Feb 22, 2022	3028	0	786	14164
Feb 23, 2022	2807	1	729	10662
Feb 24, 2022	2665	0	679	7115
Feb 25, 2022	2645	0	811	2208
Feb 26, 2022	2627	0	877	2081
Feb 27, 2022	2733	0	836	14513
Feb 28, 2022	2728	2	957	2359
Mar 01, 2022	2517	2	822	7175
Mar 02, 2022	2334	1	834	6566
Mar 03, 2022	2326	1	621	4222
Mar 04, 2022	2390	1	814	1937
Mar 05, 2022	2401	0	833	4916
Mar 06, 2022	2424	0	778	10534
Mar 07, 2022	2573	0	789	4279
Mar 08, 2022	2450	1	695	5266
Mar 09, 2022	2392	1	619	7691
Mar 10, 2022	2384	0	510	6663
Mar 11, 2022	2486	0	676	1722
Mar 12, 2022	2529	0	654	1635
Mar 13, 2022	2585	0	619	7500
Mar 14, 2022	2752	1	609	4186
Mar 15, 2022	2703	0	603	4762
Mar 16, 2022	2650	1	496	5803
Mar 17, 2022	2626	1	342	3530
Mar 18, 2022	2818	0	439	1704
Mar 19, 2022	3059	0	449	1520
Mar 20, 2022	3261	1	479	4839
Mar 21, 2022	3470	0	402	8230
Mar 22, 2022	3393	2	292	2921
Mar 23, 2022	3492	0	337	4552
Mar 24, 2022	3545	0	239	3335
Mar 25, 2022	3686	0	297	1921
Mar 26, 2022	3839	0	329	1638
Mar 27, 2022	3931	1	282	5587
Mar 28, 2022	4077	0	266	7796
Mar 29, 2022	3846	1	245	3700
Mar 30, 2022	3743	0	237	2250
Mar 31, 2022	3674	0	196	5577
Apr 01, 2022	3678	0	191	1913
Apr 02, 2022	3615	0	204	1851
Apr 03, 2022	3659	0	191	8614
Apr 04, 2022	3542	0	191	9066
Apr 05, 2022	3191	0	190	4461
Apr 06, 2022	3052	0	155	4743
Apr 07, 2022	2892	1	109	5824
Apr 08, 2022	2904	1	93	2300
Apr 09, 2022	2811	0	118	8388
Apr 10, 2022	2829	0	147	5291
Apr 11, 2022	2728	0	123	11999
Apr 12, 2022	2426	0	104	5352
Apr 13, 2022	2243	0	77	5627
Apr 14, 2022	2121	0	53	0
Apr 15, 2022	2010	0	96	5926
Apr 16, 2022	1934	0	110	0
Apr 17, 2022	1811	0	77	5182
Apr 18, 2022	1714	0	103	25146
Apr 19, 2022	1532	0	93	5893
Apr 20, 2022	1436	0	72	6139
Apr 21, 2022	1439	0	46	6904
Apr 22, 2022	1404	0	62	3274
Apr 23, 2022	1360	0	61	3192
Apr 24, 2022	1305	0	61	2670
Apr 25, 2022	1244	0	44	8549
Apr 26, 2022	1118	0	44	4077
Apr 27, 2022	1080	0	37	3760
Apr 28, 2022	1008	0	31	3478
Apr 29, 2022	977	0	44	3158
Apr 30, 2022	907	0	45	2406
May 01, 2022	897	0	45	13410
May 02, 2022	881	0	46	11521
May 03, 2022	811	0	31	13526
May 04, 2022	694	0	32	16827
May 05, 2022	662	0	29	8507
May 06, 2022	672	0	41	3758
May 07, 2022	651	0	29	9721
May 08, 2022	624	0	30	4951
May 09, 2022	634	0	24	11067
May 10, 2022	570	0	18	13839
May 11, 2022	523	0	16	19156
May 12, 2022	516	0	13	0
May 13, 2022	495	0	27	8446
May 14, 2022	525	0	29	0
May 15, 2022	526	0	31	5167
May 16, 2022	527	0	15	17062
May 17, 2022	463	0	20	9809
May 18, 2022	455	0	19	19558
May 19, 2022	406	0	12	7440
May 20, 2022	376	0	21	3784
May 21, 2022	338	0	17	3971
May 22, 2022	333	0	26	7197
May 23, 2022	324	0	22	7225
May 24, 2022	300	0	24	11587
May 25, 2022	273	0	25	15308
May 26, 2022	271	0	17	5133
May 27, 2022	265	0	22	2774
May 28, 2022	255	0	29	2076
May 29, 2022	255	0	29	4944
May 30, 2022	251	0	21	4979
May 31, 2022	235	0	28	10125
Jun 01, 2022	236	0	26	11598
Jun 02, 2022	229	0	17	4254
Jun 03, 2022	223	0	22	2154
Jun 04, 2022	210	0	34	1928
Jun 05, 2022	196	0	22	3800
Jun 06, 2022	183	0	42	4086
Jun 07, 2022	163	0	37	7251
Jun 08, 2022	166	0	43	9831
Jun 09, 2022	152	0	36	3243
Jun 10, 2022	163	0	37	1536
Jun 11, 2022	163	0	43	2444
Jun 12, 2022	164	0	44	2033
Jun 13, 2022	168	0	38	3417
Jun 14, 2022	151	0	57	5491
Jun 15, 2022	155	0	37	7507
Jun 16, 2022	147	0	31	2253
Jun 17, 2022	156	0	63	1201
Jun 18, 2022	149	0	49	1032
Jun 19, 2022	136	0	64	845
Jun 20, 2022	146	0	64	3446
Jun 21, 2022	147	0	68	3932
Jun 22, 2022	151	0	81	5380
Jun 23, 2022	166	0	51	2419
Jun 24, 2022	163	0	75	1127
Jun 25, 2022	171	0	95	861
Jun 26, 2022	180	0	97	1897
Jun 27, 2022	191	0	114	2115
Jun 28, 2022	180	0	96	3955
Jun 29, 2022	174	0	103	5483
Jun 30, 2022	178	0	100	1418
Jul 01, 2022	178	0	98	882
Jul 02, 2022	184	0	92	689
Jul 03, 2022	200	0	88	1850
Jul 04, 2022	226	0	97	1679
Jul 05, 2022	237	0	109	4115
Jul 06, 2022	233	0	107	4242
Jul 07, 2022	235	0	60	2261
Jul 08, 2022	244	0	100	804
Jul 09, 2022	245	0	131	638
Jul 10, 2022	267	0	129	2022
Jul 11, 2022	279	0	85	2274
Jul 12, 2022	266	0	121	3504
Jul 13, 2022	284	0	68	4093
Jul 14, 2022	285	0	87	760
Jul 15, 2022	306	0	95	0
Jul 16, 2022	326	0	116	0
Jul 17, 2022	354	0	66	2715
Jul 18, 2022	385	0	101	1866
Jul 19, 2022	380	1	73	3287
Jul 20, 2022	378	0	87	8357
Jul 21, 2022	396	0	57	0
Jul 22, 2022	434	0	72	0
Jul 23, 2022	483	0	103	0
Jul 24, 2022	510	0	85	3348
Jul 25, 2022	549	0	74	2543
Jul 26, 2022	550	0	81	2895
Jul 27, 2022	571	0	62	10442
Jul 28, 2022	541	0	48	0
Jul 29, 2022	614	0	57	0
Jul 30, 2022	504	0	59	0
Jul 31, 2022	505	0	59	4392
Aug 01, 2022	506	0	60	2093
Aug 02, 2022	478	0	70	5801
Aug 03, 2022	484	0	57	10376
Aug 04, 2022	522	0	33	1565
Aug 05, 2022	549	0	42	0
Aug 06, 2022	538	0	47	0
Aug 07, 2022	528	0	45	2540
Aug 08, 2022	535	0	37	1016
Aug 09, 2022	505	0	45	12081
Aug 10, 2022	497	0	29	4031
Aug 11, 2022	503	0	17	15343
Aug 12, 2022	457	0	31	1881
Aug 13, 2022	454	0	18	1976
Aug 14, 2022	445	0	32	2254
Aug 15, 2022	477	0	18	2254
Aug 16, 2022	434	0	36	2254
Aug 17, 2022	409	0	24	2254
Aug 18, 2022	427	0	9	2254
Aug 19, 2022	403	0	21	2254
Aug 20, 2022	390	0	23	4372
Aug 21, 2022	409	0	19	4699
Aug 22, 2022	393	0	21	4699
Aug 23, 2022	381	0	20	4699
Aug 24, 2022	330	0	14	4699
Aug 25, 2022	302	0	22	4699
Aug 26, 2022	303	0	13	4699
Aug 27, 2022	292	0	16	3793
Aug 28, 2022	304	0	13	4085
Aug 29, 2022	302	0	19	4085
Aug 30, 2022	280	0	18	4085
Aug 31, 2022	263	0	15	4085
Sep 01, 2022	258	0	3	4085
Sep 02, 2022	256	0	6	4085
Sep 03, 2022	247	0	9	3312
Sep 04, 2022	246	0	7	3600
Sep 05, 2022	249	0	8	3600
Sep 06, 2022	223	0	6	3600
Sep 07, 2022	188	0	6	3600
Sep 08, 2022	178	0	1	3600
Sep 09, 2022	178	0	11	4234
Sep 10, 2022	175	0	6	3824
Sep 11, 2022	183	0	5	2619
Sep 12, 2022	189	0	4	3668
Sep 13, 2022	173	0	4	3668
Sep 14, 2022	168	0	1	3668
Sep 15, 2022	163	0	0	3668
Sep 16, 2022	152	0	4	3275
Sep 17, 2022	148	0	0	3269
Sep 18, 2022	150	0	6	3269
Sep 19, 2022	152	0	3	3269
Sep 20, 2022	152	0	7	3269
Sep 21, 2022	138	0	2	3269
Sep 22, 2022	134	0	0	3269
Sep 23, 2022	130	0	3	3270
Sep 24, 2022	130	0	2	2726
Sep 25, 2022	132	0	1	2978
Sep 26, 2022	133	0	1	2978
Sep 27, 2022	124	0	0	2978
Sep 28, 2022	107	0	6	2978
Sep 29, 2022	101	0	1	2978
Sep 30, 2022	93	0	3	2978
Oct 01, 2022	87	0	1	2623
Oct 02, 2022	84	0	1	5246
Oct 03, 2022	84	0	2	-226
Oct 04, 2022	84	0	3	2623
Oct 05, 2022	84	0	1	2623
Oct 06, 2022	86	0	1	2623
Oct 07, 2022	83	0	1	5260
Oct 08, 2022	81	0	3	-176
Oct 09, 2022	79	0	1	2634
Oct 10, 2022	78	0	1	2634
Oct 11, 2022	78	0	4	2634
Oct 12, 2022	72	0	2	2634
Oct 13, 2022	72	0	2	2634
Oct 14, 2022	72	0	3	5111
Oct 15, 2022	74	0	8	-295
Oct 16, 2022	77	0	0	2475
Oct 17, 2022	76	0	6	2475
Oct 18, 2022	74	0	4	2475
Oct 19, 2022	74	0	7	2475
Oct 20, 2022	74	0	2	2475
Oct 21, 2022	70	0	2	2477
Oct 22, 2022	68	0	1	2256
Oct 23, 2022	66	0	2	2592
Oct 24, 2022	70	0	2	2592
Oct 25, 2022	67	0	1	2592
Oct 26, 2022	64	0	7	2592
Oct 27, 2022	65	0	0	2592
Oct 28, 2022	66	0	9	2591
Oct 29, 2022	67	0	6	2390
Oct 30, 2022	70	0	3	2754
Oct 31, 2022	67	0	5	2754
Nov 01, 2022	66	0	7	2754
Nov 02, 2022	65	0	4	2754
Nov 03, 2022	67	0	5	2754
Nov 04, 2022	66	0	8	2756
Nov 05, 2022	67	0	6	3197
Nov 06, 2022	71	0	14	6394
Nov 07, 2022	71	0	9	-321
Nov 08, 2022	70	0	13	3197
Nov 09, 2022	70	0	13	3197
Nov 10, 2022	78	0	5	3197
Nov 11, 2022	76	0	14	3200
Nov 12, 2022	80	0	18	3063
Nov 13, 2022	80	0	34	3063
Nov 14, 2022	78	0	12	6126
Nov 15, 2022	80	0	19	-408
Nov 16, 2022	80	0	15	3063
Nov 17, 2022	77	0	5	3063
Nov 18, 2022	73	0	13	3067
Nov 19, 2022	71	0	12	3163
Nov 20, 2022	67	0	31	6326
Nov 21, 2022	73	0	22	-350
Nov 22, 2022	73	0	23	3163
Nov 23, 2022	79	0	27	3163
Nov 24, 2022	83	0	16	3163
Nov 25, 2022	81	0	19	3164
Nov 26, 2022	84	0	25	2291
Nov 27, 2022	89	0	32	4582
Nov 28, 2022	90	0	38	-313
Nov 29, 2022	87	0	29	2291
Nov 30, 2022	89	0	31	2291
Dec 01, 2022	85	0	11	2291
Dec 02, 2022	98	0	20	2291
Dec 03, 2022	100	0	24	2291
Dec 04, 2022	109	0	30	4739
Dec 05, 2022	114	0	21	-263
Dec 06, 2022	107	0	25	2449
Dec 07, 2022	103	0	20	2449
Dec 08, 2022	112	0	10	2449
Dec 09, 2022	137	0	19	2449
Dec 10, 2022	144	0	21	2449
Dec 11, 2022	145	0	18	4898
Dec 12, 2022	143	0	28	-309
Dec 13, 2022	136	0	19	2240
Dec 14, 2022	128	0	24	2239
Dec 15, 2022	117	0	20	2240
Dec 16, 2022	135	0	16	2239
Dec 17, 2022	149	0	17	2240
Dec 18, 2022	155	0	22	2239
Dec 19, 2022	171	0	11	2240
Dec 20, 2022	170	0	17	1926
Dec 21, 2022	157	0	11	2219
Dec 22, 2022	166	0	6	2218
Dec 23, 2022	185	0	6	2219
Dec 24, 2022	183	0	8	2218
Dec 25, 2022	197	0	18	2219
Dec 26, 2022	203	0	12	2218
Dec 27, 2022	187	0	9	1808
Dec 28, 2022	207	0	12	2111
Dec 29, 2022	167	0	7	2111
Dec 30, 2022	169	0	12	2111
Dec 31, 2022	161	0	13	2111
Jan 01, 2023	167	0	11	2111
Jan 02, 2023	154	0	9	2111
Jan 03, 2023	148	0	8	2541
Jan 04, 2023	148	0	7	2541
Jan 05, 2023	141	0	9	2541
Jan 06, 2023	152	0	5	2540
Jan 07, 2023	149	0	14	2541
Jan 08, 2023	152	0	13	5082
Jan 09, 2023	160	0	3	-618
Jan 10, 2023	159	0	11	2361
Jan 11, 2023	150	0	5	2361
Jan 12, 2023	150	0	5	2361
Jan 13, 2023	149	0	7	2361
Jan 14, 2023	145	0	1	2361
Jan 15, 2023	135	0	5	4722
Jan 16, 2023	133	0	6	-305
Jan 17, 2023	128	0	3	2557
Jan 18, 2023	111	0	7	2558
Jan 19, 2023	105	0	2	2557
Jan 20, 2023	110	0	7	2558
Jan 21, 2023	111	0	3	2557
Jan 22, 2023	109	0	6	5115
Jan 23, 2023	114	0	2	-264
Jan 24, 2023	113	0	5	2402
Jan 25, 2023	109	0	5	2401
Jan 26, 2023	114	0	0	2402
Jan 27, 2023	112	0	8	2401
Jan 28, 2023	110	0	6	2402
Jan 29, 2023	106	0	5	4803
Jan 30, 2023	112	0	6	-245
Jan 31, 2023	109	0	5	2314
Feb 01, 2023	97	0	10	2313
Feb 02, 2023	104	0	5	2314
Feb 03, 2023	105	0	5	2314
Feb 04, 2023	100	0	6	2314
Feb 05, 2023	96	0	4	4627
Feb 06, 2023	98	0	9	-249
Feb 07, 2023	93	0	3	2358
Feb 08, 2023	91	0	6	2358
Feb 09, 2023	87	0	0	2358
Feb 10, 2023	85	0	6	2359
Feb 11, 2023	85	0	6	2358
Feb 12, 2023	83	0	4	2358
Feb 13, 2023	86	0	4	2358
Feb 14, 2023	82	0	6	1830
Feb 15, 2023	80	0	10	2064
Feb 16, 2023	75	0	0	2064
Feb 17, 2023	79	0	13	2063
Feb 18, 2023	78	0	5	2064
Feb 19, 2023	79	0	12	2064
Feb 20, 2023	81	0	7	3639
Feb 21, 2023	72	0	10	-198
Feb 22, 2023	75	0	10	1576
Feb 23, 2023	80	0	4	1575
Feb 24, 2023	79	0	8	1575
Feb 25, 2023	83	0	7	1575
Feb 26, 2023	82	0	13	1576
Feb 27, 2023	92	0	4	1575
Feb 28, 2023	91	0	18	1341
Mar 01, 2023	93	0	6	1530
Mar 02, 2023	91	0	5	1529
Mar 03, 2023	91	0	10	1530
Mar 04, 2023	88	0	8	1529
Mar 05, 2023	87	0	11	1530
Mar 06, 2023	90	0	7	2971
Mar 07, 2023	86	0	12	-198
Mar 08, 2023	83	0	12	1441
Mar 09, 2023	80	0	4	1442
Mar 10, 2023	79	0	17	1441
Mar 11, 2023	78	0	4	1442
Mar 12, 2023	82	0	12	1441
Mar 13, 2023	90	0	8	2972
Mar 14, 2023	84	0	7	-177
Mar 15, 2023	88	0	14	1530
Mar 16, 2023	85	0	4	1530
Mar 17, 2023	89	0	17	1530
Mar 18, 2023	90	0	19	1530
Mar 19, 2023	90	0	20	1530
Mar 20, 2023	96	0	15	2871
Mar 21, 2023	94	0	20	-176
Mar 22, 2023	95	0	16	1341
Mar 23, 2023	96	0	7	1341
Mar 24, 2023	103	0	26	1340
Mar 25, 2023	98	0	15	1341
Mar 26, 2023	99	0	14	1341
Mar 27, 2023	95	0	20	2693
Mar 28, 2023	91	0	29	-130
Mar 29, 2023	91	0	0	1353
Mar 30, 2023	87	0	0	1352
Mar 31, 2023	93	0	0	1352
Apr 01, 2023	90	0	80	1352
Apr 02, 2023	95	0	23	1353
Apr 03, 2023	102	0	23	2589
Apr 04, 2023	100	0	0	-191
Apr 05, 2023	106	0	56	1238
Apr 06, 2023	101	0	20	1237
Apr 07, 2023	100	0	0	1238
Apr 08, 2023	100	0	35	1237
Apr 09, 2023	91	0	26	1238
Apr 10, 2023	99	0	31	1237
Apr 11, 2023	103	0	23	1255
Apr 12, 2023	104	0	29	2509
Apr 13, 2023	112	0	24	-126
Apr 14, 2023	116	0	35	1254
Apr 15, 2023	120	0	19	1255
Apr 16, 2023	124	0	33	1254
Apr 17, 2023	131	0	23	1255
Apr 18, 2023	113	0	25	1098
Apr 19, 2023	130	0	11	1097
Apr 20, 2023	131	0	30	1098
Apr 21, 2023	117	0	34	1098
Apr 22, 2023	124	0	43	1098
Apr 23, 2023	136	0	35	1097
Apr 24, 2023	136	0	35	1098
Apr 25, 2023	136	0	48	1219
Apr 26, 2023	136	0	23	1219
Apr 27, 2023	135	0	25	1219
Apr 28, 2023	136	0	34	1220
Apr 29, 2023	147	0	58	1219
Apr 30, 2023	147	0	45	1219
May 01, 2023	154	0	27	1219
May 02, 2023	168	0	37	1003
May 03, 2023	138	0	25	1004
May 04, 2023	148	0	20	1003
May 05, 2023	159	0	31	1004
May 06, 2023	165	0	38	1003
May 07, 2023	168	0	35	1004
May 08, 2023	172	0	33	1003
May 09, 2023	162	0	33	0
May 10, 2023	174	0	18	0
May 11, 2023	165	0	23	0
May 12, 2023	169	0	24	0
May 13, 2023	157	0	22	0
May 14, 2023	166	0	30	0
May 15, 2023	151	0	25	0
May 16, 2023	149	0	24	-54
May 17, 2023	158	0	24	0
May 18, 2023	170	0	17	0
May 19, 2023	171	0	30	0
May 20, 2023	178	0	13	0
May 21, 2023	187	0	18	0
May 22, 2023	187	0	25	0
May 23, 2023	188	0	22	0
May 24, 2023	183	0	12	0
May 25, 2023	204	0	9	-58
May 26, 2023	214	0	20	0
May 27, 2023	208	0	9	0
May 28, 2023	207	0	22	0
May 29, 2023	210	0	15	0
May 30, 2023	184	0	19	-66
May 31, 2023	174	0	13	0
Jun 01, 2023	177	0	10	0
Jun 02, 2023	181	0	21	0
Jun 03, 2023	180	0	19	0
Jun 04, 2023	196	0	20	0
Jun 05, 2023	193	0	13	0
Jun 06, 2023	178	0	12	7833
Jun 07, 2023	168	0	0	-220
Jun 08, 2023	152	0	17	4111
Jun 09, 2023	155	0	14	4090
Jun 10, 2023	159	0	22	4343
Jun 11, 2023	153	0	10	4112
Jun 12, 2023	159	0	13	3574
Jun 13, 2023	158	0	2	1112
Jun 14, 2023	157	0	3	-106
Jun 15, 2023	145	0	12	556
Jun 16, 2023	163	0	10	556
Jun 17, 2023	147	0	6	556
Jun 18, 2023	157	0	6	556
Jun 19, 2023	155	0	0	1073
Jun 20, 2023	139	0	1	-53
Jun 21, 2023	135	0	17	518
Jun 22, 2023	123	0	6	517
Jun 23, 2023	127	0	4	518
Jun 24, 2023	123	0	9	517
Jun 25, 2023	128	0	0	518
Jun 26, 2023	128	0	10	1143
Jun 27, 2023	120	0	4	-56
Jun 28, 2023	126	0	6	625
Jun 29, 2023	128	0	3	626
Jun 30, 2023	132	0	7	625
Jul 01, 2023	123	0	3	626
Jul 02, 2023	116	0	4	625
Jul 03, 2023	116	0	2	626
Jul 04, 2023	104	0	2	457
Jul 05, 2023	107	0	0	914
Jul 06, 2023	117	0	0	-52
Jul 07, 2023	113	0	3	457
Jul 08, 2023	111	0	1	457
Jul 09, 2023	103	0	2	457
Jul 10, 2023	96	0	4	801
Jul 11, 2023	93	0	2	-134
Jul 12, 2023	88	0	3	345
Jul 13, 2023	82	0	1	344
Jul 14, 2023	88	0	2	345
Jul 15, 2023	88	0	3	344
Jul 16, 2023	75	0	4	345
Jul 17, 2023	84	0	1	624
Jul 18, 2023	81	0	0	-17
Jul 19, 2023	83	0	0	281
Jul 20, 2023	86	0	1	280
Jul 21, 2023	86	0	2	281
Jul 22, 2023	83	0	6	280
Jul 23, 2023	85	0	0	281
Jul 24, 2023	85	0	1	517
Jul 25, 2023	80	0	0	-23
Jul 26, 2023	85	0	0	236
Jul 27, 2023	86	0	4	237
Jul 28, 2023	83	0	0	236
Jul 29, 2023	79	0	0	237
Jul 30, 2023	70	0	6	236
Jul 31, 2023	69	0	1	558
Aug 01, 2023	67	0	0	-61
Aug 02, 2023	66	0	0	321
Aug 03, 2023	65	0	0	321
Aug 04, 2023	65	0	3	320
Aug 05, 2023	68	0	0	321
Aug 06, 2023	69	0	4	321
Aug 07, 2023	70	0	1	321
Aug 08, 2023	68	0	2	152
Aug 09, 2023	69	0	0	305
Aug 10, 2023	71	0	0	-69
Aug 11, 2023	75	0	3	152
Aug 12, 2023	75	0	0	152
Aug 13, 2023	75	0	0	153
Aug 14, 2023	75	0	1	409
Aug 15, 2023	66	0	0	-30
Aug 16, 2023	67	0	0	257
Aug 17, 2023	71	0	0	257
Aug 18, 2023	71	0	0	257
Aug 19, 2023	68	0	0	257
Aug 20, 2023	68	0	0	257
Aug 21, 2023	68	0	0	526
Aug 22, 2023	67	0	0	-53
Aug 23, 2023	67	0	0	273
Aug 24, 2023	67	0	0	273
Aug 25, 2023	65	0	0	273
Aug 26, 2023	65	0	0	273
Aug 27, 2023	65	0	0	273
Aug 28, 2023	65	0	0	564
Aug 29, 2023	65	0	0	-46
Aug 30, 2023	66	0	0	291
Aug 31, 2023	66	0	6	291
Sep 01, 2023	66	0	0	291
Sep 02, 2023	66	0	0	291
Sep 03, 2023	68	0	0	291
Sep 04, 2023	68	0	0	294
Sep 05, 2023	68	0	0	481
Sep 06, 2023	66	0	0	-74
Sep 07, 2023	63	0	0	240
Sep 08, 2023	63	0	0	241
Sep 09, 2023	62	0	0	240
Sep 10, 2023	62	0	0	241
Sep 11, 2023	62	0	0	240
Sep 12, 2023	62	0	0	322
Sep 13, 2023	62	0	0	200
Sep 14, 2023	62	0	0	322
Sep 15, 2023	62	0	0	322
Sep 16, 2023	62	0	0	322
Sep 17, 2023	62	0	0	322
Sep 18, 2023	62	0	0	742
Sep 19, 2023	62	0	0	-103
Sep 20, 2023	62	0	0	425
Sep 21, 2023	62	0	0	425
Sep 22, 2023	62	0	0	425
Sep 23, 2023	62	0	0	425
Sep 24, 2023	62	0	0	425
Sep 25, 2023	62	0	10	1026
Sep 26, 2023	64	0	0	-149
Sep 27, 2023	64	0	0	602
Sep 28, 2023	64	0	0	602
Sep 29, 2023	64	0	0	602
Sep 30, 2023	64	0	0	602
Oct 01, 2023	64	0	0	602
Oct 02, 2023	64	0	5	600
Oct 03, 2023	64	0	0	1526
Oct 04, 2023	64	0	0	-143
Oct 05, 2023	64	0	0	763
Oct 06, 2023	64	0	0	763
Oct 07, 2023	64	0	0	763
Oct 08, 2023	64	0	0	763
Oct 09, 2023	64	0	0	760
Oct 10, 2023	64	0	4	806
Oct 11, 2023	64	0	0	806
Oct 12, 2023	64	0	0	806
Oct 13, 2023	64	0	0	806
Oct 14, 2023	64	0	0	642
Oct 15, 2023	64	0	0	806
Oct 16, 2023	64	0	0	1767
Oct 17, 2023	64	0	0	-176
Oct 18, 2023	64	0	0	963
Oct 19, 2023	64	0	0	963
Oct 20, 2023	64	0	0	963
Oct 21, 2023	63	0	0	963
Oct 22, 2023	63	0	0	963
Oct 23, 2023	63	0	0	2278
Oct 24, 2023	63	0	0	-222
Oct 25, 2023	63	0	0	1321
Oct 26, 2023	63	0	0	1321
Oct 27, 2023	63	0	0	1321
Oct 28, 2023	63	0	0	1321
Oct 29, 2023	63	0	0	1321
Oct 30, 2023	63	0	0	2637
Oct 31, 2023	63	0	9	-236
Nov 01, 2023	63	0	0	1334
Nov 02, 2023	63	0	0	1334
Nov 03, 2023	63	0	0	1334
Nov 04, 2023	63	0	0	1334
Nov 05, 2023	67	0	0	1334
Nov 06, 2023	67	0	10	1334
Nov 07, 2023	67	0	0	1334
Nov 08, 2023	67	0	0	1166
Nov 09, 2023	67	0	0	1773
Nov 10, 2023	67	0	0	1773
Nov 11, 2023	67	0	0	1773
Nov 12, 2023	67	0	0	1773
Nov 13, 2023	67	0	0	1773
Nov 14, 2023	67	0	0	1771
Nov 15, 2023	67	0	0	1136
Nov 16, 2023	67	0	0	1136
Nov 17, 2023	67	0	0	1136
Nov 18, 2023	67	0	0	1136
Nov 19, 2023	67	0	0	1136
Nov 20, 2023	67	0	0	1136
Nov 21, 2023	67	0	0	2486
Nov 22, 2023	67	0	0	-373
Nov 23, 2023	67	0	0	1353
Nov 24, 2023	67	0	0	1353
Nov 25, 2023	67	0	3	1353
Nov 26, 2023	76	0	3	1353
Nov 27, 2023	76	0	0	1353
Nov 28, 2023	76	0	0	1351
Nov 29, 2023	76	0	0	2456
Nov 30, 2023	76	0	0	-242
Dec 01, 2023	76	0	0	1228
Dec 02, 2023	64	0	0	1228
Dec 03, 2023	64	0	0	1228
Dec 04, 2023	64	0	0	1228
Dec 05, 2023	64	0	0	1226
Dec 06, 2023	64	0	8	3052
Dec 07, 2023	64	0	0	0
Dec 08, 2023	64	0	0	1526
Dec 09, 2023	64	0	0	1527
Dec 10, 2023	64	0	0	1526
Dec 11, 2023	64	0	0	1526
Dec 12, 2023	64	0	0	1526
Dec 13, 2023	64	0	0	1448
Dec 14, 2023	64	0	0	0
Dec 15, 2023	64	0	0	1233
Dec 16, 2023	64	0	3	1233
Dec 17, 2023	64	0	0	1233
Dec 18, 2023	64	0	0	1232
Dec 19, 2023	64	0	0	1233
Dec 20, 2023	64	0	0	2125
Dec 21, 2023	66	0	4	2125
Dec 22, 2023	64	0	0	2125
Dec 23, 2023	64	0	0	2125
Dec 24, 2023	64	0	0	2125
Dec 25, 2023	64	0	0	4249
Dec 26, 2023	64	0	0	-253
Dec 27, 2023	64	0	0	1603
Dec 28, 2023	64	0	12	1603
Dec 29, 2023	64	0	0	1603
Dec 30, 2023	64	0	0	1603
Dec 31, 2023	64	0	0	1603
Jan 01, 2024	69	0	0	1603
Jan 02, 2024	69	0	0	1603
Jan 03, 2024	69	0	0	3418
Jan 04, 2024	69	0	8	-203
Jan 05, 2024	69	0	0	1709
Jan 06, 2024	69	0	0	1709
Jan 07, 2024	69	0	0	1709
Jan 08, 2024	69	0	0	1709
Jan 09, 2024	69	0	0	3465
Jan 10, 2024	69	0	0	-284
Jan 11, 2024	63	0	13	1753
Jan 12, 2024	63	0	0	1753
Jan 13, 2024	63	0	0	1753
Jan 14, 2024	63	0	0	1753
Jan 15, 2024	63	0	0	2576
Jan 16, 2024	65	0	0	3000
Jan 17, 2024	65	0	0	-242
Jan 18, 2024	65	0	0	1500
Jan 19, 2024	65	0	12	1500
Jan 20, 2024	65	0	0	1500
Jan 21, 2024	65	0	0	1500
Jan 22, 2024	65	0	0	1500
Jan 23, 2024	69	0	0	3000
Jan 24, 2024	69	0	0	-195
Jan 25, 2024	69	0	0	1800
Jan 26, 2024	69	0	0	1800
Jan 27, 2024	69	0	2	1800
Jan 28, 2024	69	0	0	1800
Jan 29, 2024	69	0	0	1800
Jan 30, 2024	67	0	0	3600
Jan 31, 2024	67	0	0	-194
Feb 01, 2024	67	0	6	2917
Feb 02, 2024	67	0	0	1452
Feb 03, 2024	67	0	0	1452
Feb 04, 2024	67	0	0	1452
Feb 05, 2024	67	0	0	1452
Feb 06, 2024	73	0	0	2873
Feb 07, 2024	73	0	0	-165
Feb 08, 2024	73	0	0	1430
Feb 09, 2024	73	0	0	1430
Feb 10, 2024	73	0	0	1430
Feb 11, 2024	73	0	0	1430
Feb 12, 2024	73	0	0	1430
Feb 13, 2024	73	0	0	2701
Feb 14, 2024	70	0	3	-148
Feb 15, 2024	70	0	1	1260
Feb 16, 2024	70	0	0	1260
Feb 17, 2024	70	0	0	1260
Feb 18, 2024	70	0	0	1260
Feb 19, 2024	70	0	0	1260
Feb 20, 2024	70	0	0	2116
Feb 21, 2024	70	NA	0	-130
Feb 22, 2024	62	NA	1	840
Feb 23, 2024	62	NA	0	840
Feb 24, 2024	62	NA	0	840
Feb 25, 2024	62	NA	0	840
Feb 26, 2024	62	NA	0	840
Feb 27, 2024	66	NA	0	2172
Feb 28, 2024	66	NA	NA	-127
Feb 29, 2024	66	NA	NA	665
Mar 01, 2024	66	NA	NA	665
Mar 02, 2024	66	NA	NA	665
Mar 03, 2024	66	NA	NA	665
Mar 04, 2024	66	NA	NA	665
Mar 05, 2024	66	NA	NA	1314
Mar 06, 2024	66	NA	NA	-85
Mar 07, 2024	66	NA	NA	645
Mar 08, 2024	66	NA	NA	645
Mar 09, 2024	66	NA	NA	645
Mar 10, 2024	66	NA	NA	645
Mar 11, 2024	66	NA	NA	645
Mar 12, 2024	63	NA	NA	645
Mar 13, 2024	63	NA	NA	1127
Mar 14, 2024	63	NA	NA	-83
Mar 15, 2024	63	NA	NA	561
Mar 16, 2024	63	NA	NA	561
Mar 17, 2024	63	NA	NA	561
Mar 18, 2024	63	NA	NA	561
Mar 19, 2024	62	NA	NA	561
Mar 20, 2024	62	NA	NA	513
Mar 21, 2024	62	NA	NA	508
Mar 22, 2024	62	NA	NA	508
Mar 23, 2024	62	NA	NA	508
Mar 24, 2024	62	NA	NA	NA
