Dates	Active	Deaths	Newcases	recover
Feb 15, 2020	0	1	13	0
Feb 16, 2020	0	0	0	0
Feb 17, 2020	0	0	13	0
Feb 18, 2020	0	0	16	0
Feb 19, 2020	0	0	12	0
Feb 20, 2020	0	0	14	0
Feb 21, 2020	0	0	0	0
Feb 22, 2020	0	0	40	0
Feb 23, 2020	0	0	28	0
Feb 24, 2020	0	0	63	0
Feb 25, 2020	0	2	45	0
Feb 26, 2020	0	0	68	0
Feb 27, 2020	0	3	32	0
Feb 28, 2020	0	0	98	0
Feb 29, 2020	0	2	115	0
Mar 01, 2020	0	1	116	0
Mar 02, 2020	0	5	112	0
Mar 03, 2020	0	3	115	0
Mar 04, 2020	0	7	88	0
Mar 05, 2020	0	3	86	0
Mar 06, 2020	0	3	106	0
Mar 07, 2020	0	2	136	0
Mar 08, 2020	0	5	158	0
Mar 09, 2020	0	4	198	0
Mar 10, 2020	1	5	128	0
Mar 11, 2020	13	0	0	0
Mar 12, 2020	13	9	299	0
Mar 13, 2020	26	0	0	0
Mar 14, 2020	42	8	428	0
Mar 15, 2020	54	3	224	0
Mar 16, 2020	68	8	222	0
Mar 17, 2020	68	5	260	0
Mar 18, 2020	108	8	166	1
Mar 19, 2020	135	7	72	0
Mar 20, 2020	198	1	102	0
Mar 21, 2020	241	8	177	0
Mar 22, 2020	309	0	0	0
Mar 23, 2020	338	6	265	0
Mar 24, 2020	436	7	194	1
Mar 25, 2020	548	4	63	0
Mar 26, 2020	663	6	194	0
Mar 27, 2020	770	10	191	2
Mar 28, 2020	880	5	163	0
Mar 29, 2020	961	3	171	5
Mar 30, 2020	1039	2	174	0
Mar 31, 2020	1142	8	172	0
Apr 01, 2020	1276	5	200	0
Apr 02, 2020	1429	6	241	1
Apr 03, 2020	1622	2	242	3
Apr 04, 2020	1742	9	179	0
Apr 05, 2020	1742	2	178	1
Apr 06, 2020	2031	10	154	0
Apr 07, 2020	2031	4	188	2
Apr 08, 2020	2449	5	370	0
Apr 09, 2020	2670	3	107	1
Apr 10, 2020	2883	3	190	6
Apr 11, 2020	3132	7	136	6
Apr 12, 2020	3284	8	208	32
Apr 13, 2020	3317	7	137	11
Apr 14, 2020	3407	6	202	3
Apr 15, 2020	3573	6	212	0
Apr 16, 2020	3573	7	166	23
Apr 17, 2020	3809	5	168	24
Apr 18, 2020	3972	3	167	18
Apr 19, 2020	4013	4	161	25
Apr 20, 2020	4176	4	174	39
Apr 21, 2020	4318	6	150	27
Apr 22, 2020	4449	3	181	24
Apr 23, 2020	4593	6	157	16
Apr 24, 2020	4749	6	261	48
Apr 25, 2020	4865	6	110	19
Apr 26, 2020	5041	4	139	31
Apr 27, 2020	5245	4	151	86
Apr 28, 2020	5399	4	310	29
Apr 29, 2020	5540	7	349	43
Apr 30, 2020	5673	4	257	49
May 01, 2020	5768	3	264	46
May 02, 2020	5906	2	281	19
May 03, 2020	6252	5	403	0
May 04, 2020	6356	6	400	85
May 05, 2020	6458	4	487	97
May 06, 2020	6490	6	445	36
May 07, 2020	6654	8	374	27
May 08, 2020	6757	8	258	0
May 09, 2020	6953	5	514	3615
May 10, 2020	3544	6	435	186
May 11, 2020	3517	7	419	0
May 12, 2020	3680	16	541	1334
May 13, 2020	2510	7	421	46
May 14, 2020	2621	5	429	13
May 15, 2020	2778	5	379	0
May 16, 2020	2922	10	656	0
May 17, 2020	3100	5	697	1
May 18, 2020	3250	3	625	113
May 19, 2020	3392	8	848	0
May 20, 2020	3496	8	627	51
May 21, 2020	3580	11	736	30
May 22, 2020	3697	9	540	4
May 23, 2020	3999	13	635	0
May 24, 2020	4341	5	754	0
May 25, 2020	4594	10	923	100
May 26, 2020	4755	8	948	1000
May 27, 2020	4034	8	808	0
May 28, 2020	4432	20	722	161
May 29, 2020	4665	15	562	1874
May 30, 2020	3274	11	716	100
May 31, 2020	3613	17	1007	0
Jun 01, 2020	3979	11	868	0
Jun 02, 2020	4229	17	753	5
Jun 03, 2020	4733	12	1028	100
Jun 04, 2020	5062	16	1099	100
Jun 05, 2020	5374	11	765	399
Jun 06, 2020	5500	14	913	100
Jun 07, 2020	5814	22	774	183
Jun 08, 2020	6055	31	758	160
Jun 09, 2020	6269	22	988	416
Jun 10, 2020	6499	27	1166	0
Jun 11, 2020	7191	23	1185	2782
Jun 12, 2020	5031	29	957	0
Jun 13, 2020	5871	20	960	7
Jun 14, 2020	6483	20	965	0
Jun 15, 2020	7208	24	1041	8
Jun 16, 2020	7731	30	1075	0
Jun 17, 2020	8353	16	1301	8
Jun 18, 2020	9094	23	1540	577
Jun 19, 2020	9430	28	923	0
Jun 20, 2020	10370	22	1147	0
Jun 21, 2020	11170	18	1130	305
Jun 22, 2020	11567	38	1035	30
Jun 23, 2020	12084	33	853	100
Jun 24, 2020	12689	25	1207	6
Jun 25, 2020	13673	31	958	470
Jun 26, 2020	14060	32	727	100
Jun 27, 2020	14696	21	753	100
Jun 28, 2020	15612	29	911	125
Jun 29, 2020	16570	41	1176	150
Jun 30, 2020	17174	25	871	200
Jul 01, 2020	17873	19	1432	500
Jul 02, 2020	18125	28	1146	500
Jul 03, 2020	18352	27	781	816
Jul 04, 2020	18502	25	1046	225
Jul 05, 2020	19416	23	922	50
Jul 06, 2020	20528	24	1065	690
Jul 07, 2020	20766	28	1127	743
Jul 08, 2020	20963	22	1070	968
Jul 09, 2020	20940	26	1003	989
Jul 10, 2020	20968	25	968	744
Jul 11, 2020	21269	31	807	869
Jul 12, 2020	21685	21	1187	880
Jul 13, 2020	22322	17	1142	744
Jul 14, 2020	22473	18	1091	754
Jul 15, 2020	22844	30	841	425
Jul 16, 2020	23531	25	902	678
Jul 17, 2020	23850	16	1070	974
Jul 18, 2020	23696	23	913	988
Jul 19, 2020	23890	19	1069	682
Jul 20, 2020	24135	12	956	911
Jul 21, 2020	23919	12	1263	1047
Jul 22, 2020	23604	21	1275	706
Jul 23, 2020	23780	21	603	876
Jul 24, 2020	24039	21	247	724
Jul 25, 2020	24161	18	964	703
Jul 26, 2020	24871	17	101	955
Jul 27, 2020	25034	15	537	1095
Jul 28, 2020	24693	19	1088	1135
Jul 29, 2020	24579	14	1420	902
Jul 30, 2020	24576	14	585	948
Jul 31, 2020	24669	13	896	915
Aug 01, 2020	24853	13	701	957
Aug 02, 2020	24944	16	900	1055
Aug 03, 2020	24866	18	642	1237
Aug 04, 2020	24572	17	713	1462
Aug 05, 2020	23886	12	728	866
Aug 06, 2020	24186	7	917	1017
Aug 07, 2020	24294	16	570	809
Aug 08, 2020	24558	12	532	1264
Aug 09, 2020	24105	16	830	762
Aug 10, 2020	24220	17	682	1155
Aug 11, 2020	24119	12	709	932
Aug 12, 2020	24077	11	738	613
Aug 13, 2020	24514	13	535	676
Aug 14, 2020	24782	8	829	971
Aug 15, 2020	25062	9	635	1144
Aug 16, 2020	25172	11	673	844
Aug 17, 2020	24910	13	615	1346
Aug 18, 2020	23790	15	711	1083
Aug 19, 2020	23653	11	704	900
Aug 20, 2020	22837	7	459	548
Aug 21, 2020	22811	14	628	806
Aug 22, 2020	23074	11	634	892
Aug 23, 2020	23588	15	672	765
Aug 24, 2020	23394	16	741	574
Aug 25, 2020	23703	18	722	836
Aug 26, 2020	23555	10	602	401
Aug 27, 2020	24038	15	607	606
Aug 28, 2020	24056	13	474	517
Aug 29, 2020	24235	6	706	628
Aug 30, 2020	24323	6	736	426
Aug 31, 2020	24807	14	705	801
Sep 01, 2020	24560	12	677	513
Sep 02, 2020	24567	17	447	711
Sep 03, 2020	24670	8	722	544
Sep 04, 2020	24791	16	576	481
Sep 05, 2020	25007	8	742	438
Sep 06, 2020	25296	15	747	586
Sep 07, 2020	25232	19	620	504
Sep 08, 2020	25549	8	691	668
Sep 09, 2020	25507	9	633	784
Sep 10, 2020	25385	7	633	655
Sep 11, 2020	25332	10	683	618
Sep 12, 2020	25410	8	698	631
Sep 13, 2020	25472	15	754	675
Sep 14, 2020	25249	11	787	810
Sep 15, 2020	25053	8	825	1195
Sep 16, 2020	24481	9	647	1094
Sep 17, 2020	24044	11	489	1212
Sep 18, 2020	23557	9	494	1097
Sep 19, 2020	23164	8	832	1175
Sep 20, 2020	22581	10	755	955
Sep 21, 2020	22218	17	615	998
Sep 22, 2020	21681	11	609	1119
Sep 23, 2020	21262	7	638	1057
Sep 24, 2020	20935	10	436	664
Sep 25, 2020	20962	11	558	638
Sep 26, 2020	20989	12	696	419
Sep 27, 2020	21000	15	792	480
Sep 28, 2020	21234	10	639	507
Sep 29, 2020	21287	6	649	859
Sep 30, 2020	21162	5	685	842
Oct 01, 2020	21052	5	551	869
Oct 02, 2020	20784	12	671	423
Oct 03, 2020	21044	13	825	614
Oct 04, 2020	21054	15	798	614
Oct 05, 2020	21066	10	822	527
Oct 06, 2020	21212	12	731	660
Oct 07, 2020	21242	6	738	781
Oct 08, 2020	21200	14	579	571
Oct 09, 2020	21405	11	677	590
Oct 10, 2020	21632	13	432	612
Oct 11, 2020	21658	12	543	511
Oct 12, 2020	21625	14	1193	622
Oct 13, 2020	21488	11	746	622
Oct 14, 2020	21690	17	1021	752
Oct 15, 2020	21683	10	804	615
Oct 16, 2020	21666	9	971	1062
Oct 17, 2020	21202	6	1163	693
Oct 18, 2020	21140	7	887	504
Oct 19, 2020	21062	26	1125	483
Oct 20, 2020	21126	11	832	697
Oct 21, 2020	21113	6	1344	673
Oct 22, 2020	21217	8	1014	587
Oct 23, 2020	21259	12	1054	577
Oct 24, 2020	21325	14	1112	669
Oct 25, 2020	21336	15	1256	479
Oct 26, 2020	21403	10	1200	730
Oct 27, 2020	21332	14	1288	951
Oct 28, 2020	21193	11	1206	951
Oct 29, 2020	21025	16	875	1027
Oct 30, 2020	20810	13	1272	1183
Oct 31, 2020	20346	16	1602	1082
Nov 01, 2020	19996	16	1755	931
Nov 02, 2020	19630	12	1457	814
Nov 03, 2020	19482	9	1709	828
Nov 04, 2020	19073	21	1276	871
Nov 05, 2020	18733	19	1077	912
Nov 06, 2020	19000	19	1505	833
Nov 07, 2020	18902	16	2028	947
Nov 08, 2020	18959	27	1880	941
Nov 09, 2020	18812	13	2388	996
Nov 10, 2020	18778	19	2300	1116
Nov 11, 2020	18819	20	1812	1247
Nov 12, 2020	18452	19	1511	1159
Nov 13, 2020	18392	29	1936	1042
Nov 14, 2020	18171	23	1811	1099
Nov 15, 2020	18410	23	2447	1376
Nov 16, 2020	18040	22	2355	1496
Nov 17, 2020	17586	22	2806	1513
Nov 18, 2020	17171	25	2422	1560
Nov 19, 2020	16852	26	1612	1433
Nov 20, 2020	16609	29	2368	1612
Nov 21, 2020	16271	28	2960	1602
Nov 22, 2020	15864	42	3348	1042
Nov 23, 2020	15681	23	3015	1003
Nov 24, 2020	15937	23	3274	1349
Nov 25, 2020	16174	39	2755	1620
Nov 26, 2020	16293	31	1699	1070
Nov 27, 2020	16668	35	3164	826
Nov 28, 2020	17542	32	3059	744
Nov 29, 2020	18053	51	3413	846
Nov 30, 2020	18265	41	2986	1056
Dec 01, 2020	18695	43	2064	1058
Dec 02, 2020	19649	41	2633	1820
Dec 03, 2020	19682	52	2348	1655
Dec 04, 2020	20402	41	4574	1196
Dec 05, 2020	21487	42	4465	1643
Dec 06, 2020	21636	47	4046	1440
Dec 07, 2020	21688	42	2943	1540
Dec 08, 2020	22055	39	2031	1000
Dec 09, 2020	22843	37	1972	1018
Dec 10, 2020	24249	57	2494	1182
Dec 11, 2020	25400	41	3540	1571
Dec 12, 2020	26613	45	5186	1464
Dec 13, 2020	27546	38	4135	1229
Dec 14, 2020	27903	42	3946	1521
Dec 15, 2020	28721	43	3735	1745
Dec 16, 2020	29908	49	2424	1638
Dec 17, 2020	31576	45	2157	1932
Dec 18, 2020	32636	61	3740	1575
Dec 19, 2020	34312	33	3315	1763
Dec 20, 2020	35265	57	2877	1443
Dec 21, 2020	35490	38	2307	1477
Dec 22, 2020	37142	49	2677	1712
Dec 23, 2020	38457	49	1750	1905
Dec 24, 2020	39914	41	1342	1704
Dec 25, 2020	41155	36	2173	1773
Dec 26, 2020	41403	48	2243	2444
Dec 27, 2020	41551	32	1975	1586
Dec 28, 2020	42261	36	2041	2212
Dec 29, 2020	44582	54	2058	2837
Dec 30, 2020	46168	29	1393	2537
Dec 31, 2020	47630	35	914	2790
Jan 01, 2021	47741	39	1676	1766
Jan 02, 2021	47967	39	1566	2122
Jan 03, 2021	47780	20	1408	1872
Jan 04, 2021	48345	25	1445	2399
Jan 05, 2021	49445	23	1200	2533
Jan 06, 2021	52053	26	926	4036
Jan 07, 2021	52114	26	724	2705
Jan 08, 2021	53313	43	1098	2183
Jan 09, 2021	54822	27	1181	1600
Jan 10, 2021	55597	25	1107	1689
Jan 11, 2021	56020	35	998	2802
Jan 12, 2021	56897	29	977	3506
Jan 13, 2021	56673	25	627	3561
Jan 14, 2021	55932	26	563	3593
Jan 15, 2021	54608	25	822	2659
Jan 16, 2021	54577	19	891	2045
Jan 17, 2021	54233	22	708	2129
Jan 18, 2021	53405	23	910	2029
Jan 19, 2021	53513	26	707	3295
Jan 20, 2021	52413	15	487	3763
Jan 21, 2021	50593	6	500	3288
Jan 22, 2021	49310	13	572	3094
Jan 23, 2021	48220	17	504	2498
Jan 24, 2021	47086	22	708	2196
Jan 25, 2021	45769	17	876	2204
Jan 26, 2021	45202	16	698	3039
Jan 27, 2021	43690	15	484	3103
Jan 28, 2021	41975	14	566	2543
Jan 29, 2021	40852	16	718	2626
Jan 30, 2021	39403	17	896	1611
Jan 31, 2021	38692	21	682	2025
Feb 01, 2021	37365	10	398	2385
Feb 02, 2021	36035	11	664	2471
Feb 03, 2021	34718	14	470	2192
Feb 04, 2021	33608	13	505	2356
Feb 05, 2021	32215	13	599	2278
Feb 06, 2021	30885	13	722	2178
Feb 07, 2021	29309	11	540	2108
Feb 08, 2021	27738	12	462	3240
Feb 09, 2021	25295	3	734	2960
Feb 10, 2021	23207	13	357	3000
Feb 11, 2021	20893	11	402	3024
Feb 12, 2021	18756	10	523	2662
Feb 13, 2021	16775	13	542	2487
Feb 14, 2021	14760	15	474	2000
Feb 15, 2021	13254	9	451	1014
Feb 16, 2021	12799	6	415	1251
Feb 17, 2021	12035	7	278	1384
Feb 18, 2021	11337	11	236	1363
Feb 19, 2021	10833	4	425	1026
Feb 20, 2021	10489	9	440	847
Feb 21, 2021	10111	7	485	771
Feb 22, 2021	9892	10	715	799
Feb 23, 2021	9795	7	445	1045
Feb 24, 2021	9629	2	326	873
Feb 25, 2021	9417	8	222	680
Feb 26, 2021	9125	8	454	655
Feb 27, 2021	9123	5	415	722
Feb 28, 2021	8857	8	497	1104
Mar 01, 2021	8245	14	438	783
Mar 02, 2021	8048	3	480	845
Mar 03, 2021	7912	10	342	764
Mar 04, 2021	7677	3	246	765
Mar 05, 2021	7362	6	519	759
Mar 06, 2021	7334	5	447	529
Mar 07, 2021	7149	5	448	457
Mar 08, 2021	7083	7	351	786
Mar 09, 2021	6810	5	223	670
Mar 10, 2021	6669	4	304	581
Mar 11, 2021	6547	3	179	539
Mar 12, 2021	6450	8	357	607
Mar 13, 2021	6252	2	364	448
Mar 14, 2021	6075	4	427	427
Mar 15, 2021	5873	4	394	733
Mar 16, 2021	5561	3	279	620
Mar 17, 2021	5372	4	234	551
Mar 18, 2021	5299	4	181	564
Mar 19, 2021	5440	6	329	494
Mar 20, 2021	5384	4	395	326
Mar 21, 2021	5382	6	314	396
Mar 22, 2021	5200	2	419	532
Mar 23, 2021	5114	2	348	481
Mar 24, 2021	5043	1	244	502
Mar 25, 2021	5030	1	203	424
Mar 26, 2021	5030	3	275	479
Mar 27, 2021	5028	4	359	395
Mar 28, 2021	4965	2	314	283
Mar 29, 2021	4925	2	366	444
Mar 30, 2021	4994	7	338	403
Mar 31, 2021	5033	2	271	423
Apr 01, 2021	5053	3	198	374
Apr 02, 2021	5023	4	368	419
Apr 03, 2021	4822	6	362	373
Apr 04, 2021	4749	5	323	226
Apr 05, 2021	4699	5	358	434
Apr 06, 2021	4614	3	268	458
Apr 07, 2021	4518	3	260	449
Apr 08, 2021	4492	6	195	423
Apr 09, 2021	4459	4	320	415
Apr 10, 2021	4320	4	356	333
Apr 11, 2021	4217	3	389	323
Apr 12, 2021	4071	3	398	399
Apr 13, 2021	3995	7	508	365
Apr 14, 2021	4021	6	386	400
Apr 15, 2021	3929	6	252	416
Apr 16, 2021	3930	5	460	213
Apr 17, 2021	4063	3	562	263
Apr 18, 2021	4043	3	525	225
Apr 19, 2021	4020	4	588	393
Apr 20, 2021	3899	4	490	354
Apr 21, 2021	3900	0	344	367
Apr 22, 2021	3845	1	268	306
Apr 23, 2021	3903	3	539	268
Apr 24, 2021	3966	5	537	310
Apr 25, 2021	3925	9	579	214
Apr 26, 2021	3906	7	508	456
Apr 27, 2021	3814	7	466	271
Apr 28, 2021	3899	3	347	320
Apr 29, 2021	3897	15	235	291
Apr 30, 2021	3959	7	581	328
May 01, 2021	3896	4	663	261
May 02, 2021	3892	4	637	213
May 03, 2021	3868	4	617	312
May 04, 2021	3872	4	574	329
May 05, 2021	3895	1	348	316
May 06, 2021	3965	1	321	376
May 07, 2021	3984	6	731	332
May 08, 2021	4153	4	678	249
May 09, 2021	4284	7	701	252
May 10, 2021	4278	1	915	361
May 11, 2021	4372	6	827	330
May 12, 2021	4601	7	526	314
May 13, 2021	4809	2	376	312
May 14, 2021	5081	4	882	268
May 15, 2021	5299	5	779	276
May 16, 2021	5367	6	841	267
May 17, 2021	5367	8	916	367
May 18, 2021	5536	12	858	406
May 19, 2021	5662	5	715	411
May 20, 2021	5821	7	483	446
May 21, 2021	5876	1	848	421
May 22, 2021	5914	5	1048	371
May 23, 2021	5887	1	969	274
May 24, 2021	5833	7	976	588
May 25, 2021	5819	3	978	517
May 26, 2021	5961	7	583	536
May 27, 2021	6058	2	514	479
May 28, 2021	6192	6	1208	486
May 29, 2021	6276	8	1077	342
May 30, 2021	6281	9	1201	274
May 31, 2021	6327	5	1093	640
Jun 01, 2021	6412	9	1057	469
Jun 02, 2021	6617	10	789	499
Jun 03, 2021	6812	5	666	542
Jun 04, 2021	7184	7	1249	442
Jun 05, 2021	7563	9	1197	374
Jun 06, 2021	7708	7	1205	288
Jun 07, 2021	7794	8	1030	620
Jun 08, 2021	8052	7	1317	584
Jun 09, 2021	8242	7	793	628
Jun 10, 2021	8449	9	605	530
Jun 11, 2021	8827	8	1276	582
Jun 12, 2021	9091	8	1222	387
Jun 13, 2021	9414	5	1240	357
Jun 14, 2021	9533	10	1160	729
Jun 15, 2021	9651	13	1021	826
Jun 16, 2021	9868	5	833	807
Jun 17, 2021	10029	14	752	784
Jun 18, 2021	10214	8	855	728
Jun 19, 2021	10461	7	1517	546
Jun 20, 2021	10491	13	1225	482
Jun 21, 2021	10521	14	1087	866
Jun 22, 2021	10857	9	1041	845
Jun 23, 2021	11081	6	721	904
Jun 24, 2021	11369	7	688	804
Jun 25, 2021	11653	6	1089	887
Jun 26, 2021	11814	7	1144	605
Jun 27, 2021	11988	7	1250	517
Jun 28, 2021	12132	13	1138	985
Jun 29, 2021	12389	7	1096	1047
Jun 30, 2021	12530	9	866	968
Jul 01, 2021	12760	9	495	950
Jul 02, 2021	12832	13	1110	996
Jul 03, 2021	13146	10	969	676
Jul 04, 2021	13256	7	1022	1141
Jul 05, 2021	12711	10	915	478
Jul 06, 2021	13501	15	1195	1175
Jul 07, 2021	13540	10	820	1175
Jul 08, 2021	13600	9	337	1115
Jul 09, 2021	13635	9	932	1088
Jul 10, 2021	13555	9	1037	844
Jul 11, 2021	13539	15	818	640
Jul 12, 2021	13637	10	895	1203
Jul 13, 2021	13281	9	822	1148
Jul 14, 2021	13643	12	979	1171
Jul 15, 2021	13684	6	523	1121
Jul 16, 2021	13636	6	900	1166
Jul 17, 2021	13502	6	977	793
Jul 18, 2021	13424	8	956	657
Jul 19, 2021	13448	7	758	1398
Jul 20, 2021	13133	8	852	1205
Jul 21, 2021	13065	4	563	1244
Jul 22, 2021	13064	11	444	1100
Jul 23, 2021	13089	8	656	1061
Jul 24, 2021	13117	11	838	779
Jul 25, 2021	13195	9	862	683
Jul 26, 2021	12998	8	669	1267
Jul 27, 2021	12828	5	691	1049
Jul 28, 2021	12738	6	614	1124
Jul 29, 2021	12629	6	388	1147
Jul 30, 2021	12387	3	480	998
Jul 31, 2021	12569	5	864	874
Aug 01, 2021	12505	8	548	573
Aug 02, 2021	12260	8	649	1225
Aug 03, 2021	11958	4	676	1178
Aug 04, 2021	11808	3	463	1150
Aug 05, 2021	11461	8	371	1204
Aug 06, 2021	11142	7	450	1052
Aug 07, 2021	10903	5	670	642
Aug 08, 2021	11228	3	481	551
Aug 09, 2021	11194	4	439	1082
Aug 10, 2021	11006	8	442	985
Aug 11, 2021	10992	5	325	976
Aug 12, 2021	10964	9	229	986
Aug 13, 2021	10729	4	426	919
Aug 14, 2021	10654	5	330	658
Aug 15, 2021	10555	8	401	591
Aug 16, 2021	10397	10	360	1081
Aug 17, 2021	9964	9	420	948
Aug 18, 2021	9843	6	214	893
Aug 19, 2021	9803	4	223	925
Aug 20, 2021	9539	11	323	847
Aug 21, 2021	9378	7	316	682
Aug 22, 2021	9304	7	373	581
Aug 23, 2021	9105	3	324	896
Aug 24, 2021	8686	1	255	963
Aug 25, 2021	8582	2	250	877
Aug 26, 2021	8245	4	152	805
Aug 27, 2021	8081	2	341	727
Aug 28, 2021	8026	5	366	521
Aug 29, 2021	7965	9	324	438
Aug 30, 2021	7890	5	265	854
Aug 31, 2021	7479	4	257	790
Sep 01, 2021	7354	7	185	739
Sep 02, 2021	7093	8	179	731
Sep 03, 2021	6797	3	232	694
Sep 04, 2021	6537	4	262	486
Sep 05, 2021	6371	5	262	409
Sep 06, 2021	6182	2	225	670
Sep 07, 2021	5934	6	227	579
Sep 08, 2021	5680	2	175	583
Sep 09, 2021	5490	6	121	570
Sep 10, 2021	5270	6	253	996
Sep 11, 2021	4685	5	211	0
Sep 12, 2021	4893	4	220	247
Sep 13, 2021	4865	1	195	535
Sep 14, 2021	4642	4	223	490
Sep 15, 2021	4461	3	119	500
Sep 16, 2021	4327	4	108	449
Sep 17, 2021	4199	4	250	394
Sep 18, 2021	4059	0	129	0
Sep 19, 2021	4307	9	227	0
Sep 20, 2021	4455	4	202	904
Sep 21, 2021	3890	3	164	364
Sep 22, 2021	3887	0	102	644
Sep 23, 2021	3558	3	131	55
Sep 24, 2021	3763	3	203	343
Sep 25, 2021	3673	3	257	278
Sep 26, 2021	3573	3	205	180
Sep 27, 2021	3564	3	193	373
Sep 28, 2021	3420	1	150	364
Sep 29, 2021	3314	0	134	276
Sep 30, 2021	3295	3	132	304
Oct 01, 2021	3214	4	215	298
Oct 02, 2021	3137	0	173	215
Oct 03, 2021	3095	0	140	178
Oct 04, 2021	3032	1	201	354
Oct 05, 2021	2925	0	136	309
Oct 06, 2021	2822	0	130	257
Oct 07, 2021	2781	0	72	258
Oct 08, 2021	2717	0	141	248
Oct 09, 2021	2688	5	128	199
Oct 10, 2021	2605	1	84	0
Oct 11, 2021	2709	1	94	447
Oct 12, 2021	2508	3	120	194
Oct 13, 2021	2443	4	113	221
Oct 14, 2021	2440	6	106	208
Oct 15, 2021	2430	3	196	223
Oct 16, 2021	2368	0	185	164
Oct 17, 2021	2306	0	99	119
Oct 18, 2021	2315	3	229	259
Oct 19, 2021	2256	0	222	191
Oct 20, 2021	2319	2	168	205
Oct 21, 2021	2316	3	114	182
Oct 22, 2021	2324	2	193	196
Oct 23, 2021	2277	1	238	135
Oct 24, 2021	2276	1	203	106
Oct 25, 2021	2299	0	208	227
Oct 26, 2021	2283	2	258	199
Oct 27, 2021	2257	1	162	195
Oct 28, 2021	2202	1	132	219
Oct 29, 2021	2183	2	214	145
Oct 30, 2021	2174	2	268	0
Oct 31, 2021	2304	2	202	276
Nov 01, 2021	2100	0	283	221
Nov 02, 2021	2020	1	210	230
Nov 03, 2021	1913	1	208	220
Nov 04, 2021	1776	0	94	169
Nov 05, 2021	1700	3	134	166
Nov 06, 2021	1651	2	248	126
Nov 07, 2021	1634	3	285	93
Nov 08, 2021	1641	1	268	207
Nov 09, 2021	1627	2	288	170
Nov 10, 2021	1642	1	222	159
Nov 11, 2021	1582	1	178	143
Nov 12, 2021	1665	4	332	131
Nov 13, 2021	1756	2	338	117
Nov 14, 2021	1805	1	189	68
Nov 15, 2021	1848	3	127	121
Nov 16, 2021	1918	1	356	0
Nov 17, 2021	2155	0	208	0
Nov 18, 2021	2357	2	275	321
Nov 19, 2021	2244	3	382	97
Nov 20, 2021	2403	3	386	136
Nov 21, 2021	2428	3	406	104
Nov 22, 2021	2455	1	447	199
Nov 23, 2021	2468	0	386	193
Nov 24, 2021	2541	0	323	138
Nov 25, 2021	2603	2	252	222
Nov 26, 2021	2664	5	487	213
Nov 27, 2021	2660	0	668	174
Nov 28, 2021	2693	1	719	139
Nov 29, 2021	2648	3	865	228
Nov 30, 2021	2551	2	827	174
Dec 01, 2021	2623	5	563	201
Dec 02, 2021	2704	2	574	215
Dec 03, 2021	2756	3	1354	245
Dec 04, 2021	2797	4	1348	177
Dec 05, 2021	2841	2	2664	0
Dec 06, 2021	3018	1	2213	351
Dec 07, 2021	2995	2	1888	242
Dec 08, 2021	3089	3	977	259
Dec 09, 2021	3018	7	1363	215
Dec 10, 2021	2927	5	3259	204
Dec 11, 2021	3078	0	4372	176
Dec 12, 2021	3110	4	4623	113
Dec 13, 2021	3270	4	5043	163
Dec 14, 2021	3486	5	4804	259
Dec 15, 2021	3610	7	4066	319
Dec 16, 2021	3694	4	3139	274
Dec 17, 2021	3866	10	4105	265
Dec 18, 2021	3987	7	6513	216
Dec 19, 2021	4094	7	9074	195
Dec 20, 2021	4149	7	9530	309
Dec 21, 2021	4322	11	8902	333
Dec 22, 2021	4657	9	7278	143
Dec 23, 2021	5232	8	5468	236
Dec 24, 2021	5858	17	11519	318
Dec 25, 2021	6365	9	10763	291
Dec 26, 2021	6632	11	12351	258
Dec 27, 2021	6946	9	11933	439
Dec 28, 2021	7858	9	10629	413
Dec 29, 2021	8789	15	7164	387
Dec 30, 2021	11064	11	5455	408
Dec 31, 2021	12868	19	9241	391
Jan 01, 2022	14363	17	10481	512
Jan 02, 2022	14825	11	8268	135
Jan 03, 2022	16046	24	7502	627
Jan 04, 2022	18673	18	7004	693
Jan 05, 2022	22352	18	4490	814
Jan 06, 2022	26157	16	3150	911
Jan 07, 2022	30285	20	5606	906
Jan 08, 2022	34178	21	5811	659
Jan 09, 2022	37578	15	5480	889
Jan 10, 2022	39824	25	4308	9906
Jan 11, 2022	34013	11	3589	1587
Jan 12, 2022	38932	20	2345	2256
Jan 13, 2022	45743	16	1614	197
Jan 14, 2022	55069	26	3180	9192
Jan 15, 2022	54768	12	3028	5072
Jan 16, 2022	56965	11	2424	5222
Jan 17, 2022	57203	17	2111	5787
Jan 18, 2022	62918	12	1881	4303
Jan 19, 2022	69369	12	1203	4271
Jan 20, 2022	77438	10	799	5249
Jan 21, 2022	84113	10	1714	8905
Jan 22, 2022	85828	17	1328	9634
Jan 23, 2022	83343	6	1221	9506
Jan 24, 2022	79281	7	1219	9589
Jan 25, 2022	78914	10	952	7530
Jan 26, 2022	81848	9	673	6172
Jan 27, 2022	83933	10	481	11966
Jan 28, 2022	79445	7	932	11352
Jan 29, 2022	75079	11	734	10815
Jan 30, 2022	68736	11	787	10463
Jan 31, 2022	61407	5	668	9557
Feb 01, 2022	57436	10	543	9782
Feb 02, 2022	53444	6	357	2710
Feb 03, 2022	56199	4	236	9682
Feb 04, 2022	50800	10	355	8355
Feb 05, 2022	46023	5	232	7257
Feb 06, 2022	41091	3	454	6190
Feb 07, 2022	36499	5	522	5890
Feb 08, 2022	33763	5	426	4258
Feb 09, 2022	32521	3	81	3211
Feb 10, 2022	31723	4	362	5561
Feb 11, 2022	28256	4	382	4998
Feb 12, 2022	25127	3	301	4605
Feb 13, 2022	21713	3	310	3490
Feb 14, 2022	19012	3	301	3120
Feb 15, 2022	17596	1	237	8121
Feb 16, 2022	10786	5	175	760
Feb 17, 2022	11241	3	146	263
Feb 18, 2022	12190	3	323	844
Feb 19, 2022	12288	3	300	1550
Feb 20, 2022	11402	4	330	1991
Feb 21, 2022	9882	3	269	1655
Feb 22, 2022	9152	3	311	1160
Feb 23, 2022	8715	0	193	895
Feb 24, 2022	8596	3	135	1510
Feb 25, 2022	7749	0	365	1174
Feb 26, 2022	7108	0	386	1089
Feb 27, 2022	6370	1	341	1043
Feb 28, 2022	5559	2	290	916
Mar 01, 2022	4988	1	255	612
Mar 02, 2022	4603	1	203	518
Mar 03, 2022	4536	3	125	832
Mar 04, 2022	4221	1	325	730
Mar 05, 2022	3912	0	310	682
Mar 06, 2022	3308	2	293	553
Mar 07, 2022	3113	0	295	461
Mar 08, 2022	3030	0	223	323
Mar 09, 2022	3005	0	159	246
Mar 10, 2022	3066	2	124	299
Mar 11, 2022	3065	0	340	265
Mar 12, 2022	3036	0	253	496
Mar 13, 2022	2710	2	247	433
Mar 14, 2022	2420	0	327	354
Mar 15, 2022	2386	2	254	248
Mar 16, 2022	2435	0	173	204
Mar 17, 2022	2557	1	136	374
Mar 18, 2022	2449	1	371	283
Mar 19, 2022	2474	0	397	260
Mar 20, 2022	2407	0	364	274
Mar 21, 2022	2265	0	271	218
Mar 22, 2022	2412	0	124	203
Mar 23, 2022	2595	1	200	181
Mar 24, 2022	2754	0	184	317
Mar 25, 2022	2725	0	479	302
Mar 26, 2022	2677	1	519	329
Mar 27, 2022	2550	0	487	258
Mar 28, 2022	2414	2	542	302
Mar 29, 2022	2436	0	481	223
Mar 30, 2022	2523	0	333	207
Mar 31, 2022	2607	0	267	379
Apr 01, 2022	2523	1	744	332
Apr 02, 2022	2414	0	845	333
Apr 03, 2022	2240	1	874	254
Apr 04, 2022	2108	0	939	239
Apr 05, 2022	2209	0	932	462
Apr 06, 2022	2000	0	700	135
Apr 07, 2022	2110	1	538	109
Apr 08, 2022	2328	3	652	293
Apr 09, 2022	2287	1	1838	441
Apr 10, 2022	2019	0	2117	68
Apr 11, 2022	2086	2	1919	220
Apr 12, 2022	2236	1	2672	166
Apr 13, 2022	2467	1	1615	183
Apr 14, 2022	2648	1	1359	350
Apr 15, 2022	2569	0	3307	224
Apr 16, 2022	2469	5	3324	273
Apr 17, 2022	2395	0	3514	277
Apr 18, 2022	2302	3	3248	262
Apr 19, 2022	2519	1	3054	0
Apr 20, 2022	3037	2	2166	391
Apr 21, 2022	3133	1	1799	345
Apr 22, 2022	3328	4	3910	337
Apr 23, 2022	3472	1	3506	367
Apr 24, 2022	3438	0	3842	267
Apr 25, 2022	3438	5	3417	173
Apr 26, 2022	4008	5	3203	236
Apr 27, 2022	4617	6	2167	248
Apr 28, 2022	5242	2	1758	546
Apr 29, 2022	5635	3	3876	501
Apr 30, 2022	6066	4	3825	0
May 01, 2022	6766	3	3951	1000
May 02, 2022	6303	5	3678	469
May 03, 2022	6483	3	3109	381
May 04, 2022	7939	2	2123	387
May 05, 2022	9669	5	1842	820
May 06, 2022	10766	1	3819	871
May 07, 2022	12566	3	3443	854
May 08, 2022	13326	4	3789	952
May 09, 2022	13732	5	3296	935
May 10, 2022	16104	2	3056	779
May 11, 2022	18644	6	1942	745
May 12, 2022	21413	1	1692	1004
May 13, 2022	23654	3	3523	2054
May 14, 2022	24653	5	3244	2200
May 15, 2022	24617	4	2793	2286
May 16, 2022	24129	7	2591	2405
May 17, 2022	25630	3	2323	1792
May 18, 2022	27343	1	1389	1707
May 19, 2022	29478	8	1106	3601
May 20, 2022	29289	5	2389	3354
May 21, 2022	29133	2	2080	3280
May 22, 2022	28014	2	1958	3156
May 23, 2022	26614	2	1451	3032
May 24, 2022	27455	1	2053	2247
May 25, 2022	29029	4	1143	2120
May 26, 2022	30857	2	826	3917
May 27, 2022	30613	4	2080	3555
May 28, 2022	30164	3	1957	3545
May 29, 2022	28740	3	2130	3297
May 30, 2022	27280	5	1826	3104
May 31, 2022	27994	6	1584	2328
Jun 01, 2022	29106	1	1125	2078
Jun 02, 2022	30813	1	866	4142
Jun 03, 2022	29962	4	1989	3621
Jun 04, 2022	29395	7	1828	3622
Jun 05, 2022	27709	5	1624	3374
Jun 06, 2022	26026	4	1626	2963
Jun 07, 2022	26583	2	1338	2346
Jun 08, 2022	27476	3	926	2219
Jun 09, 2022	28046	2	686	3811
Jun 10, 2022	26819	4	1737	3447
Jun 11, 2022	25692	5	1762	3465
Jun 12, 2022	23615	0	1693	3092
Jun 13, 2022	21621	0	1578	2955
Jun 14, 2022	21050	2	1407	1998
Jun 15, 2022	21130	3	863	1856
Jun 16, 2022	21230	0	704	3459
Jun 17, 2022	19220	1	1713	2974
Jun 18, 2022	18298	2	1424	2612
Jun 19, 2022	16825	0	943	2321
Jun 20, 2022	15328	1	1182	2119
Jun 21, 2022	15285	2	1137	1352
Jun 22, 2022	15887	1	728	1256
Jun 23, 2022	16758	2	534	2484
Jun 24, 2022	16095	4	1160	1845
Jun 25, 2022	15828	2	1184	1811
Jun 26, 2022	15141	3	1002	1853
Jun 27, 2022	14153	2	944	1618
Jun 28, 2022	14520	3	838	1153
Jun 29, 2022	15188	0	842	1027
Jun 30, 2022	15780	3	842	2322
Jul 01, 2022	15080	4	842	1903
Jul 02, 2022	14513	0	842	1899
Jul 03, 2022	13537	4	842	0
Jul 04, 2022	14221	1	842	0
Jul 05, 2022	15954	1	844	0
Jul 06, 2022	17711	2	847	0
Jul 07, 2022	19404	1	847	7556
Jul 08, 2022	13426	1	847	1694
Jul 09, 2022	13137	1	847	1436
Jul 10, 2022	12561	1	847	1482
Jul 11, 2022	11783	1	847	1357
Jul 12, 2022	12138	2	849	1051
Jul 13, 2022	12509	0	634	919
Jul 14, 2022	12533	1	441	1786
Jul 15, 2022	11928	4	1233	1688
Jul 16, 2022	11375	1	1167	1566
Jul 17, 2022	10536	1	1119	1443
Jul 18, 2022	9625	0	1031	1313
Jul 19, 2022	9468	3	854	886
Jul 20, 2022	9764	2	860	836
Jul 21, 2022	9927	2	860	1715
Jul 22, 2022	9154	2	860	1257
Jul 23, 2022	8732	2	860	958
Jul 24, 2022	8616	1	860	958
Jul 25, 2022	8497	2	860	958
Jul 26, 2022	8377	1	861	958
Jul 27, 2022	8261	2	768	958
Jul 28, 2022	8141	2	768	958
Jul 29, 2022	8024	2	768	961
Jul 30, 2022	7906	2	768	846
Jul 31, 2022	7905	2	768	846
Aug 01, 2022	7905	2	768	846
Aug 02, 2022	7905	2	773	846
Aug 03, 2022	7905	2	520	846
Aug 04, 2022	7905	2	520	846
Aug 05, 2022	7905	2	520	846
Aug 06, 2022	7906	1	520	1086
Aug 07, 2022	7454	1	520	854
Aug 08, 2022	7040	1	520	836
Aug 09, 2022	7433	1	521	551
Aug 10, 2022	8048	1	344	601
Aug 11, 2022	8565	1	344	1146
Aug 12, 2022	8450	1	344	750
Aug 13, 2022	8551	1	344	917
Aug 14, 2022	8492	1	344	917
Aug 15, 2022	8433	1	344	917
Aug 16, 2022	8374	1	348	917
Aug 17, 2022	8315	0	225	917
Aug 18, 2022	8257	0	225	917
Aug 19, 2022	8198	0	226	919
Aug 20, 2022	8139	0	225	867
Aug 21, 2022	8038	1	240	867
Aug 22, 2022	7937	1	227	867
Aug 23, 2022	7836	1	212	867
Aug 24, 2022	7735	1	136	867
Aug 25, 2022	7634	1	138	867
Aug 26, 2022	7533	1	156	873
Aug 27, 2022	7431	1	127	0
Aug 28, 2022	7949	1	195	0
Aug 29, 2022	8467	1	125	0
Aug 30, 2022	8985	1	175	0
Aug 31, 2022	9504	0	0	0
Sep 01, 2022	10023	0	0	0
Sep 02, 2022	10542	0	0	5828
Sep 03, 2022	5234	0	0	0
Sep 04, 2022	5577	0	0	0
Sep 05, 2022	5920	0	0	0
Sep 06, 2022	6263	0	0	0
Sep 07, 2022	6606	0	0	0
Sep 08, 2022	6949	5	747	0
Sep 09, 2022	7292	0	0	4190
Sep 10, 2022	3449	0	0	0
Sep 11, 2022	3674	0	0	0
Sep 12, 2022	3899	0	0	0
Sep 13, 2022	4125	0	0	0
Sep 14, 2022	4350	0	0	0
Sep 15, 2022	4589	3	667	0
Sep 16, 2022	4815	0	0	2766
Sep 17, 2022	2260	0	0	0
Sep 18, 2022	2395	0	0	0
Sep 19, 2022	2532	0	0	0
Sep 20, 2022	2687	0	0	0
Sep 21, 2022	2813	0	0	0
Sep 22, 2022	3007	0	0	0
Sep 23, 2022	3131	1	725	1809
Sep 24, 2022	1496	0	0	0
Sep 25, 2022	1496	0	0	0
Sep 26, 2022	1496	0	0	0
Sep 27, 2022	1496	0	0	0
Sep 28, 2022	1496	0	0	0
Sep 29, 2022	1496	0	0	0
Sep 30, 2022	1496	0	603	0
Oct 01, 2022	1496	0	0	0
Oct 02, 2022	1496	0	0	1166
Oct 03, 2022	1072	0	0	0
Oct 04, 2022	1072	0	0	0
Oct 05, 2022	1072	0	0	0
Oct 06, 2022	1072	3	805	0
Oct 07, 2022	1072	0	0	0
Oct 08, 2022	1072	0	0	0
Oct 09, 2022	1072	0	0	864
Oct 10, 2022	872	0	0	0
Oct 11, 2022	872	0	0	0
Oct 12, 2022	872	0	0	0
Oct 13, 2022	872	0	838	0
Oct 14, 2022	872	0	0	0
Oct 15, 2022	872	0	0	0
Oct 16, 2022	872	0	0	0
Oct 17, 2022	872	0	0	667
Oct 18, 2022	929	0	0	0
Oct 19, 2022	929	0	0	0
Oct 20, 2022	929	6	1372	0
Oct 21, 2022	929	0	0	0
Oct 22, 2022	929	0	0	0
Oct 23, 2022	929	0	0	0
Oct 24, 2022	929	0	0	713
Oct 25, 2022	819	0	0	0
Oct 26, 2022	819	0	0	0
Oct 27, 2022	819	4	3103	0
Oct 28, 2022	819	0	0	0
Oct 29, 2022	819	0	0	0
Oct 30, 2022	819	0	0	615
Oct 31, 2022	1006	0	0	0
Nov 01, 2022	1006	0	0	0
Nov 02, 2022	1006	0	0	0
Nov 03, 2022	1006	0	0	0
Nov 04, 2022	1006	7	6435	0
Nov 05, 2022	1006	0	0	0
Nov 06, 2022	1006	0	0	704
Nov 07, 2022	1140	0	0	0
Nov 08, 2022	1140	0	0	0
Nov 09, 2022	1140	0	0	0
Nov 10, 2022	1140	7	7091	0
Nov 11, 2022	1140	0	0	0
Nov 12, 2022	1140	0	0	0
Nov 13, 2022	1140	0	0	912
Nov 14, 2022	1594	0	0	0
Nov 15, 2022	1594	0	0	0
Nov 16, 2022	1594	0	0	0
Nov 17, 2022	1594	10	6718	0
Nov 18, 2022	1594	0	0	0
Nov 19, 2022	1594	0	0	0
Nov 20, 2022	1594	0	0	1191
Nov 21, 2022	3502	0	0	0
Nov 22, 2022	3502	0	0	0
Nov 23, 2022	3502	0	0	0
Nov 24, 2022	3502	11	4991	0
Nov 25, 2022	3502	0	0	0
Nov 26, 2022	3502	0	0	0
Nov 27, 2022	3502	0	0	0
Nov 28, 2022	3502	0	0	2176
Nov 29, 2022	7754	0	0	0
Nov 30, 2022	7754	0	0	0
Dec 01, 2022	7754	0	0	0
Dec 02, 2022	7754	13	2817	0
Dec 03, 2022	7754	0	0	0
Dec 04, 2022	7754	0	0	5212
Dec 05, 2022	9626	0	0	0
Dec 06, 2022	9626	0	0	0
Dec 07, 2022	9626	0	0	0
Dec 08, 2022	9626	0	0	0
Dec 09, 2022	9626	8	2066	0
Dec 10, 2022	9626	0	0	0
Dec 11, 2022	9626	0	0	6992
Dec 12, 2022	9342	0	0	0
Dec 13, 2022	9342	0	0	0
Dec 14, 2022	9342	0	0	0
Dec 15, 2022	9342	0	0	0
Dec 16, 2022	9342	9	1403	0
Dec 17, 2022	9342	0	0	0
Dec 18, 2022	9342	0	0	7561
Dec 19, 2022	6761	0	0	0
Dec 20, 2022	6761	0	0	0
Dec 21, 2022	6761	0	0	0
Dec 22, 2022	6761	5	1025	0
Dec 23, 2022	6761	0	0	0
Dec 24, 2022	6761	0	0	0
Dec 25, 2022	6761	0	0	0
Dec 26, 2022	6761	0	0	5489
Dec 27, 2022	4076	0	0	0
Dec 28, 2022	4076	0	0	0
Dec 29, 2022	4076	5	789	0
Dec 30, 2022	4076	0	0	0
Dec 31, 2022	4076	0	0	0
Jan 01, 2023	4076	0	0	0
Jan 02, 2023	4076	0	0	3135
Jan 03, 2023	2999	0	0	0
Jan 04, 2023	2999	0	0	0
Jan 05, 2023	2999	0	0	0
Jan 06, 2023	2999	2	640	0
Jan 07, 2023	2999	0	0	0
Jan 08, 2023	2999	0	0	0
Jan 09, 2023	2999	0	0	2307
Jan 10, 2023	2086	0	0	0
Jan 11, 2023	2086	0	0	0
Jan 12, 2023	2086	3	513	0
Jan 13, 2023	2086	0	0	0
Jan 14, 2023	2086	0	0	0
Jan 15, 2023	2086	0	0	1568
Jan 16, 2023	1538	0	0	0
Jan 17, 2023	1538	0	0	0
Jan 18, 2023	1538	0	0	0
Jan 19, 2023	1538	1	444	0
Jan 20, 2023	1538	0	0	0
Jan 21, 2023	1538	0	0	0
Jan 22, 2023	1538	0	0	1200
Jan 23, 2023	1122	0	0	0
Jan 24, 2023	1122	0	0	0
Jan 25, 2023	1122	0	0	0
Jan 26, 2023	1122	0	0	0
Jan 27, 2023	1122	0	0	0
Jan 28, 2023	1122	0	0	0
Jan 29, 2023	1122	3	356	0
Jan 30, 2023	1122	0	0	861
Jan 31, 2023	899	0	0	0
Feb 01, 2023	899	0	0	0
Feb 02, 2023	899	1	259	0
Feb 03, 2023	899	0	0	0
Feb 04, 2023	899	0	0	0
Feb 05, 2023	899	0	0	662
Feb 06, 2023	747	0	0	0
Feb 07, 2023	747	0	0	0
Feb 08, 2023	747	0	0	0
Feb 09, 2023	747	5	458	0
Feb 10, 2023	747	0	0	0
Feb 11, 2023	747	0	0	0
Feb 12, 2023	747	0	0	573
Feb 13, 2023	617	0	0	0
Feb 14, 2023	617	0	0	0
Feb 15, 2023	617	0	0	0
Feb 16, 2023	617	0	0	0
Feb 17, 2023	617	2	506	0
Feb 18, 2023	617	0	0	0
Feb 19, 2023	617	0	0	0
Feb 20, 2023	617	0	0	0
Feb 21, 2023	617	0	0	0
Feb 22, 2023	617	0	0	445
Feb 23, 2023	525	1	702	0
Feb 24, 2023	525	0	0	0
Feb 25, 2023	525	0	0	0
Feb 26, 2023	525	0	0	413
Feb 27, 2023	370	0	0	0
Feb 28, 2023	370	0	0	0
Mar 01, 2023	370	0	0	0
Mar 02, 2023	370	0	0	0
Mar 03, 2023	370	0	0	0
Mar 04, 2023	370	0	0	0
Mar 05, 2023	370	0	842	225
Mar 06, 2023	598	0	0	0
Mar 07, 2023	598	0	0	0
Mar 08, 2023	598	0	0	0
Mar 09, 2023	598	0	0	0
Mar 10, 2023	598	0	0	0
Mar 11, 2023	598	0	949	0
Mar 12, 2023	598	0	0	0
Mar 13, 2023	598	0	0	405
Mar 14, 2023	697	0	0	0
Mar 15, 2023	697	0	0	0
Mar 16, 2023	697	0	0	0
Mar 17, 2023	697	0	0	0
Mar 18, 2023	697	0	0	0
Mar 19, 2023	697	5	627	510
Mar 20, 2023	888	0	0	0
Mar 21, 2023	888	0	0	0
Mar 22, 2023	888	0	0	0
Mar 23, 2023	888	0	0	0
Mar 24, 2023	888	0	0	0
Mar 25, 2023	888	0	0	0
Mar 26, 2023	888	1	743	0
Mar 27, 2023	888	0	0	0
Mar 28, 2023	888	0	0	0
Mar 29, 2023	888	0	0	637
Mar 30, 2023	1093	0	0	0
Mar 31, 2023	1093	0	0	0
Apr 01, 2023	1093	0	0	0
Apr 02, 2023	1093	3	633	0
Apr 03, 2023	1093	0	0	0
Apr 04, 2023	1093	0	0	1091
Apr 05, 2023	951	0	0	0
Apr 06, 2023	951	0	0	0
Apr 07, 2023	951	0	0	0
Apr 08, 2023	951	0	591	0
Apr 09, 2023	951	0	0	0
Apr 10, 2023	951	0	0	0
Apr 11, 2023	951	0	0	0
Apr 12, 2023	951	0	0	1025
Apr 13, 2023	548	0	0	0
Apr 14, 2023	548	0	0	0
Apr 15, 2023	548	1	654	0
Apr 16, 2023	548	0	0	0
Apr 17, 2023	548	0	0	0
Apr 18, 2023	548	0	0	0
Apr 19, 2023	548	0	0	676
Apr 20, 2023	614	0	0	0
Apr 21, 2023	614	0	0	0
Apr 22, 2023	614	1	664	0
Apr 23, 2023	614	0	0	0
Apr 24, 2023	614	0	0	0
Apr 25, 2023	614	0	0	0
Apr 26, 2023	614	0	0	686
Apr 27, 2023	558	0	0	0
Apr 28, 2023	558	0	0	0
Apr 29, 2023	558	0	0	0
Apr 30, 2023	558	0	0	0
May 01, 2023	558	0	0	0
May 02, 2023	558	0	0	628
May 03, 2023	521	0	0	0
May 04, 2023	521	0	0	0
May 05, 2023	521	0	0	0
May 06, 2023	521	1	1588	0
May 07, 2023	521	0	0	0
May 08, 2023	521	0	0	0
May 09, 2023	521	0	0	591
May 10, 2023	583	0	0	0
May 11, 2023	583	0	0	0
May 12, 2023	583	0	0	0
May 13, 2023	583	6	1425	0
May 14, 2023	583	0	0	0
May 15, 2023	583	0	0	0
May 16, 2023	583	0	0	661
May 17, 2023	585	0	0	0
May 18, 2023	585	0	0	0
May 19, 2023	585	0	0	0
May 20, 2023	585	4	976	0
May 21, 2023	585	0	0	0
May 22, 2023	585	0	0	0
May 23, 2023	585	0	0	0
May 24, 2023	585	0	0	0
May 25, 2023	585	0	0	0
May 26, 2023	585	0	0	0
May 27, 2023	585	0	0	0
May 28, 2023	585	0	0	0
May 29, 2023	585	0	0	0
May 30, 2023	585	0	0	1421
May 31, 2023	751	0	0	0
Jun 01, 2023	751	0	0	0
Jun 02, 2023	751	0	0	0
Jun 03, 2023	751	0	0	0
Jun 04, 2023	751	0	0	0
Jun 05, 2023	751	0	0	0
Jun 06, 2023	751	0	0	1047
Jun 07, 2023	1123	0	0	0
Jun 08, 2023	1123	9	3221	0
Jun 09, 2023	1123	0	0	0
Jun 10, 2023	1123	0	0	0
Jun 11, 2023	1123	0	0	0
Jun 12, 2023	1123	0	0	0
Jun 13, 2023	1123	0	0	943
Jun 14, 2023	1152	0	0	0
Jun 15, 2023	1152	0	0	0
Jun 16, 2023	1152	0	0	0
Jun 17, 2023	1152	3	663	0
Jun 18, 2023	1152	0	0	0
Jun 19, 2023	1152	0	0	0
Jun 20, 2023	1152	0	0	0
Jun 21, 2023	1152	0	0	0
Jun 22, 2023	1152	0	0	0
Jun 23, 2023	1152	0	0	0
Jun 24, 2023	1152	4	485	0
Jun 25, 2023	1152	0	0	0
Jun 26, 2023	1152	0	0	0
Jun 27, 2023	1152	0	0	0
Jun 28, 2023	1152	0	0	0
Jun 29, 2023	1152	0	0	0
Jun 30, 2023	1152	0	0	0
Jul 01, 2023	1152	2	321	0
Jul 02, 2023	1152	0	0	3585
Jul 03, 2023	779	0	0	0
Jul 04, 2023	779	0	0	0
Jul 05, 2023	779	0	0	0
Jul 06, 2023	779	0	0	0
Jul 07, 2023	779	0	0	0
Jul 08, 2023	779	2	198	0
Jul 09, 2023	779	0	0	0
Jul 10, 2023	779	0	0	0
Jul 11, 2023	779	0	0	895
Jul 12, 2023	544	0	0	0
Jul 13, 2023	544	0	0	0
Jul 14, 2023	544	0	0	0
Jul 15, 2023	544	3	171	0
Jul 16, 2023	544	0	0	0
Jul 17, 2023	544	0	0	0
Jul 18, 2023	544	0	0	603
Jul 19, 2023	422	0	0	0
Jul 20, 2023	422	0	0	0
Jul 21, 2023	422	0	0	0
Jul 22, 2023	422	0	0	0
Jul 23, 2023	422	0	141	0
Jul 24, 2023	422	0	0	0
Jul 25, 2023	422	0	0	497
Jul 26, 2023	244	0	0	0
Jul 27, 2023	244	0	0	0
Jul 28, 2023	244	0	0	0
Jul 29, 2023	244	0	0	0
Jul 30, 2023	244	1	109	0
Jul 31, 2023	244	0	0	0
Aug 01, 2023	244	0	0	271
Aug 02, 2023	169	0	0	0
Aug 03, 2023	169	0	0	0
Aug 04, 2023	169	0	0	0
Aug 05, 2023	169	0	105	0
Aug 06, 2023	169	0	0	0
Aug 07, 2023	169	0	0	0
Aug 08, 2023	169	0	0	185
Aug 09, 2023	152	0	0	0
Aug 10, 2023	152	0	0	0
Aug 11, 2023	152	0	0	0
Aug 12, 2023	152	0	0	0
Aug 13, 2023	152	0	0	0
Aug 14, 2023	152	0	0	0
Aug 15, 2023	152	0	0	0
Aug 16, 2023	152	0	0	177
Aug 17, 2023	116	0	0	0
Aug 18, 2023	116	0	0	0
Aug 19, 2023	116	2	197	0
Aug 20, 2023	116	0	0	0
Aug 21, 2023	116	0	0	0
Aug 22, 2023	116	0	0	0
Aug 23, 2023	116	0	0	133
Aug 24, 2023	91	0	0	0
Aug 25, 2023	91	0	0	0
Aug 26, 2023	91	1	99	0
Aug 27, 2023	91	0	0	0
Aug 28, 2023	91	0	0	0
Aug 29, 2023	91	0	0	0
Aug 30, 2023	196	0	0	0
Aug 31, 2023	196	0	0	0
Sep 01, 2023	196	0	0	0
Sep 02, 2023	196	0	88	0
Sep 03, 2023	196	0	0	0
Sep 04, 2023	196	0	0	0
Sep 05, 2023	196	0	0	0
Sep 06, 2023	196	0	0	0
Sep 07, 2023	196	0	0	0
Sep 08, 2023	196	0	0	0
Sep 09, 2023	196	0	0	0
Sep 10, 2023	196	0	0	0
Sep 11, 2023	196	0	0	0
Sep 12, 2023	196	0	0	307
Sep 13, 2023	84	0	0	0
Sep 14, 2023	84	0	0	0
Sep 15, 2023	84	0	0	0
Sep 16, 2023	84	0	0	0
Sep 17, 2023	84	0	0	0
Sep 18, 2023	84	0	0	0
Sep 19, 2023	84	0	0	106
Sep 20, 2023	76	0	0	0
Sep 21, 2023	76	0	0	0
Sep 22, 2023	76	0	0	0
Sep 23, 2023	76	0	0	0
Sep 24, 2023	76	0	0	0
Sep 25, 2023	76	0	0	0
Sep 26, 2023	76	0	0	89
Sep 27, 2023	75	5	660	0
Sep 28, 2023	75	0	0	0
Sep 29, 2023	75	0	0	0
Sep 30, 2023	75	0	0	0
Oct 01, 2023	75	0	0	0
Oct 02, 2023	75	0	0	0
Oct 03, 2023	75	0	0	0
Oct 04, 2023	75	0	0	0
Oct 05, 2023	75	0	0	0
Oct 06, 2023	75	0	0	0
Oct 07, 2023	75	0	0	0
Oct 08, 2023	75	0	0	0
Oct 09, 2023	75	0	0	0
Oct 10, 2023	75	0	0	0
Oct 11, 2023	75	0	0	0
Oct 12, 2023	75	0	0	0
Oct 13, 2023	75	0	0	0
Oct 14, 2023	75	0	0	0
Oct 15, 2023	75	0	0	0
Oct 16, 2023	75	0	0	0
Oct 17, 2023	75	0	0	0
Oct 18, 2023	75	0	0	0
Oct 19, 2023	75	0	0	0
Oct 20, 2023	75	0	0	0
Oct 21, 2023	75	0	0	575
Oct 22, 2023	155	0	0	0
Oct 23, 2023	155	0	0	0
Oct 24, 2023	155	0	0	0
Oct 25, 2023	155	3	571	0
Oct 26, 2023	155	0	0	0
Oct 27, 2023	155	0	0	0
Oct 28, 2023	155	0	0	0
Oct 29, 2023	155	0	0	0
Oct 30, 2023	155	0	0	0
Oct 31, 2023	155	0	0	0
Nov 01, 2023	155	0	0	0
Nov 02, 2023	155	0	0	0
Nov 03, 2023	155	0	0	0
Nov 04, 2023	155	0	0	0
Nov 05, 2023	155	0	0	0
Nov 06, 2023	155	0	0	0
Nov 07, 2023	155	0	0	0
Nov 08, 2023	155	0	0	0
Nov 09, 2023	155	0	0	0
Nov 10, 2023	155	0	0	0
Nov 11, 2023	155	0	0	0
Nov 12, 2023	155	0	0	0
Nov 13, 2023	155	0	0	0
Nov 14, 2023	155	0	0	0
Nov 15, 2023	155	0	0	0
Nov 16, 2023	155	0	0	0
Nov 17, 2023	155	0	0	0
Nov 18, 2023	155	0	0	641
Nov 19, 2023	82	0	0	0
Nov 20, 2023	82	0	0	0
Nov 21, 2023	82	0	0	0
Nov 22, 2023	82	0	0	0
Nov 23, 2023	82	0	0	0
Nov 24, 2023	82	0	0	0
Nov 25, 2023	82	0	0	0
Nov 26, 2023	82	0	0	0
Nov 27, 2023	82	0	0	0
Nov 28, 2023	82	0	0	0
Nov 29, 2023	82	10	3658	0
Nov 30, 2023	82	0	0	0
Dec 01, 2023	82	0	0	0
Dec 02, 2023	82	0	0	0
Dec 03, 2023	82	0	0	0
Dec 04, 2023	82	0	0	0
Dec 05, 2023	82	0	0	0
Dec 06, 2023	82	9	2680	0
Dec 07, 2023	82	0	0	0
Dec 08, 2023	82	0	0	0
Dec 09, 2023	82	0	0	0
Dec 10, 2023	82	0	0	0
Dec 11, 2023	82	0	0	0
Dec 12, 2023	82	0	0	0
Dec 13, 2023	82	0	1903	0
Dec 14, 2023	82	0	0	0
Dec 15, 2023	82	0	0	0
Dec 16, 2023	82	0	0	0
Dec 17, 2023	82	0	0	0
Dec 18, 2023	82	0	0	0
Dec 19, 2023	82	0	0	0
Dec 20, 2023	82	0	1032	0
Dec 21, 2023	82	0	0	0
Dec 22, 2023	82	0	0	0
Dec 23, 2023	82	0	0	1648
Dec 24, 2023	2082	0	0	0
Dec 25, 2023	2082	0	0	0
Dec 26, 2023	2082	0	0	0
Dec 27, 2023	2082	0	0	0
Dec 28, 2023	2082	0	0	0
Dec 29, 2023	2082	0	0	0
Dec 30, 2023	2082	0	0	2365
Dec 31, 2023	2388	0	0	0
Jan 01, 2024	2388	0	0	0
Jan 02, 2024	2388	0	0	0
Jan 03, 2024	2388	0	0	0
Jan 04, 2024	2388	0	0	0
Jan 05, 2024	2388	0	0	0
Jan 06, 2024	2388	0	0	0
Jan 07, 2024	4291	0	0	0
Jan 08, 2024	4291	0	0	0
Jan 09, 2024	4291	0	0	0
Jan 10, 2024	4291	38	809	0
Jan 11, 2024	4291	0	0	0
Jan 12, 2024	4291	0	0	0
Jan 13, 2024	4291	0	0	0
Jan 14, 2024	5323	0	0	0
Jan 15, 2024	5323	0	0	0
Jan 16, 2024	5323	0	0	0
Jan 17, 2024	5323	0	0	0
Jan 18, 2024	5323	0	0	0
Jan 19, 2024	5323	0	0	0
Jan 20, 2024	5323	0	0	0
Jan 21, 2024	5323	0	0	0
Jan 22, 2024	5323	0	0	0
Jan 23, 2024	5323	0	0	0
Jan 24, 2024	5323	0	0	0
Jan 25, 2024	5323	0	0	0
Jan 26, 2024	5323	0	0	0
Jan 27, 2024	5323	0	0	0
Jan 28, 2024	5323	0	0	0
Jan 29, 2024	5323	0	61	0
Jan 30, 2024	5323	0	0	0
Jan 31, 2024	5323	0	0	0
Feb 01, 2024	5323	0	0	0
Feb 02, 2024	5323	0	0	0
Feb 03, 2024	5323	1	90	5986
Feb 04, 2024	108	0	0	0
Feb 05, 2024	108	0	0	0
Feb 06, 2024	108	0	0	0
Feb 07, 2024	108	0	0	0
Feb 08, 2024	108	0	0	0
Feb 09, 2024	108	0	0	0
Feb 10, 2024	108	0	0	0
Feb 11, 2024	108	0	0	0
Feb 12, 2024	108	0	0	0
Feb 13, 2024	108	0	0	0
Feb 14, 2024	108	0	0	0
Feb 15, 2024	108	0	0	0
Feb 16, 2024	108	0	0	0
Feb 17, 2024	108	0	0	0
Feb 18, 2024	108	0	0	0
Feb 19, 2024	108	0	0	0
Feb 20, 2024	108	0	0	0
Feb 21, 2024	108	0	0	0
Feb 22, 2024	108	0	0	105
Feb 23, 2024	64	0	0	0
Feb 24, 2024	64	0	0	0
Feb 25, 2024	64	0	0	0
Feb 26, 2024	64	0	0	0
Feb 27, 2024	64	0	0	89
Feb 28, 2024	64	0	0	0
Feb 29, 2024	64	NA	NA	0
Mar 01, 2024	64	NA	NA	0
Mar 02, 2024	64	NA	NA	0
Mar 03, 2024	64	NA	NA	0
Mar 04, 2024	64	NA	NA	0
Mar 05, 2024	64	NA	NA	0
Mar 06, 2024	64	NA	NA	0
Mar 07, 2024	64	NA	NA	0
Mar 08, 2024	64	NA	NA	0
Mar 09, 2024	64	NA	NA	0
Mar 10, 2024	64	NA	NA	0
Mar 11, 2024	64	NA	NA	0
Mar 12, 2024	64	NA	NA	0
Mar 13, 2024	64	NA	NA	0
Mar 14, 2024	64	NA	NA	0
Mar 15, 2024	64	NA	NA	0
Mar 16, 2024	64	NA	NA	0
Mar 17, 2024	64	NA	NA	0
Mar 18, 2024	64	NA	NA	0
Mar 19, 2024	64	NA	NA	0
Mar 20, 2024	64	NA	NA	0
Mar 21, 2024	64	NA	NA	0
Mar 22, 2024	64	NA	NA	0
Mar 23, 2024	64	NA	NA	0
Mar 24, 2024	64	NA	NA	NA
