Dates	Active	Deaths	Newcases	recover
Feb 15, 2020	0	1	0	0
Feb 16, 2020	0	0	15	0
Feb 17, 2020	0	1	0	0
Feb 18, 2020	0	0	16	0
Feb 19, 2020	0	0	3	0
Feb 20, 2020	0	0	6	0
Feb 21, 2020	0	2	23	0
Feb 22, 2020	0	2	5	0
Feb 23, 2020	0	0	0	0
Feb 24, 2020	0	0	14	0
Feb 25, 2020	0	0	0	0
Feb 26, 2020	0	0	22	0
Feb 27, 2020	0	2	1	0
Feb 28, 2020	0	0	6	0
Feb 29, 2020	0	0	6	0
Mar 01, 2020	0	0	0	0
Mar 02, 2020	0	0	16	0
Mar 03, 2020	0	0	0	0
Mar 04, 2020	0	0	9	0
Mar 05, 2020	0	0	2	0
Mar 06, 2020	0	0	7	0
Mar 07, 2020	0	0	2	0
Mar 08, 2020	0	0	4	0
Mar 09, 2020	0	0	6	0
Mar 10, 2020	0	1	1	0
Mar 11, 2020	0	0	1	0
Mar 12, 2020	0	0	4	0
Mar 13, 2020	2	0	4	0
Mar 14, 2020	2	0	0	0
Mar 15, 2020	17	0	6	0
Mar 16, 2020	17	0	8	0
Mar 17, 2020	33	0	0	0
Mar 18, 2020	36	0	8	0
Mar 19, 2020	42	0	7	6
Mar 20, 2020	64	0	0	2
Mar 21, 2020	55	0	23	0
Mar 22, 2020	55	0	29	3
Mar 23, 2020	69	0	29	6
Mar 24, 2020	69	0	3	5
Mar 25, 2020	91	0	10	0
Mar 26, 2020	91	0	0	21
Mar 27, 2020	80	0	20	18
Mar 28, 2020	78	0	5	14
Mar 29, 2020	77	0	2	81
Mar 30, 2020	93	0	4	0
Mar 31, 2020	93	0	0	78
Apr 01, 2020	98	0	2	101
Apr 02, 2020	98	0	2	92
Apr 03, 2020	94	0	2	101
Apr 04, 2020	96	0	10	90
Apr 05, 2020	100	0	12	110
Apr 06, 2020	93	0	0	170
Apr 07, 2020	94	0	4	217
Apr 08, 2020	93	0	18	159
Apr 09, 2020	78	0	2	297
Apr 10, 2020	82	0	7	293
Apr 11, 2020	73	0	14	195
Apr 12, 2020	79	0	12	308
Apr 13, 2020	70	0	8	279
Apr 14, 2020	70	0	1	291
Apr 15, 2020	77	1	17	362
Apr 16, 2020	84	0	15	322
Apr 17, 2020	84	0	4	414
Apr 18, 2020	101	3	45	303
Apr 19, 2020	130	0	37	338
Apr 20, 2020	158	0	77	293
Apr 21, 2020	156	3	0	417
Apr 22, 2020	166	1	206	418
Apr 23, 2020	166	2	58	523
Apr 24, 2020	176	0	62	419
Apr 25, 2020	181	0	66	278
Apr 26, 2020	178	2	111	303
Apr 27, 2020	177	0	56	383
Apr 28, 2020	177	0	34	347
Apr 29, 2020	179	1	34	523
Apr 30, 2020	181	0	80	438
May 01, 2020	183	0	45	554
May 02, 2020	187	0	89	469
May 03, 2020	199	1	51	374
May 04, 2020	189	0	152	295
May 05, 2020	193	2	157	479
May 06, 2020	193	1	133	475
May 07, 2020	186	1	135	496
May 08, 2020	188	0	58	507
May 09, 2020	202	2	171	445
May 10, 2020	211	3	61	493
May 11, 2020	207	0	96	520
May 12, 2020	193	2	159	740
May 13, 2020	210	0	106	790
May 14, 2020	225	3	76	959
May 15, 2020	220	1	65	1400
May 16, 2020	253	2	25	1199
May 17, 2020	290	1	0	952
May 18, 2020	355	2	158	1342
May 19, 2020	355	4	88	997
May 20, 2020	552	3	236	1488
May 21, 2020	610	3	97	1350
May 22, 2020	672	3	108	1204
May 23, 2020	738	2	198	1602
May 24, 2020	849	3	128	1154
May 25, 2020	865	3	131	1613
May 26, 2020	898	3	139	2625
May 27, 2020	932	3	179	2610
May 28, 2020	1012	4	197	2448
May 29, 2020	1054	5	216	1833
May 30, 2020	1143	3	351	2296
May 31, 2020	1194	2	167	2219
Jun 01, 2020	1343	4	233	0
Jun 02, 2020	1467	4	302	41227
Jun 03, 2020	1598	3	230	4575
Jun 04, 2020	1733	4	211	4883
Jun 05, 2020	1791	4	264	0
Jun 06, 2020	1909	3	213	0
Jun 07, 2020	1868	3	419	0
Jun 08, 2020	1964	2	242	0
Jun 09, 2020	2122	4	282	0
Jun 10, 2020	2228	4	315	30813
Jun 11, 2020	2304	4	364	4914
Jun 12, 2020	2369	5	431	5938
Jun 13, 2020	2393	5	375	6408
Jun 14, 2020	2393	4	287	5088
Jun 15, 2020	2201	4	242	7440
Jun 16, 2020	2288	4	303	0
Jun 17, 2020	2523	5	418	30209
Jun 18, 2020	2620	3	426	5050
Jun 19, 2020	2726	4	337	5118
Jun 20, 2020	2921	6	292	3960
Jun 21, 2020	3049	5	408	4828
Jun 22, 2020	2686	5	443	5173
Jun 23, 2020	2825	6	440	4523
Jun 24, 2020	3001	7	390	4234
Jun 25, 2020	3197	8	449	4104
Jun 26, 2020	3411	7	650	4624
Jun 27, 2020	3761	6	666	4155
Jun 28, 2020	3604	7	534	3944
Jun 29, 2020	3833	8	525	5075
Jun 30, 2020	4132	6	583	4214
Jul 01, 2020	4359	9	587	3804
Jul 02, 2020	4116	9	701	4096
Jul 03, 2020	4378	12	715	4102
Jul 04, 2020	4588	7	869	3587
Jul 05, 2020	5004	10	763	3339
Jul 06, 2020	5243	5	548	3874
Jul 07, 2020	5522	7	684	3458
Jul 08, 2020	5833	9	861	3219
Jul 09, 2020	5748	6	981	3131
Jul 10, 2020	6049	8	886	3061
Jul 11, 2020	6422	6	795	2788
Jul 12, 2020	6705	6	844	2654
Jul 13, 2020	6943	6	995	2664
Jul 14, 2020	7243	8	1138	2865
Jul 15, 2020	7278	6	1150	3216
Jul 16, 2020	7495	8	1281	1513
Jul 17, 2020	7232	7	1012	2635
Jul 18, 2020	7401	8	1226	2345
Jul 19, 2020	7807	9	1148	2198
Jul 20, 2020	5374	6	1047	2824
Jul 21, 2020	5671	5	895	2425
Jul 22, 2020	5569	5	1171	2190
Jul 23, 2020	5732	7	699	2265
Jul 24, 2020	6002	4	652	2473
Jul 25, 2020	5996	10	738	1926
Jul 26, 2020	5575	8	607	1859
Jul 27, 2020	5883	8	774	2378
Jul 28, 2020	6225	8	820	2225
Jul 29, 2020	6583	8	807	2071
Jul 30, 2020	7280	8	933	1699
Jul 31, 2020	7989	8	981	2180
Aug 01, 2020	8145	8	1067	1904
Aug 02, 2020	8628	9	922	1565
Aug 03, 2020	8952	8	860	2354
Aug 04, 2020	9376	9	1028	1961
Aug 05, 2020	9958	8	1127	1877
Aug 06, 2020	10608	9	994	2000
Aug 07, 2020	11488	9	1096	1965
Aug 08, 2020	11390	10	1192	1693
Aug 09, 2020	12226	9	1124	1516
Aug 10, 2020	9641	8	1061	2199
Aug 11, 2020	7994	8	1213	1878
Aug 12, 2020	7799	9	1188	1712
Aug 13, 2020	8725	10	1072	1906
Aug 14, 2020	9535	7	840	1914
Aug 15, 2020	10584	10	967	1877
Aug 16, 2020	10774	9	910	1557
Aug 17, 2020	10939	6	1029	2055
Aug 18, 2020	10839	8	1086	1845
Aug 19, 2020	11149	7	761	1778
Aug 20, 2020	10926	7	868	1834
Aug 21, 2020	10596	7	890	1833
Aug 22, 2020	10181	8	775	1449
Aug 23, 2020	9269	6	707	1285
Aug 24, 2020	8921	4	787	1999
Aug 25, 2020	8800	5	1010	1805
Aug 26, 2020	8683	7	986	1654
Aug 27, 2020	8393	6	967	1530
Aug 28, 2020	8541	7	867	1731
Aug 29, 2020	8396	6	667	1401
Aug 30, 2020	8396	7	751	1295
Aug 31, 2020	8230	6	837	1911
Sep 01, 2020	8338	7	835	1893
Sep 02, 2020	8573	6	759	1726
Sep 03, 2020	8901	4	907	1839
Sep 04, 2020	9312	6	791	1719
Sep 05, 2020	9739	5	826	1432
Sep 06, 2020	10855	6	788	1318
Sep 07, 2020	10161	5	683	2013
Sep 08, 2020	10684	5	679	1825
Sep 09, 2020	10981	6	608	1801
Sep 10, 2020	11238	6	615	1708
Sep 11, 2020	11235	6	677	1855
Sep 12, 2020	11424	5	757	1407
Sep 13, 2020	11411	6	684	1399
Sep 14, 2020	11704	3	619	2219
Sep 15, 2020	11792	4	635	1909
Sep 16, 2020	11631	3	614	2075
Sep 17, 2020	11200	4	464	2053
Sep 18, 2020	10426	5	289	2120
Sep 19, 2020	10255	4	531	1645
Sep 20, 2020	10013	5	347	1365
Sep 21, 2020	10162	3	525	2065
Sep 22, 2020	10115	5	483	1989
Sep 23, 2020	10106	4	391	1711
Sep 24, 2020	10080	4	381	1704
Sep 25, 2020	9973	5	302	4390
Sep 26, 2020	9812	2	424	1429
Sep 27, 2020	9658	3	423	2113
Sep 28, 2020	9568	2	482	1764
Sep 29, 2020	9542	4	353	1842
Sep 30, 2020	9269	4	476	1700
Oct 01, 2020	9149	4	404	1839
Oct 02, 2020	8961	3	309	1402
Oct 03, 2020	8899	3	424	1165
Oct 04, 2020	8864	4	312	1981
Oct 05, 2020	8627	3	380	1580
Oct 06, 2020	8412	4	395	1436
Oct 07, 2020	8202	3	380	1617
Oct 08, 2020	8145	2	441	1665
Oct 09, 2020	7992	3	384	1275
Oct 10, 2020	7843	3	393	1093
Oct 11, 2020	7776	3	185	1638
Oct 12, 2020	7652	2	266	1619
Oct 13, 2020	7419	2	296	1558
Oct 14, 2020	7405	3	305	1582
Oct 15, 2020	7060	4	390	1531
Oct 16, 2020	6739	4	301	1337
Oct 17, 2020	6711	4	492	1033
Oct 18, 2020	6206	4	419	1265
Oct 19, 2020	6104	2	387	1767
Oct 20, 2020	6581	3	311	1613
Oct 21, 2020	5656	4	300	1517
Oct 22, 2020	5373	4	315	1425
Oct 23, 2020	5055	4	352	1246
Oct 24, 2020	4929	4	418	1123
Oct 25, 2020	4845	3	400	1698
Oct 26, 2020	4826	3	308	1481
Oct 27, 2020	4713	5	355	1395
Oct 28, 2020	4690	4	319	1295
Oct 29, 2020	4594	5	398	1350
Oct 30, 2020	4461	5	309	1118
Oct 31, 2020	4442	6	236	1031
Nov 01, 2020	4368	5	280	1591
Nov 02, 2020	4352	5	354	1508
Nov 03, 2020	4349	6	227	1503
Nov 04, 2020	4340	5	446	1218
Nov 05, 2020	4401	5	481	1340
Nov 06, 2020	4385	5	329	1054
Nov 07, 2020	4372	4	300	1079
Nov 08, 2020	4302	5	265	1727
Nov 09, 2020	4265	4	462	1473
Nov 10, 2020	4252	5	480	1313
Nov 11, 2020	4169	4	468	1343
Nov 12, 2020	4158	5	428	1353
Nov 13, 2020	4145	4	435	1170
Nov 14, 2020	4137	4	462	1052
Nov 15, 2020	4128	3	609	1632
Nov 16, 2020	4117	1	339	1529
Nov 17, 2020	4108	4	355	1366
Nov 18, 2020	4100	3	237	1319
Nov 19, 2020	4111	4	364	1332
Nov 20, 2020	4105	3	314	1150
Nov 21, 2020	4211	2	386	1027
Nov 22, 2020	4609	2	294	1557
Nov 23, 2020	4285	2	438	1393
Nov 24, 2020	4278	4	315	1401
Nov 25, 2020	4268	4	196	1377
Nov 26, 2020	4259	5	221	1486
Nov 27, 2020	4234	5	358	1140
Nov 28, 2020	4216	4	348	1070
Nov 29, 2020	4494	5	365	1683
Nov 30, 2020	4171	5	320	1501
Dec 01, 2020	4158	7	225	1446
Dec 02, 2020	4132	5	260	1400
Dec 03, 2020	4118	6	437	1410
Dec 04, 2020	4085	6	326	1190
Dec 05, 2020	4382	5	199	1036
Dec 06, 2020	4029	6	147	1787
Dec 07, 2020	3998	5	177	1766
Dec 08, 2020	3980	6	255	1683
Dec 09, 2020	3967	4	246	1677
Dec 10, 2020	3958	6	414	1665
Dec 11, 2020	3948	7	345	1420
Dec 12, 2020	3939	7	505	1227
Dec 13, 2020	4543	6	438	2044
Dec 14, 2020	4128	6	373	1589
Dec 15, 2020	4244	6	316	1893
Dec 16, 2020	4255	5	512	1884
Dec 17, 2020	4365	6	604	1912
Dec 18, 2020	4441	6	441	1664
Dec 19, 2020	4589	6	450	1533
Dec 20, 2020	4625	6	497	2334
Dec 21, 2020	4721	6	641	2222
Dec 22, 2020	5032	7	673	2039
Dec 23, 2020	4773	6	574	1980
Dec 24, 2020	4760	7	569	2054
Dec 25, 2020	4789	7	535	1805
Dec 26, 2020	4833	7	450	1783
Dec 27, 2020	4849	5	464	2672
Dec 28, 2020	4881	5	403	2400
Dec 29, 2020	4882	7	413	2425
Dec 30, 2020	4893	7	433	2144
Dec 31, 2020	4947	6	406	1915
Jan 01, 2021	4953	7	412	2535
Jan 02, 2021	4965	7	547	2474
Jan 03, 2021	4928	6	604	3728
Jan 04, 2021	4901	6	419	3088
Jan 05, 2021	4888	6	406	3115
Jan 06, 2021	4895	7	563	2675
Jan 07, 2021	4906	5	460	2735
Jan 08, 2021	4927	6	456	3088
Jan 09, 2021	4985	5	412	3022
Jan 10, 2021	5418	4	473	4823
Jan 11, 2021	5037	4	480	4156
Jan 12, 2021	5046	4	500	4216
Jan 13, 2021	5111	5	380	4112
Jan 14, 2021	5326	6	352	3991
Jan 15, 2021	5441	3	431	3416
Jan 16, 2021	5583	4	484	2859
Jan 17, 2021	5695	3	475	4566
Jan 18, 2021	6004	3	359	4157
Jan 19, 2021	6349	4	350	4106
Jan 20, 2021	6587	5	392	3942
Jan 21, 2021	6832	5	462	4289
Jan 22, 2021	6734	6	333	3515
Jan 23, 2021	6677	7	489	3111
Jan 24, 2021	7135	7	465	4892
Jan 25, 2021	6593	6	477	4341
Jan 26, 2021	6581	7	441	4236
Jan 27, 2021	6678	8	459	4091
Jan 28, 2021	6746	8	426	4167
Jan 29, 2021	6732	8	424	3280
Jan 30, 2021	6755	7	444	2817
Jan 31, 2021	6851	8	377	4573
Feb 01, 2021	6859	7	429	3871
Feb 02, 2021	6873	7	389	3651
Feb 03, 2021	6902	7	449	3723
Feb 04, 2021	6915	8	577	3506
Feb 05, 2021	6914	8	396	2716
Feb 06, 2021	6846	8	529	2339
Feb 07, 2021	6802	8	453	4400
Feb 08, 2021	6825	10	436	3611
Feb 09, 2021	6858	9	547	3391
Feb 10, 2021	6812	9	475	3390
Feb 11, 2021	6757	10	481	3519
Feb 12, 2021	6739	11	509	2983
Feb 13, 2021	6736	11	593	2482
Feb 14, 2021	6760	12	574	4060
Feb 15, 2021	6727	10	535	3688
Feb 16, 2021	6711	12	540	3692
Feb 17, 2021	6680	12	549	3359
Feb 18, 2021	6686	13	631	3338
Feb 19, 2021	6663	13	937	2821
Feb 20, 2021	6693	14	1161	2557
Feb 21, 2021	6664	18	817	3999
Feb 22, 2021	6646	15	771	3543
Feb 23, 2021	6634	16	614	3619
Feb 24, 2021	6627	15	807	3413
Feb 25, 2021	6610	12	850	3654
Feb 26, 2021	6578	15	740	3124
Feb 27, 2021	6564	19	758	2721
Feb 28, 2021	6938	20	992	4639
Mar 01, 2021	6550	19	1288	3939
Mar 02, 2021	6529	17	1206	3968
Mar 03, 2021	6522	20	1348	3990
Mar 04, 2021	6562	19	1254	4124
Mar 05, 2021	6531	19	979	3634
Mar 06, 2021	6573	17	1607	3351
Mar 07, 2021	6560	18	1786	5641
Mar 08, 2021	6544	17	1425	4841
Mar 09, 2021	6533	20	1526	4817
Mar 10, 2021	6520	19	1115	4822
Mar 11, 2021	6593	21	1184	5159
Mar 12, 2021	6654	22	1088	4509
Mar 13, 2021	6808	22	1325	3947
Mar 14, 2021	6951	19	1101	6122
Mar 15, 2021	7096	19	925	5635
Mar 16, 2021	7166	18	1160	5720
Mar 17, 2021	7277	17	1122	5459
Mar 18, 2021	7427	17	1271	5956
Mar 19, 2021	7939	18	1244	5116
Mar 20, 2021	8584	19	1294	4557
Mar 21, 2021	8872	19	1287	7417
Mar 22, 2021	9132	17	1405	6501
Mar 23, 2021	9737	17	1141	6546
Mar 24, 2021	9413	19	1009	6228
Mar 25, 2021	9724	18	1318	6760
Mar 26, 2021	9894	18	1318	5772
Mar 27, 2021	9879	19	1142	5190
Mar 28, 2021	9797	17	995	8099
Mar 29, 2021	10170	11	980	7232
Mar 30, 2021	10397	13	1223	6962
Mar 31, 2021	11049	16	1238	6864
Apr 01, 2021	11480	17	1427	7488
Apr 02, 2021	11642	15	1297	5833
Apr 03, 2021	12316	14	1182	5028
Apr 04, 2021	14087	16	1202	8481
Apr 05, 2021	13669	14	864	7163
Apr 06, 2021	14318	15	876	6834
Apr 07, 2021	14461	17	771	7592
Apr 08, 2021	14842	18	1479	5879
Apr 09, 2021	15060	19	1124	5895
Apr 10, 2021	15555	18	1368	5443
Apr 11, 2021	15623	16	1321	8509
Apr 12, 2021	15618	14	1292	7383
Apr 13, 2021	15610	15	954	6918
Apr 14, 2021	15640	16	832	6748
Apr 15, 2021	15692	15	890	6900
Apr 16, 2021	15803	17	1160	5913
Apr 17, 2021	15485	19	1233	4953
Apr 18, 2021	15326	20	1070	7785
Apr 19, 2021	15844	14	1114	6799
Apr 20, 2021	15374	17	1188	6589
Apr 21, 2021	15095	15	1211	6555
Apr 22, 2021	15033	13	1050	6564
Apr 23, 2021	15337	15	1178	5452
Apr 24, 2021	15398	9	1010	4631
Apr 25, 2021	16374	10	1293	7248
Apr 26, 2021	15191	11	1474	6539
Apr 27, 2021	15581	15	1317	6006
Apr 28, 2021	15778	16	1271	5778
Apr 29, 2021	16197	14	1421	6042
Apr 30, 2021	16347	17	1319	5109
May 01, 2021	16409	16	1296	4237
May 02, 2021	17594	17	1357	6603
May 03, 2021	15985	15	1365	5666
May 04, 2021	15438	16	1402	5401
May 05, 2021	15040	20	1188	4928
May 06, 2021	15425	21	1258	5350
May 07, 2021	15253	20	1239	4381
May 08, 2021	15322	19	1462	3979
May 09, 2021	14811	18	1424	6445
May 10, 2021	14783	15	1483	5492
May 11, 2021	14707	15	1679	5452
May 12, 2021	14445	16	1464	5331
May 13, 2021	14106	18	1083	5626
May 14, 2021	13873	16	973	4658
May 15, 2021	13816	15	1489	4222
May 16, 2021	13703	17	1377	7083
May 17, 2021	13623	13	1197	6091
May 18, 2021	13529	16	1233	6026
May 19, 2021	13743	17	1341	5692
May 20, 2021	13876	18	1405	6406
May 21, 2021	13944	17	1278	5367
May 22, 2021	13978	18	1273	4987
May 23, 2021	13911	19	1327	7984
May 24, 2021	14073	17	1298	6958
May 25, 2021	14097	19	1334	6512
May 26, 2021	14413	13	1179	6920
May 27, 2021	14964	17	1091	5611
May 28, 2021	15353	14	1310	5820
May 29, 2021	15463	11	1397	5643
May 30, 2021	15581	14	1286	8386
May 31, 2021	15879	12	1019	7598
Jun 01, 2021	16160	12	1025	7270
Jun 02, 2021	16283	13	1033	6848
Jun 03, 2021	16368	12	1312	7106
Jun 04, 2021	16583	12	1181	6083
Jun 05, 2021	16898	11	1190	5334
Jun 06, 2021	16888	12	1240	8722
Jun 07, 2021	17099	15	1030	8119
Jun 08, 2021	17284	15	1148	7466
Jun 09, 2021	17452	16	1167	7021
Jun 10, 2021	17367	18	927	7190
Jun 11, 2021	17025	17	1033	5984
Jun 12, 2021	17247	15	802	5108
Jun 13, 2021	17299	17	1200	7761
Jun 14, 2021	17010	17	968	7023
Jun 15, 2021	16858	17	1080	6508
Jun 16, 2021	16776	15	1109	6020
Jun 17, 2021	16973	18	1263	6136
Jun 18, 2021	16974	16	1162	5106
Jun 19, 2021	16990	18	1192	4086
Jun 20, 2021	16849	15	1063	6467
Jun 21, 2021	16708	16	1087	5462
Jun 22, 2021	16543	16	861	5047
Jun 23, 2021	16025	14	1019	4728
Jun 24, 2021	15636	12	1117	4693
Jun 25, 2021	15848	17	919	3646
Jun 26, 2021	16255	16	1022	3293
Jun 27, 2021	16039	12	1018	3605
Jun 28, 2021	15983	11	1097	4495
Jun 29, 2021	15794	14	1060	3947
Jun 30, 2021	15647	14	1009	3606
Jul 01, 2021	15632	15	809	3437
Jul 02, 2021	15570	16	929	2816
Jul 03, 2021	15502	17	1040	2263
Jul 04, 2021	15491	8	907	2767
Jul 05, 2021	15232	10	897	3079
Jul 06, 2021	15180	16	882	2899
Jul 07, 2021	15064	15	766	2821
Jul 08, 2021	14824	14	763	2698
Jul 09, 2021	14755	15	979	2047
Jul 10, 2021	14233	12	1155	1863
Jul 11, 2021	14024	15	816	2677
Jul 12, 2021	13736	9	653	2242
Jul 13, 2021	13704	14	896	2039
Jul 14, 2021	13776	15	1018	1971
Jul 15, 2021	13994	16	951	1830
Jul 16, 2021	13833	15	885	1521
Jul 17, 2021	13832	15	851	1173
Jul 18, 2021	13690	16	909	1879
Jul 19, 2021	13522	12	861	1542
Jul 20, 2021	13202	12	967	1515
Jul 21, 2021	13143	16	1005	1385
Jul 22, 2021	13151	13	830	1093
Jul 23, 2021	13130	17	769	1145
Jul 24, 2021	13128	16	1116	1047
Jul 25, 2021	13115	14	1074	1565
Jul 26, 2021	12975	12	806	1359
Jul 27, 2021	12679	17	928	1184
Jul 28, 2021	12651	18	1100	1141
Jul 29, 2021	12519	17	1186	1147
Jul 30, 2021	12286	17	1376	916
Jul 31, 2021	11994	12	1060	821
Aug 01, 2021	11510	13	953	1217
Aug 02, 2021	11380	11	1218	1063
Aug 03, 2021	11143	11	890	986
Aug 04, 2021	10962	14	855	911
Aug 05, 2021	10727	17	1271	851
Aug 06, 2021	10679	16	941	772
Aug 07, 2021	10885	14	955	785
Aug 08, 2021	10678	16	932	1019
Aug 09, 2021	10255	10	1127	942
Aug 10, 2021	10141	10	834	837
Aug 11, 2021	10149	18	1030	788
Aug 12, 2021	10129	17	1119	829
Aug 13, 2021	10095	17	1263	665
Aug 14, 2021	10063	16	1195	613
Aug 15, 2021	9898	16	892	958
Aug 16, 2021	9865	17	1226	790
Aug 17, 2021	9831	15	858	738
Aug 18, 2021	10020	16	1064	682
Aug 19, 2021	9998	11	1260	682
Aug 20, 2021	10025	15	1346	540
Aug 21, 2021	10096	14	838	531
Aug 22, 2021	10075	12	822	807
Aug 23, 2021	10044	15	1201	665
Aug 24, 2021	10153	16	1060	613
Aug 25, 2021	10243	13	1140	562
Aug 26, 2021	10396	19	1171	579
Aug 27, 2021	10737	18	1216	465
Aug 28, 2021	10850	16	1191	420
Aug 29, 2021	10916	14	1260	675
Aug 30, 2021	11323	11	1458	542
Aug 31, 2021	11457	17	1392	544
Sep 01, 2021	11649	18	1522	469
Sep 02, 2021	12039	15	1296	450
Sep 03, 2021	12066	14	1400	386
Sep 04, 2021	11809	12	1638	335
Sep 05, 2021	11743	14	1326	462
Sep 06, 2021	11863	12	1527	412
Sep 07, 2021	11828	15	1452	437
Sep 08, 2021	11877	14	1522	386
Sep 09, 2021	11868	15	1519	444
Sep 10, 2021	12046	12	1504	372
Sep 11, 2021	11888	15	1410	332
Sep 12, 2021	11717	10	1110	544
Sep 13, 2021	11851	10	1292	471
Sep 14, 2021	11505	12	1284	423
Sep 15, 2021	11638	14	1441	397
Sep 16, 2021	11760	12	1350	460
Sep 17, 2021	11896	12	1302	428
Sep 18, 2021	11717	14	1368	396
Sep 19, 2021	11679	10	1349	602
Sep 20, 2021	11929	7	1299	494
Sep 21, 2021	11894	11	1162	584
Sep 22, 2021	12083	13	1254	509
Sep 23, 2021	12202	10	893	492
Sep 24, 2021	12260	11	1241	485
Sep 25, 2021	12168	10	1056	549
Sep 26, 2021	12285	9	844	879
Sep 27, 2021	12638	10	748	760
Sep 28, 2021	12812	11	1148	687
Sep 29, 2021	13251	9	911	694
Sep 30, 2021	13358	11	1069	640
Oct 01, 2021	13577	9	1058	490
Oct 02, 2021	13919	5	794	562
Oct 03, 2021	14002	9	912	884
Oct 04, 2021	14266	7	715	717
Oct 05, 2021	14433	8	861	724
Oct 06, 2021	14697	6	968	712
Oct 07, 2021	15041	9	953	802
Oct 08, 2021	15417	8	926	708
Oct 09, 2021	15654	9	898	679
Oct 10, 2021	15637	7	663	1062
Oct 11, 2021	15579	6	1085	982
Oct 12, 2021	15359	9	980	976
Oct 13, 2021	15276	9	990	972
Oct 14, 2021	15208	7	930	1046
Oct 15, 2021	15266	11	878	986
Oct 16, 2021	15205	9	902	1003
Oct 17, 2021	15180	7	845	1240
Oct 18, 2021	15161	7	755	1726
Oct 19, 2021	14878	6	811	1574
Oct 20, 2021	14837	11	918	1386
Oct 21, 2021	14508	6	686	1430
Oct 22, 2021	14418	9	718	1303
Oct 23, 2021	14146	7	808	1211
Oct 24, 2021	13697	9	772	1982
Oct 25, 2021	13324	7	801	1921
Oct 26, 2021	13266	9	785	1921
Oct 27, 2021	12856	6	619	1703
Oct 28, 2021	12617	8	1035	1790
Oct 29, 2021	12583	7	907	1598
Oct 30, 2021	12017	6	686	1506
Oct 31, 2021	11603	5	650	2298
Nov 01, 2021	11124	5	600	2110
Nov 02, 2021	10772	6	649	1950
Nov 03, 2021	10543	5	569	1956
Nov 04, 2021	10472	8	694	1811
Nov 05, 2021	10167	7	452	1536
Nov 06, 2021	10045	7	473	1606
Nov 07, 2021	9535	6	785	2177
Nov 08, 2021	9476	7	543	2640
Nov 09, 2021	9355	6	364	2565
Nov 10, 2021	9332	8	353	2430
Nov 11, 2021	9161	7	424	2354
Nov 12, 2021	9092	4	511	1975
Nov 13, 2021	9010	2	774	1992
Nov 14, 2021	8879	1	796	2852
Nov 15, 2021	8800	1	406	2748
Nov 16, 2021	8762	2	355	2433
Nov 17, 2021	8725	3	491	2238
Nov 18, 2021	8653	2	463	2481
Nov 19, 2021	8577	3	386	1869
Nov 20, 2021	8416	4	444	1833
Nov 21, 2021	8280	3	334	2849
Nov 22, 2021	8486	2	375	2442
Nov 23, 2021	8322	2	241	2399
Nov 24, 2021	8067	2	253	2176
Nov 25, 2021	8054	4	326	2271
Nov 26, 2021	8003	4	242	1933
Nov 27, 2021	7778	3	168	1831
Nov 28, 2021	7727	4	165	2769
Nov 29, 2021	7680	5	280	2383
Nov 30, 2021	7659	4	371	2131
Dec 01, 2021	7629	5	203	1983
Dec 02, 2021	7602	4	225	1892
Dec 03, 2021	7496	3	224	1613
Dec 04, 2021	7452	3	193	1428
Dec 05, 2021	7436	2	144	2133
Dec 06, 2021	7410	2	110	1841
Dec 07, 2021	7324	3	287	1856
Dec 08, 2021	7276	4	311	1493
Dec 09, 2021	7196	5	346	1580
Dec 10, 2021	7101	3	401	1300
Dec 11, 2021	7080	4	414	1132
Dec 12, 2021	6968	3	447	1796
Dec 13, 2021	6736	3	577	1532
Dec 14, 2021	6722	5	598	1135
Dec 15, 2021	6544	4	1267	1363
Dec 16, 2021	6488	5	1162	1367
Dec 17, 2021	6462	6	1538	1107
Dec 18, 2021	6427	5	1544	994
Dec 19, 2021	6328	6	1049	1502
Dec 20, 2021	6295	4	1618	1275
Dec 21, 2021	6188	7	2090	1179
Dec 22, 2021	6162	7	2328	1089
Dec 23, 2021	6156	8	2086	1137
Dec 24, 2021	6146	7	2318	964
Dec 25, 2021	6113	5	2401	1008
Dec 26, 2021	6070	7	1702	1369
Dec 27, 2021	5999	6	1823	1266
Dec 28, 2021	5901	8	1736	1193
Dec 29, 2021	5657	9	2010	1183
Dec 30, 2021	5466	7	1887	1177
Dec 31, 2021	5229	10	1989	1046
Jan 01, 2022	4981	8	2364	1186
Jan 02, 2022	4742	9	2646	1964
Jan 03, 2022	4650	11	1953	1748
Jan 04, 2022	4751	7	1801	1559
Jan 05, 2022	4832	8	1530	1645
Jan 06, 2022	4887	8	1711	1699
Jan 07, 2022	4968	10	1662	1893
Jan 08, 2022	4981	9	2157	2520
Jan 09, 2022	5167	11	1448	4223
Jan 10, 2022	5420	7	1694	4187
Jan 11, 2022	5762	7	1560	4375
Jan 12, 2022	6736	5	1008	4359
Jan 13, 2022	7628	3	1041	5233
Jan 14, 2022	8935	1	1576	4792
Jan 15, 2022	10255	3	1557	5195
Jan 16, 2022	11102	3	1228	9513
Jan 17, 2022	12536	2	1030	9440
Jan 18, 2022	13703	3	1065	10154
Jan 19, 2022	14511	3	926	10191
Jan 20, 2022	15533	2	632	10873
Jan 21, 2022	16134	2	347	10281
Jan 22, 2022	16616	2	606	10743
Jan 23, 2022	16990	2	520	17643
Jan 24, 2022	17010	2	699	17606
Jan 25, 2022	17041	1	397	17560
Jan 26, 2022	17103	2	391	19547
Jan 27, 2022	17179	1	387	20698
Jan 28, 2022	17195	2	480	19491
Jan 29, 2022	16472	1	888	19098
Jan 30, 2022	16609	1	480	32258
Jan 31, 2022	16879	1	329	32072
Feb 01, 2022	17382	1	458	32013
Feb 02, 2022	17225	2	180	32015
Feb 03, 2022	17013	2	181	33191
Feb 04, 2022	16843	1	293	27462
Feb 05, 2022	17134	2	342	24936
Feb 06, 2022	16709	1	239	42657
Feb 07, 2022	16197	1	149	41565
Feb 08, 2022	16268	2	198	38428
Feb 09, 2022	15313	1	352	35978
Feb 10, 2022	14500	2	204	35234
Feb 11, 2022	14497	1	279	29313
Feb 12, 2022	14338	2	304	26272
Feb 13, 2022	13898	1	107	42721
Feb 14, 2022	13358	2	50	39816
Feb 15, 2022	13040	1	290	36232
Feb 16, 2022	12755	1	309	33600
Feb 17, 2022	12053	1	186	31474
Feb 18, 2022	11454	1	175	26103
Feb 19, 2022	11012	1	138	23224
Feb 20, 2022	10535	1	112	37720
Feb 21, 2022	10417	1	54	33817
Feb 22, 2022	9270	1	73	31109
Feb 23, 2022	8579	1	75	27992
Feb 24, 2022	7791	1	71	26873
Feb 25, 2022	7269	2	95	21445
Feb 26, 2022	7378	1	39	19448
Feb 27, 2022	6744	1	36	30861
Feb 28, 2022	6355	2	56	27264
Mar 01, 2022	6242	1	135	24111
Mar 02, 2022	6004	1	69	22101
Mar 03, 2022	5674	1	124	21739
Mar 04, 2022	5285	1	130	17248
Mar 05, 2022	5124	1	81	15487
Mar 06, 2022	4806	1	135	25031
Mar 07, 2022	4022	0	62	21403
Mar 08, 2022	3678	1	125	19299
Mar 09, 2022	3647	1	75	17788
Mar 10, 2022	3374	1	81	17190
Mar 11, 2022	3458	1	139	14417
Mar 12, 2022	3540	0	48	12607
Mar 13, 2022	3374	0	98	19787
Mar 14, 2022	3051	1	75	17020
Mar 15, 2022	3084	0	72	16198
Mar 16, 2022	3218	0	96	14727
Mar 17, 2022	3196	0	166	14296
Mar 18, 2022	2964	1	66	11884
Mar 19, 2022	2917	1	88	10936
Mar 20, 2022	2729	1	8	16540
Mar 21, 2022	2458	0	7	13314
Mar 22, 2022	2385	0	6	11867
Mar 23, 2022	2396	0	1	9931
Mar 24, 2022	2179	0	14	9253
Mar 25, 2022	1990	0	18	7040
Mar 26, 2022	1863	0	33	6230
Mar 27, 2022	1700	0	55	9856
Mar 28, 2022	1566	0	58	7854
Mar 29, 2022	1550	0	9	7170
Mar 30, 2022	1505	0	20	6172
Mar 31, 2022	1575	1	8	6010
Apr 01, 2022	1609	0	34	4597
Apr 02, 2022	1591	1	20	4227
Apr 03, 2022	1641	0	109	6503
Apr 04, 2022	1597	1	80	5262
Apr 05, 2022	1671	0	36	4807
Apr 06, 2022	1708	1	14	4075
Apr 07, 2022	1733	1	23	3813
Apr 08, 2022	1743	1	38	3015
Apr 09, 2022	1716	1	47	2851
Apr 10, 2022	1694	0	77	4485
Apr 11, 2022	1644	0	15	3743
Apr 12, 2022	1633	0	36	3108
Apr 13, 2022	1603	1	40	2856
Apr 14, 2022	1704	1	50	2807
Apr 15, 2022	1638	1	31	2258
Apr 16, 2022	1648	1	0	2113
Apr 17, 2022	1569	0	99	3195
Apr 18, 2022	1436	1	39	2585
Apr 19, 2022	1390	0	60	2237
Apr 20, 2022	1292	0	30	2046
Apr 21, 2022	1230	1	25	1680
Apr 22, 2022	1171	0	64	1922
Apr 23, 2022	1111	0	28	2095
Apr 24, 2022	1007	0	77	3240
Apr 25, 2022	991	0	34	2492
Apr 26, 2022	916	0	34	2159
Apr 27, 2022	918	0	33	1989
Apr 28, 2022	911	0	47	1911
Apr 29, 2022	931	0	49	1761
Apr 30, 2022	941	1	53	1645
May 01, 2022	1022	0	25	2559
May 02, 2022	1077	1	7	2344
May 03, 2022	1072	0	29	2168
May 04, 2022	1036	0	56	2017
May 05, 2022	1007	0	59	2084
May 06, 2022	1036	0	28	2118
May 07, 2022	1064	0	36	2204
May 08, 2022	1133	0	68	3383
May 09, 2022	1116	0	36	3228
May 10, 2022	1131	0	32	2974
May 11, 2022	1065	1	64	2836
May 12, 2022	1082	0	52	2900
May 13, 2022	1040	0	67	2975
May 14, 2022	1040	1	64	3076
May 15, 2022	1083	2	75	4707
May 16, 2022	1100	1	30	4716
May 17, 2022	1122	1	49	4600
May 18, 2022	1107	0	118	4268
May 19, 2022	1050	2	100	4552
May 20, 2022	1090	1	130	4536
May 21, 2022	1082	1	105	4335
May 22, 2022	1121	1	88	7045
May 23, 2022	1105	0	67	6366
May 24, 2022	1106	0	127	6065
May 25, 2022	1082	2	71	5745
May 26, 2022	1081	1	164	6204
May 27, 2022	1091	1	199	5349
May 28, 2022	1086	0	177	5549
May 29, 2022	1078	1	66	8820
May 30, 2022	1030	1	45	8336
May 31, 2022	997	0	102	7775
Jun 01, 2022	1021	0	93	7193
Jun 02, 2022	1007	1	192	7088
Jun 03, 2022	1000	1	240	6332
Jun 04, 2022	998	2	234	5904
Jun 05, 2022	1031	2	304	9926
Jun 06, 2022	1022	1	82	8852
Jun 07, 2022	1001	0	167	8941
Jun 08, 2022	1013	2	106	8202
Jun 09, 2022	1033	3	246	8950
Jun 10, 2022	1090	0	196	8305
Jun 11, 2022	1125	2	175	7900
Jun 12, 2022	1146	1	328	12888
Jun 13, 2022	1118	1	137	11438
Jun 14, 2022	1138	0	137	10592
Jun 15, 2022	1220	0	219	9980
Jun 16, 2022	1256	0	209	10073
Jun 17, 2022	1350	2	390	8630
Jun 18, 2022	1423	2	346	8171
Jun 19, 2022	1445	1	672	13416
Jun 20, 2022	1459	1	247	11685
Jun 21, 2022	1520	0	326	10770
Jun 22, 2022	1529	0	119	9701
Jun 23, 2022	1617	1	563	9226
Jun 24, 2022	1784	2	306	7546
Jun 25, 2022	1911	1	513	6885
Jun 26, 2022	1862	1	426	11791
Jun 27, 2022	1810	0	293	8587
Jun 28, 2022	1912	0	184	11813
Jun 29, 2022	1777	0	635	9858
Jun 30, 2022	1880	2	437	9217
Jul 01, 2022	2057	1	455	7879
Jul 02, 2022	2173	2	371	6909
Jul 03, 2022	2403	2	559	8653
Jul 04, 2022	2286	3	250	11748
Jul 05, 2022	2298	0	500	10238
Jul 06, 2022	2233	1	591	8795
Jul 07, 2022	2407	2	310	8551
Jul 08, 2022	2553	3	313	7422
Jul 09, 2022	2620	2	355	6931
Jul 10, 2022	2855	0	280	10936
Jul 11, 2022	2801	2	196	9560
Jul 12, 2022	2701	2	246	8638
Jul 13, 2022	2690	0	328	8091
Jul 14, 2022	2588	2	201	7854
Jul 15, 2022	2890	0	323	6612
Jul 16, 2022	3056	2	373	6288
Jul 17, 2022	3611	0	120	9598
Jul 18, 2022	3593	2	200	8129
Jul 19, 2022	3697	0	259	7434
Jul 20, 2022	3615	0	115	6219
Jul 21, 2022	3850	0	181	6158
Jul 22, 2022	4017	1	210	5345
Jul 23, 2022	4392	0	135	5289
Jul 24, 2022	4598	1	83	9024
Jul 25, 2022	4682	3	195	7889
Jul 26, 2022	4476	1	108	7572
Jul 27, 2022	4765	1	99	7139
Jul 28, 2022	4528	1	99	7411
Jul 29, 2022	4734	0	133	6867
Jul 30, 2022	4778	1	160	6541
Jul 31, 2022	5217	2	53	10378
Aug 01, 2022	4904	2	29	8837
Aug 02, 2022	5098	0	116	8430
Aug 03, 2022	5175	0	111	6601
Aug 04, 2022	5057	0	99	6602
Aug 05, 2022	5076	0	97	8184
Aug 06, 2022	5246	0	170	7646
Aug 07, 2022	4891	2	78	7532
Aug 08, 2022	4650	0	73	12328
Aug 09, 2022	4441	1	98	10558
Aug 10, 2022	4396	2	81	10033
Aug 11, 2022	4596	0	0	9376
Aug 12, 2022	4108	0	179	9495
Aug 13, 2022	3979	0	376	9218
Aug 14, 2022	3505	0	52	8458
Aug 15, 2022	3395	0	21	13732
Aug 16, 2022	3340	0	41	11781
Aug 17, 2022	3098	0	57	11135
Aug 18, 2022	2996	0	127	0
Aug 19, 2022	3008	0	33	18721
Aug 20, 2022	2897	0	45	7626
Aug 21, 2022	2650	2	75	6902
Aug 22, 2022	2642	0	38	0
Aug 23, 2022	2427	0	22	19792
Aug 24, 2022	2151	2	40	9411
Aug 25, 2022	2130	0	45	0
Aug 26, 2022	2061	0	50	16290
Aug 27, 2022	1962	0	45	6900
Aug 28, 2022	1898	0	75	0
Aug 29, 2022	1746	0	6	15291
Aug 30, 2022	1780	0	89	7843
Aug 31, 2022	1763	0	67	0
Sep 01, 2022	1861	0	73	13154
Sep 02, 2022	1822	0	43	0
Sep 03, 2022	1868	1	57	11084
Sep 04, 2022	1826	1	14	4775
Sep 05, 2022	1712	0	10	6659
Sep 06, 2022	1690	0	12	5660
Sep 07, 2022	1641	0	11	5095
Sep 08, 2022	1641	0	14	0
Sep 09, 2022	1686	0	11	8943
Sep 10, 2022	1847	0	18	3957
Sep 11, 2022	1868	0	14	3619
Sep 12, 2022	1773	0	2	0
Sep 13, 2022	1703	0	47	10670
Sep 14, 2022	1661	0	146	4136
Sep 15, 2022	1691	0	16	3661
Sep 16, 2022	1554	0	18	3615
Sep 17, 2022	1519	0	38	3055
Sep 18, 2022	1494	0	92	0
Sep 19, 2022	1395	0	54	0
Sep 20, 2022	1304	0	20	9698
Sep 21, 2022	1165	0	72	2669
Sep 22, 2022	999	0	37	2231
Sep 23, 2022	884	0	17	1939
Sep 24, 2022	877	1	70	0
Sep 25, 2022	919	1	15	5148
Sep 26, 2022	868	1	8	3274
Sep 27, 2022	900	0	49	4565
Sep 28, 2022	840	0	53	0
Sep 29, 2022	863	0	59	7462
Sep 30, 2022	861	0	26	3168
Oct 01, 2022	841	1	36	2977
Oct 02, 2022	802	0	39	2799
Oct 03, 2022	780	0	21	4139
Oct 04, 2022	790	0	27	0
Oct 05, 2022	700	1	25	6565
Oct 06, 2022	664	0	12	2719
Oct 07, 2022	612	0	84	2674
Oct 08, 2022	555	0	51	2544
Oct 09, 2022	563	2	12	2669
Oct 10, 2022	476	0	12	4096
Oct 11, 2022	456	0	15	3433
Oct 12, 2022	529	0	65	3064
Oct 13, 2022	502	0	27	3026
Oct 14, 2022	462	0	33	2939
Oct 15, 2022	485	0	122	0
Oct 16, 2022	567	1	51	5715
Oct 17, 2022	609	0	26	13276
Oct 18, 2022	618	0	28	0
Oct 19, 2022	676	0	45	8169
Oct 20, 2022	713	0	103	4036
Oct 21, 2022	701	0	96	4222
Oct 22, 2022	757	1	67	7620
Oct 23, 2022	760	0	39	5520
Oct 24, 2022	721	0	51	5418
Oct 25, 2022	624	0	47	5623
Oct 26, 2022	661	0	112	0
Oct 27, 2022	702	0	63	10304
Oct 28, 2022	690	0	92	5021
Oct 29, 2022	634	0	97	0
Oct 30, 2022	619	1	50	14528
Oct 31, 2022	620	0	45	5605
Nov 01, 2022	575	0	69	4865
Nov 02, 2022	563	0	102	4334
Nov 03, 2022	558	0	64	0
Nov 04, 2022	571	0	66	7420
Nov 05, 2022	606	0	75	5244
Nov 06, 2022	609	0	69	5180
Nov 07, 2022	572	0	50	7836
Nov 08, 2022	534	0	71	7496
Nov 09, 2022	540	0	99	6762
Nov 10, 2022	541	0	89	5336
Nov 11, 2022	537	0	83	5533
Nov 12, 2022	620	0	115	8947
Nov 13, 2022	650	0	59	6535
Nov 14, 2022	649	0	48	5802
Nov 15, 2022	651	0	115	5611
Nov 16, 2022	684	0	133	5297
Nov 17, 2022	703	0	97	4342
Nov 18, 2022	748	1	165	4352
Nov 19, 2022	801	1	120	7735
Nov 20, 2022	826	0	122	5912
Nov 21, 2022	862	0	66	5493
Nov 22, 2022	844	0	105	5050
Nov 23, 2022	929	0	170	4852
Nov 24, 2022	959	0	131	3906
Nov 25, 2022	1000	0	165	3946
Nov 26, 2022	1070	0	225	6425
Nov 27, 2022	1092	2	57	4820
Nov 28, 2022	1092	0	20	7309
Nov 29, 2022	1161	0	73	1211
Nov 30, 2022	1064	0	0	3883
Dec 01, 2022	1061	0	169	3193
Dec 02, 2022	1087	0	134	3318
Dec 03, 2022	1111	0	82	0
Dec 04, 2022	1133	3	9	9392
Dec 05, 2022	1071	0	11	0
Dec 06, 2022	1079	0	17	7072
Dec 07, 2022	1086	0	16	3210
Dec 08, 2022	1078	2	17	2628
Dec 09, 2022	1111	1	42	2552
Dec 10, 2022	1180	0	24	0
Dec 11, 2022	1170	0	7	0
Dec 12, 2022	1116	0	7	0
Dec 13, 2022	1167	0	25	0
Dec 14, 2022	1300	0	23	12564
Dec 15, 2022	1256	3	18	6807
Dec 16, 2022	1352	2	61	2915
Dec 17, 2022	1422	0	116	4578
Dec 18, 2022	1473	0	27	3605
Dec 19, 2022	1440	0	7	3572
Dec 20, 2022	1456	0	31	3353
Dec 21, 2022	1543	0	39	3323
Dec 22, 2022	1559	0	90	3122
Dec 23, 2022	1665	0	13	3184
Dec 24, 2022	1842	2	79	5283
Dec 25, 2022	1784	2	12	4287
Dec 26, 2022	1671	0	2	3767
Dec 27, 2022	1647	0	54	3848
Dec 28, 2022	1647	1	38	0
Dec 29, 2022	1530	1	10	7093
Dec 30, 2022	1541	0	0	3889
Dec 31, 2022	1623	0	13	6752
Jan 01, 2023	1461	0	0	5186
Jan 02, 2023	1291	0	130	4458
Jan 03, 2023	1177	0	45	3703
Jan 04, 2023	1171	0	14	3277
Jan 05, 2023	963	0	0	2385
Jan 06, 2023	948	1	18	2929
Jan 07, 2023	950	0	24	4074
Jan 08, 2023	884	0	2	5084
Jan 09, 2023	791	0	2	3985
Jan 10, 2023	747	0	10	3604
Jan 11, 2023	636	0	9	3164
Jan 12, 2023	572	0	7	2578
Jan 13, 2023	624	0	0	2530
Jan 14, 2023	726	0	47	4091
Jan 15, 2023	742	1	81	3118
Jan 16, 2023	749	0	3	2756
Jan 17, 2023	747	0	70	0
Jan 18, 2023	742	0	12	4944
Jan 19, 2023	807	1	18	0
Jan 20, 2023	813	0	0	4047
Jan 21, 2023	877	0	7	3094
Jan 22, 2023	864	0	0	2409
Jan 23, 2023	843	0	17	2041
Jan 24, 2023	879	0	12	2101
Jan 25, 2023	853	0	10	1844
Jan 26, 2023	745	0	4	1608
Jan 27, 2023	745	0	3	1600
Jan 28, 2023	724	0	17	2395
Jan 29, 2023	724	0	0	1915
Jan 30, 2023	784	0	7	1677
Jan 31, 2023	739	0	0	1607
Feb 01, 2023	740	0	5	1567
Feb 02, 2023	740	0	28	1502
Feb 03, 2023	650	0	20	1398
Feb 04, 2023	665	0	17	2091
Feb 05, 2023	636	0	74	1615
Feb 06, 2023	599	0	29	1606
Feb 07, 2023	518	0	3	1470
Feb 08, 2023	513	0	5	3823
Feb 09, 2023	441	0	6	0
Feb 10, 2023	441	0	20	183
Feb 11, 2023	364	0	22	2002
Feb 12, 2023	428	0	6	1639
Feb 13, 2023	414	0	9	1483
Feb 14, 2023	468	0	0	1410
Feb 15, 2023	470	0	8	1318
Feb 16, 2023	465	0	11	0
Feb 17, 2023	465	0	6	0
Feb 18, 2023	455	0	10	4433
Feb 19, 2023	455	0	7	0
Feb 20, 2023	438	2	6	3173
Feb 21, 2023	433	0	11	1585
Feb 22, 2023	411	0	13	1674
Feb 23, 2023	334	0	10	0
Feb 24, 2023	334	0	15	3396
Feb 25, 2023	280	0	10	2668
Feb 26, 2023	280	0	4	2210
Feb 27, 2023	257	0	15	2039
Feb 28, 2023	257	0	0	2091
Mar 01, 2023	254	0	23	1963
Mar 02, 2023	269	0	9	0
Mar 03, 2023	285	0	15	0
Mar 04, 2023	290	0	15	7102
Mar 05, 2023	354	0	16	2710
Mar 06, 2023	379	0	13	2592
Mar 07, 2023	379	0	12	2602
Mar 08, 2023	367	0	0	2722
Mar 09, 2023	368	0	16	0
Mar 10, 2023	386	0	3	5428
Mar 11, 2023	406	0	3	4092
Mar 12, 2023	409	0	4	3657
Mar 13, 2023	390	0	3	3426
Mar 14, 2023	390	0	7	3676
Mar 15, 2023	361	0	4	3819
Mar 16, 2023	298	0	5	3535
Mar 17, 2023	275	0	6	3596
Mar 18, 2023	282	0	7	5249
Mar 19, 2023	284	0	5	4031
Mar 20, 2023	284	0	7	3712
Mar 21, 2023	275	0	13	3546
Mar 22, 2023	266	0	6	3237
Mar 23, 2023	270	0	5	0
Mar 24, 2023	276	0	7	5760
Mar 25, 2023	283	0	10	4205
Mar 26, 2023	282	0	0	0
Mar 27, 2023	286	0	10	5627
Mar 28, 2023	286	0	0	2524
Mar 29, 2023	293	0	18	2180
Mar 30, 2023	295	0	13	0
Mar 31, 2023	304	0	0	0
Apr 01, 2023	308	0	21	6226
Apr 02, 2023	309	0	0	1850
Apr 03, 2023	312	0	17	0
Apr 04, 2023	309	0	26	2993
Apr 05, 2023	309	0	15	1170
Apr 06, 2023	311	0	10	1047
Apr 07, 2023	299	0	0	1146
Apr 08, 2023	292	0	0	1456
Apr 09, 2023	283	0	0	0
Apr 10, 2023	277	0	0	0
Apr 11, 2023	269	0	0	0
Apr 12, 2023	258	0	0	0
Apr 13, 2023	247	0	0	4096
Apr 14, 2023	240	0	0	788
Apr 15, 2023	235	0	0	1201
Apr 16, 2023	227	0	0	773
Apr 17, 2023	231	0	0	597
Apr 18, 2023	241	0	0	566
Apr 19, 2023	244	0	0	561
Apr 20, 2023	245	0	0	428
Apr 21, 2023	249	0	0	0
Apr 22, 2023	252	0	0	979
Apr 23, 2023	252	0	0	0
Apr 24, 2023	253	0	0	795
Apr 25, 2023	253	0	0	383
Apr 26, 2023	258	0	0	342
Apr 27, 2023	266	0	0	0
Apr 28, 2023	266	0	0	0
Apr 29, 2023	267	0	0	0
Apr 30, 2023	267	0	0	1276
May 01, 2023	278	0	0	240
May 02, 2023	292	0	0	175
May 03, 2023	297	0	0	203
May 04, 2023	302	0	0	134
May 05, 2023	302	0	0	152
May 06, 2023	302	0	0	180
May 07, 2023	302	0	0	240
May 08, 2023	302	0	0	141
May 09, 2023	302	0	0	0
May 10, 2023	302	0	0	305
May 11, 2023	302	0	0	0
May 12, 2023	302	0	0	255
May 13, 2023	302	0	0	181
May 14, 2023	302	0	0	0
May 15, 2023	302	0	0	219
May 16, 2023	302	0	0	97
May 17, 2023	302	0	0	104
May 18, 2023	302	0	0	0
May 19, 2023	302	0	0	186
May 20, 2023	302	0	0	123
May 21, 2023	302	0	0	112
May 22, 2023	302	0	0	63
May 23, 2023	302	0	0	74
May 24, 2023	302	0	0	77
May 25, 2023	302	0	0	54
May 26, 2023	302	0	0	64
May 27, 2023	302	0	0	85
May 28, 2023	302	0	0	66
May 29, 2023	302	0	0	42
May 30, 2023	302	0	0	68
May 31, 2023	302	0	0	36
Jun 01, 2023	302	0	0	43
Jun 02, 2023	302	0	0	33
Jun 03, 2023	302	0	0	60
Jun 04, 2023	302	0	0	52
Jun 05, 2023	302	0	0	34
Jun 06, 2023	302	0	0	32
Jun 07, 2023	302	0	0	42
Jun 08, 2023	302	0	0	24
Jun 09, 2023	302	0	0	27
Jun 10, 2023	302	0	0	42
Jun 11, 2023	302	0	0	31
Jun 12, 2023	302	0	0	26
Jun 13, 2023	302	0	0	22
Jun 14, 2023	302	0	0	23
Jun 15, 2023	302	0	0	24
Jun 16, 2023	302	0	0	22
Jun 17, 2023	302	0	0	51
Jun 18, 2023	302	0	0	28
Jun 19, 2023	302	0	0	38
Jun 20, 2023	302	0	0	26
Jun 21, 2023	302	0	0	27
Jun 22, 2023	302	0	0	20
Jun 23, 2023	302	0	0	20
Jun 24, 2023	302	0	0	32
Jun 25, 2023	302	0	0	17
Jun 26, 2023	302	0	0	16
Jun 27, 2023	302	0	0	19
Jun 28, 2023	302	0	0	29
Jun 29, 2023	302	0	0	25
Jun 30, 2023	302	0	0	18
Jul 01, 2023	302	0	0	26
Jul 02, 2023	302	0	0	30
Jul 03, 2023	302	0	0	15
Jul 04, 2023	302	0	0	23
Jul 05, 2023	302	0	0	19
Jul 06, 2023	302	0	0	16
Jul 07, 2023	302	0	0	0
Jul 08, 2023	302	0	0	34
Jul 09, 2023	302	0	0	0
Jul 10, 2023	302	0	0	41
Jul 11, 2023	302	0	0	18
Jul 12, 2023	302	0	0	12
Jul 13, 2023	302	0	0	24
Jul 14, 2023	302	0	0	22
Jul 15, 2023	302	0	0	38
Jul 16, 2023	302	0	0	0
Jul 17, 2023	302	0	0	32
Jul 18, 2023	302	0	0	20
Jul 19, 2023	302	0	0	22
Jul 20, 2023	302	0	0	13
Jul 21, 2023	302	0	0	21
Jul 22, 2023	302	0	0	31
Jul 23, 2023	302	0	0	29
Jul 24, 2023	302	0	0	23
Jul 25, 2023	302	0	0	28
Jul 26, 2023	302	0	0	0
Jul 27, 2023	302	0	0	55
Jul 28, 2023	302	0	0	44
Jul 29, 2023	302	0	0	55
Jul 30, 2023	302	0	0	44
Jul 31, 2023	302	0	0	36
Aug 01, 2023	302	0	0	50
Aug 02, 2023	302	0	0	44
Aug 03, 2023	302	0	0	44
Aug 04, 2023	302	0	0	43
Aug 05, 2023	302	0	0	71
Aug 06, 2023	302	0	0	50
Aug 07, 2023	302	0	0	50
Aug 08, 2023	302	0	0	0
Aug 09, 2023	302	0	0	0
Aug 10, 2023	302	0	0	0
Aug 11, 2023	302	0	0	224
Aug 12, 2023	302	0	0	0
Aug 13, 2023	302	0	0	0
Aug 14, 2023	302	0	0	188
Aug 15, 2023	302	0	0	63
Aug 16, 2023	302	0	0	69
Aug 17, 2023	302	0	0	0
Aug 18, 2023	302	0	0	104
Aug 19, 2023	302	0	0	0
Aug 20, 2023	302	0	0	0
Aug 21, 2023	302	0	0	228
Aug 22, 2023	302	0	0	0
Aug 23, 2023	302	0	0	0
Aug 24, 2023	302	0	0	215
Aug 25, 2023	302	0	0	73
Aug 26, 2023	302	0	0	0
Aug 27, 2023	302	0	0	0
Aug 28, 2023	302	0	0	0
Aug 29, 2023	302	0	0	371
Aug 30, 2023	302	0	0	0
Aug 31, 2023	302	0	0	83
Sep 01, 2023	302	0	0	0
Sep 02, 2023	302	0	0	0
Sep 03, 2023	302	0	0	0
Sep 04, 2023	302	0	0	0
Sep 05, 2023	302	0	0	0
Sep 06, 2023	302	0	0	491
Sep 07, 2023	302	0	0	0
Sep 08, 2023	302	0	0	0
Sep 09, 2023	302	0	0	0
Sep 10, 2023	302	0	0	0
Sep 11, 2023	302	0	0	0
Sep 12, 2023	302	0	0	0
Sep 13, 2023	302	0	0	0
Sep 14, 2023	302	0	0	649
Sep 15, 2023	302	0	0	0
Sep 16, 2023	302	0	0	0
Sep 17, 2023	302	0	0	0
Sep 18, 2023	302	0	0	0
Sep 19, 2023	302	0	0	0
Sep 20, 2023	302	0	0	0
Sep 21, 2023	302	0	0	790
Sep 22, 2023	302	0	0	0
Sep 23, 2023	302	0	0	0
Sep 24, 2023	302	0	0	0
Sep 25, 2023	302	0	0	0
Sep 26, 2023	302	0	0	0
Sep 27, 2023	302	0	0	0
Sep 28, 2023	302	0	0	0
Sep 29, 2023	302	0	0	0
Sep 30, 2023	302	0	0	864
Oct 01, 2023	302	0	0	0
Oct 02, 2023	302	0	0	0
Oct 03, 2023	302	0	0	0
Oct 04, 2023	302	0	0	0
Oct 05, 2023	302	0	0	0
Oct 06, 2023	302	0	0	1354
Oct 07, 2023	302	0	0	0
Oct 08, 2023	302	0	0	0
Oct 09, 2023	302	0	0	0
Oct 10, 2023	302	0	0	0
Oct 11, 2023	302	0	0	0
Oct 12, 2023	302	0	0	0
Oct 13, 2023	302	0	0	1774
Oct 14, 2023	302	0	0	0
Oct 15, 2023	302	0	0	0
Oct 16, 2023	302	0	0	0
Oct 17, 2023	302	0	0	0
Oct 18, 2023	302	0	0	0
Oct 19, 2023	302	0	0	0
Oct 20, 2023	302	0	0	2091
Oct 21, 2023	302	0	0	0
Oct 22, 2023	302	0	0	0
Oct 23, 2023	302	0	0	0
Oct 24, 2023	302	0	0	0
Oct 25, 2023	302	0	0	0
Oct 26, 2023	302	0	0	0
Oct 27, 2023	302	0	0	2952
Oct 28, 2023	302	0	0	3418
Oct 29, 2023	302	0	0	0
Oct 30, 2023	302	0	0	0
Oct 31, 2023	302	0	0	0
Nov 01, 2023	302	0	0	0
Nov 02, 2023	302	0	0	0
Nov 03, 2023	302	0	0	0
Nov 04, 2023	302	0	0	0
Nov 05, 2023	302	0	0	0
Nov 06, 2023	302	0	0	0
Nov 07, 2023	302	0	0	0
Nov 08, 2023	302	0	0	0
Nov 09, 2023	302	0	0	0
Nov 10, 2023	302	0	0	0
Nov 11, 2023	302	0	0	3539
Nov 12, 2023	302	0	0	8006
Nov 13, 2023	302	0	0	0
Nov 14, 2023	302	0	0	0
Nov 15, 2023	302	0	0	0
Nov 16, 2023	302	0	0	0
Nov 17, 2023	302	0	0	0
Nov 18, 2023	302	0	0	0
Nov 19, 2023	302	0	0	0
Nov 20, 2023	302	0	0	0
Nov 21, 2023	302	0	0	0
Nov 22, 2023	302	0	0	0
Nov 23, 2023	302	0	0	0
Nov 24, 2023	302	0	0	0
Nov 25, 2023	302	0	0	0
Nov 26, 2023	302	0	0	0
Nov 27, 2023	302	0	0	0
Nov 28, 2023	302	0	0	0
Nov 29, 2023	302	0	0	0
Nov 30, 2023	302	0	0	0
Dec 01, 2023	302	0	0	0
Dec 02, 2023	302	0	0	0
Dec 03, 2023	302	0	0	0
Dec 04, 2023	302	0	0	0
Dec 05, 2023	302	0	0	0
Dec 06, 2023	302	0	0	0
Dec 07, 2023	302	0	0	0
Dec 08, 2023	302	0	0	0
Dec 09, 2023	302	0	0	0
Dec 10, 2023	302	0	0	0
Dec 11, 2023	302	0	0	0
Dec 12, 2023	302	0	0	0
Dec 13, 2023	302	0	0	0
Dec 14, 2023	302	0	0	0
Dec 15, 2023	302	0	0	0
Dec 16, 2023	302	0	0	0
Dec 17, 2023	302	0	0	0
Dec 18, 2023	302	0	0	0
Dec 19, 2023	302	0	0	0
Dec 20, 2023	302	0	0	0
Dec 21, 2023	302	0	0	0
Dec 22, 2023	302	0	0	0
Dec 23, 2023	302	0	0	0
Dec 24, 2023	302	0	0	0
Dec 25, 2023	302	0	0	0
Dec 26, 2023	302	0	0	0
Dec 27, 2023	302	0	0	0
Dec 28, 2023	302	0	0	0
Dec 29, 2023	302	0	0	0
Dec 30, 2023	302	0	0	0
Dec 31, 2023	302	0	0	0
Jan 01, 2024	302	0	0	0
Jan 02, 2024	302	0	0	0
Jan 03, 2024	302	0	0	0
Jan 04, 2024	302	0	0	0
Jan 05, 2024	302	0	0	0
Jan 06, 2024	302	0	0	0
Jan 07, 2024	302	0	0	0
Jan 08, 2024	302	0	0	0
Jan 09, 2024	302	0	0	0
Jan 10, 2024	302	0	0	0
Jan 11, 2024	302	0	0	0
Jan 12, 2024	302	0	0	0
Jan 13, 2024	302	0	0	0
Jan 14, 2024	302	0	0	0
Jan 15, 2024	302	0	0	0
Jan 16, 2024	302	0	0	0
Jan 17, 2024	302	0	0	0
Jan 18, 2024	302	0	0	0
Jan 19, 2024	302	0	0	0
Jan 20, 2024	302	0	0	0
Jan 21, 2024	302	0	0	0
Jan 22, 2024	302	0	0	0
Jan 23, 2024	302	0	0	0
Jan 24, 2024	302	0	0	0
Jan 25, 2024	302	0	0	0
Jan 26, 2024	302	0	0	0
Jan 27, 2024	302	0	0	0
Jan 28, 2024	302	0	0	0
Jan 29, 2024	302	0	0	0
Jan 30, 2024	302	0	0	0
Jan 31, 2024	302	0	0	0
Feb 01, 2024	302	0	0	0
Feb 02, 2024	302	0	0	0
Feb 03, 2024	302	0	0	0
Feb 04, 2024	302	0	0	0
Feb 05, 2024	302	0	0	0
Feb 06, 2024	302	0	0	0
Feb 07, 2024	302	0	0	0
Feb 08, 2024	302	0	0	0
Feb 09, 2024	302	0	0	0
Feb 10, 2024	302	0	0	0
Feb 11, 2024	302	0	0	0
Feb 12, 2024	302	0	0	0
Feb 13, 2024	302	NA	0	0
Feb 14, 2024	302	NA	0	0
Feb 15, 2024	302	NA	0	0
Feb 16, 2024	302	NA	0	0
Feb 17, 2024	302	NA	0	0
Feb 18, 2024	302	NA	0	0
Feb 19, 2024	302	NA	0	0
Feb 20, 2024	302	NA	0	0
Feb 21, 2024	302	NA	0	0
Feb 22, 2024	302	NA	0	0
Feb 23, 2024	302	NA	0	0
Feb 24, 2024	302	NA	0	0
Feb 25, 2024	302	NA	0	0
Feb 26, 2024	302	NA	NA	0
Feb 27, 2024	302	NA	NA	0
Feb 28, 2024	302	NA	NA	0
Feb 29, 2024	302	NA	NA	0
Mar 01, 2024	302	NA	NA	0
Mar 02, 2024	302	NA	NA	0
Mar 03, 2024	302	NA	NA	0
Mar 04, 2024	302	NA	NA	0
Mar 05, 2024	302	NA	NA	0
Mar 06, 2024	302	NA	NA	0
Mar 07, 2024	302	NA	NA	0
Mar 08, 2024	302	NA	NA	0
Mar 09, 2024	302	NA	NA	0
Mar 10, 2024	302	NA	NA	0
Mar 11, 2024	302	NA	NA	0
Mar 12, 2024	302	NA	NA	0
Mar 13, 2024	302	NA	NA	0
Mar 14, 2024	302	NA	NA	0
Mar 15, 2024	302	NA	NA	0
Mar 16, 2024	302	NA	NA	0
Mar 17, 2024	302	NA	NA	0
Mar 18, 2024	302	NA	NA	0
Mar 19, 2024	302	NA	NA	0
Mar 20, 2024	302	NA	NA	0
Mar 21, 2024	302	NA	NA	0
Mar 22, 2024	302	NA	NA	0
Mar 23, 2024	302	NA	NA	0
Mar 24, 2024	302	NA	NA	NA
