Dates	Active	Deaths	Newcases	recover
Feb 15, 2020	0	0	0	0
Feb 16, 2020	0	0	0	0
Feb 17, 2020	0	1	1	0
Feb 18, 2020	0	1	3	0
Feb 19, 2020	0	0	1	0
Feb 20, 2020	0	0	0	0
Feb 21, 2020	0	0	1	0
Feb 22, 2020	0	0	1	0
Feb 23, 2020	0	0	0	0
Feb 24, 2020	0	0	1	0
Feb 25, 2020	0	0	2	0
Feb 26, 2020	0	0	2	0
Feb 27, 2020	0	0	5	0
Feb 28, 2020	0	0	4	0
Feb 29, 2020	0	0	0	0
Mar 01, 2020	0	2	0	0
Mar 02, 2020	0	0	5	0
Mar 03, 2020	0	0	11	0
Mar 04, 2020	0	0	4	0
Mar 05, 2020	0	1	12	0
Mar 06, 2020	0	0	4	0
Mar 07, 2020	0	0	3	0
Mar 08, 2020	0	0	5	0
Mar 09, 2020	0	1	1	0
Mar 10, 2020	0	1	4	0
Mar 11, 2020	0	0	9	0
Mar 12, 2020	0	0	16	0
Mar 13, 2020	4	0	4	0
Mar 14, 2020	6	0	9	0
Mar 15, 2020	6	0	10	0
Mar 16, 2020	29	0	2	0
Mar 17, 2020	50	1	4	0
Mar 18, 2020	79	0	5	0
Mar 19, 2020	79	0	5	6
Mar 20, 2020	110	0	4	2
Mar 21, 2020	110	0	1	0
Mar 22, 2020	158	0	14	3
Mar 23, 2020	162	0	13	6
Mar 24, 2020	189	0	2	5
Mar 25, 2020	217	0	14	0
Mar 26, 2020	238	1	27	21
Mar 27, 2020	238	0	3	18
Mar 28, 2020	303	0	4	14
Mar 29, 2020	303	0	2	81
Mar 30, 2020	294	0	0	0
Mar 31, 2020	296	0	5	78
Apr 01, 2020	286	0	0	101
Apr 02, 2020	284	0	8	92
Apr 03, 2020	296	0	3	101
Apr 04, 2020	302	0	5	90
Apr 05, 2020	296	0	0	110
Apr 06, 2020	286	0	2	170
Apr 07, 2020	267	1	10	217
Apr 08, 2020	257	0	11	159
Apr 09, 2020	257	0	18	297
Apr 10, 2020	260	0	72	293
Apr 11, 2020	273	0	40	195
Apr 12, 2020	274	0	28	308
Apr 13, 2020	227	0	38	279
Apr 14, 2020	224	0	10	291
Apr 15, 2020	212	0	24	362
Apr 16, 2020	207	0	109	322
Apr 17, 2020	207	0	136	414
Apr 18, 2020	210	0	26	303
Apr 19, 2020	209	0	12	338
Apr 20, 2020	212	0	14	293
Apr 21, 2020	207	0	3	417
Apr 22, 2020	200	0	15	418
Apr 23, 2020	200	0	5	523
Apr 24, 2020	182	0	21	419
Apr 25, 2020	182	0	9	278
Apr 26, 2020	212	0	2	303
Apr 27, 2020	216	0	44	383
Apr 28, 2020	219	0	4	347
Apr 29, 2020	216	0	3	523
Apr 30, 2020	209	0	2	438
May 01, 2020	196	0	13	554
May 02, 2020	195	0	13	469
May 03, 2020	196	0	3	374
May 04, 2020	193	0	13	295
May 05, 2020	185	0	8	479
May 06, 2020	170	0	17	475
May 07, 2020	175	0	18	496
May 08, 2020	170	0	51	507
May 09, 2020	171	0	24	445
May 10, 2020	171	1	10	493
May 11, 2020	169	0	19	520
May 12, 2020	166	1	62	740
May 13, 2020	155	0	17	790
May 14, 2020	158	0	1	959
May 15, 2020	160	0	3	1400
May 16, 2020	156	0	49	1199
May 17, 2020	150	0	11	952
May 18, 2020	148	0	45	1342
May 19, 2020	139	0	16	997
May 20, 2020	138	0	30	1488
May 21, 2020	135	0	26	1350
May 22, 2020	130	2	8	1204
May 23, 2020	126	0	30	1602
May 24, 2020	129	1	8	1154
May 25, 2020	136	1	8	1613
May 26, 2020	129	2	5	2625
May 27, 2020	131	0	24	2610
May 28, 2020	135	0	6	2448
May 29, 2020	114	1	28	1833
May 30, 2020	117	0	18	2296
May 31, 2020	116	0	14	2219
Jun 01, 2020	113	0	32	0
Jun 02, 2020	112	0	115	41227
Jun 03, 2020	107	0	44	4575
Jun 04, 2020	100	0	154	4883
Jun 05, 2020	90	1	250	0
Jun 06, 2020	96	1	200	0
Jun 07, 2020	92	3	69	0
Jun 08, 2020	84	0	32	0
Jun 09, 2020	69	0	42	0
Jun 10, 2020	66	2	47	30813
Jun 11, 2020	52	1	50	4914
Jun 12, 2020	44	1	39	5938
Jun 13, 2020	40	2	45	6408
Jun 14, 2020	37	2	31	5088
Jun 15, 2020	33	2	50	7440
Jun 16, 2020	24	1	56	0
Jun 17, 2020	15	0	91	30209
Jun 18, 2020	12	2	106	5050
Jun 19, 2020	15	2	91	5118
Jun 20, 2020	19	1	138	3960
Jun 21, 2020	37	2	35	4828
Jun 22, 2020	42	2	102	5173
Jun 23, 2020	45	1	134	4523
Jun 24, 2020	61	1	156	4234
Jun 25, 2020	63	2	124	4104
Jun 26, 2020	75	3	186	4624
Jun 27, 2020	80	0	100	4155
Jun 28, 2020	84	3	29	3944
Jun 29, 2020	83	4	75	5075
Jun 30, 2020	85	2	198	4214
Jul 01, 2020	90	5	122	3804
Jul 02, 2020	91	3	120	4096
Jul 03, 2020	87	3	113	4102
Jul 04, 2020	87	3	125	3587
Jul 05, 2020	79	7	113	3339
Jul 06, 2020	73	4	136	3874
Jul 07, 2020	71	7	208	3458
Jul 08, 2020	74	4	369	3219
Jul 09, 2020	70	11	142	3131
Jul 10, 2020	70	20	159	3061
Jul 11, 2020	60	11	172	2788
Jul 12, 2020	60	7	87	2654
Jul 13, 2020	55	17	138	2664
Jul 14, 2020	61	4	225	2865
Jul 15, 2020	69	5	341	3216
Jul 16, 2020	78	13	144	1513
Jul 17, 2020	88	10	213	2635
Jul 18, 2020	90	14	219	2345
Jul 19, 2020	99	15	354	2198
Jul 20, 2020	104	13	308	2824
Jul 21, 2020	134	17	540	2425
Jul 22, 2020	149	19	401	2190
Jul 23, 2020	167	16	685	2265
Jul 24, 2020	186	15	388	2473
Jul 25, 2020	193	15	444	1926
Jul 26, 2020	210	19	372	1859
Jul 27, 2020	216	23	510	2378
Jul 28, 2020	225	10	570	2225
Jul 29, 2020	235	16	740	2071
Jul 30, 2020	230	26	778	1699
Jul 31, 2020	235	15	474	2180
Aug 01, 2020	239	24	280	1904
Aug 02, 2020	239	15	399	1565
Aug 03, 2020	232	15	677	2354
Aug 04, 2020	215	11	697	1961
Aug 05, 2020	207	11	452	1877
Aug 06, 2020	202	11	631	2000
Aug 07, 2020	193	19	650	1965
Aug 08, 2020	186	11	683	1693
Aug 09, 2020	191	15	603	1516
Aug 10, 2020	181	14	731	2199
Aug 11, 2020	191	15	865	1878
Aug 12, 2020	193	19	888	1712
Aug 13, 2020	192	28	752	1906
Aug 14, 2020	201	26	1318	1914
Aug 15, 2020	202	24	665	1877
Aug 16, 2020	202	18	939	1557
Aug 17, 2020	212	30	933	2055
Aug 18, 2020	226	23	878	1845
Aug 19, 2020	225	17	654	1778
Aug 20, 2020	223	19	954	1834
Aug 21, 2020	225	22	878	1833
Aug 22, 2020	215	22	533	1449
Aug 23, 2020	209	16	725	1285
Aug 24, 2020	196	24	877	1999
Aug 25, 2020	184	17	1214	1805
Aug 26, 2020	178	13	751	1654
Aug 27, 2020	175	22	1098	1530
Aug 28, 2020	161	24	962	1731
Aug 29, 2020	162	17	546	1401
Aug 30, 2020	163	19	801	1295
Aug 31, 2020	142	20	614	1911
Sep 01, 2020	148	24	804	1893
Sep 02, 2020	149	24	902	1726
Sep 03, 2020	155	34	889	1839
Sep 04, 2020	162	21	753	1719
Sep 05, 2020	165	13	824	1432
Sep 06, 2020	175	20	809	1318
Sep 07, 2020	182	13	724	2013
Sep 08, 2020	191	24	711	1825
Sep 09, 2020	218	20	1127	1801
Sep 10, 2020	230	16	958	1708
Sep 11, 2020	238	15	831	1855
Sep 12, 2020	233	9	790	1407
Sep 13, 2020	250	20	577	1399
Sep 14, 2020	239	25	1009	2219
Sep 15, 2020	237	20	852	1909
Sep 16, 2020	252	18	954	2075
Sep 17, 2020	248	11	1039	2053
Sep 18, 2020	241	16	761	2120
Sep 19, 2020	246	17	754	1645
Sep 20, 2020	250	25	724	1365
Sep 21, 2020	247	15	924	2065
Sep 22, 2020	243	13	701	1989
Sep 23, 2020	238	15	812	1711
Sep 24, 2020	233	15	960	1704
Sep 25, 2020	210	18	577	4390
Sep 26, 2020	235	15	767	1429
Sep 27, 2020	233	11	788	2113
Sep 28, 2020	208	13	672	1764
Sep 29, 2020	214	14	807	1842
Sep 30, 2020	207	8	765	1700
Oct 01, 2020	204	10	793	1839
Oct 02, 2020	225	7	848	1402
Oct 03, 2020	243	11	596	1165
Oct 04, 2020	253	13	557	1981
Oct 05, 2020	245	15	485	1580
Oct 06, 2020	250	17	793	1436
Oct 07, 2020	267	12	822	1617
Oct 08, 2020	273	14	591	1665
Oct 09, 2020	285	14	637	1275
Oct 10, 2020	288	19	591	1093
Oct 11, 2020	302	16	460	1638
Oct 12, 2020	312	12	511	1619
Oct 13, 2020	299	12	682	1558
Oct 14, 2020	330	13	563	1582
Oct 15, 2020	341	12	761	1531
Oct 16, 2020	357	6	498	1337
Oct 17, 2020	398	6	701	1033
Oct 18, 2020	375	9	388	1265
Oct 19, 2020	388	13	594	1767
Oct 20, 2020	429	15	659	1613
Oct 21, 2020	438	14	592	1517
Oct 22, 2020	444	17	799	1425
Oct 23, 2020	465	12	728	1246
Oct 24, 2020	453	13	551	1123
Oct 25, 2020	447	14	568	1698
Oct 26, 2020	407	16	820	1481
Oct 27, 2020	407	13	846	1395
Oct 28, 2020	445	14	927	1295
Oct 29, 2020	483	18	609	1350
Oct 30, 2020	492	21	864	1118
Oct 31, 2020	506	21	670	1031
Nov 01, 2020	489	20	645	1591
Nov 02, 2020	447	16	886	1508
Nov 03, 2020	408	15	1069	1503
Nov 04, 2020	414	14	691	1218
Nov 05, 2020	434	14	995	1340
Nov 06, 2020	456	10	752	1054
Nov 07, 2020	477	17	838	1079
Nov 08, 2020	509	19	560	1727
Nov 09, 2020	505	21	1142	1473
Nov 10, 2020	524	24	1086	1313
Nov 11, 2020	559	19	1077	1343
Nov 12, 2020	629	19	1107	1353
Nov 13, 2020	684	23	772	1170
Nov 14, 2020	718	17	765	1052
Nov 15, 2020	732	16	869	1632
Nov 16, 2020	753	18	755	1529
Nov 17, 2020	792	19	784	1366
Nov 18, 2020	824	17	878	1319
Nov 19, 2020	829	0	1251	1332
Nov 20, 2020	861	21	865	1150
Nov 21, 2020	874	15	724	1027
Nov 22, 2020	949	15	693	1557
Nov 23, 2020	928	19	1224	1393
Nov 24, 2020	971	23	927	1401
Nov 25, 2020	992	21	886	1377
Nov 26, 2020	1022	0	1373	1486
Nov 27, 2020	1122	17	933	1140
Nov 28, 2020	1251	13	684	1070
Nov 29, 2020	1373	13	890	1683
Nov 30, 2020	1423	16	1009	1501
Dec 01, 2020	1463	16	896	1446
Dec 02, 2020	1561	15	1037	1400
Dec 03, 2020	1668	20	605	1410
Dec 04, 2020	1825	15	296	1190
Dec 05, 2020	1938	18	281	1036
Dec 06, 2020	2159	15	1031	1787
Dec 07, 2020	2182	17	824	1766
Dec 08, 2020	2305	14	889	1683
Dec 09, 2020	2453	15	1055	1677
Dec 10, 2020	2650	13	451	1665
Dec 11, 2020	2818	16	399	1420
Dec 12, 2020	2934	10	384	1227
Dec 13, 2020	3258	13	826	2044
Dec 14, 2020	3341	17	1039	1589
Dec 15, 2020	3425	21	973	1893
Dec 16, 2020	3649	14	1258	1884
Dec 17, 2020	3925	15	1232	1912
Dec 18, 2020	4142	22	1117	1664
Dec 19, 2020	4441	10	765	1533
Dec 20, 2020	4602	15	868	2334
Dec 21, 2020	4670	19	1142	2222
Dec 22, 2020	4754	17	1085	2039
Dec 23, 2020	5008	13	1135	1980
Dec 24, 2020	5282	12	1244	2054
Dec 25, 2020	5226	11	930	1805
Dec 26, 2020	5224	14	554	1783
Dec 27, 2020	5204	15	463	2672
Dec 28, 2020	5180	17	834	2400
Dec 29, 2020	5288	15	1178	2425
Dec 30, 2020	5310	14	1160	2144
Dec 31, 2020	5470	12	923	1915
Jan 01, 2021	5570	16	769	2535
Jan 02, 2021	5482	19	618	2474
Jan 03, 2021	5494	20	772	3728
Jan 04, 2021	5676	16	1113	3088
Jan 05, 2021	5968	14	832	3115
Jan 06, 2021	6287	15	816	2675
Jan 07, 2021	6478	13	1049	2735
Jan 08, 2021	6422	16	716	3088
Jan 09, 2021	6354	16	735	3022
Jan 10, 2021	6917	17	599	4823
Jan 11, 2021	7084	18	758	4156
Jan 12, 2021	7478	20	808	4216
Jan 13, 2021	7467	17	859	4112
Jan 14, 2021	8024	18	939	3991
Jan 15, 2021	8232	19	771	3416
Jan 16, 2021	8235	20	557	2859
Jan 17, 2021	8157	15	896	4566
Jan 18, 2021	7926	21	947	4157
Jan 19, 2021	7706	18	1059	4106
Jan 20, 2021	7840	16	1059	3942
Jan 21, 2021	7718	17	890	4289
Jan 22, 2021	8091	15	915	3515
Jan 23, 2021	8053	14	648	3111
Jan 24, 2021	7987	17	1140	4892
Jan 25, 2021	7508	20	1214	4341
Jan 26, 2021	7418	21	1123	4236
Jan 27, 2021	7323	17	1482	4091
Jan 28, 2021	7166	22	1150	4167
Jan 29, 2021	6958	16	1134	3280
Jan 30, 2021	6836	24	1069	2817
Jan 31, 2021	6619	25	1018	4573
Feb 01, 2021	6149	17	1226	3871
Feb 02, 2021	6036	27	1206	3651
Feb 03, 2021	5931	24	1391	3723
Feb 04, 2021	5917	25	1531	3506
Feb 05, 2021	5858	20	1011	2716
Feb 06, 2021	5862	20	1015	2339
Feb 07, 2021	5845	41	1055	4400
Feb 08, 2021	5476	37	1172	3611
Feb 09, 2021	5375	34	1452	3391
Feb 10, 2021	5493	32	1558	3390
Feb 11, 2021	5304	42	1625	3519
Feb 12, 2021	5335	33	1254	2983
Feb 13, 2021	5421	35	1163	2482
Feb 14, 2021	5485	39	1967	4060
Feb 15, 2021	5333	49	2300	3688
Feb 16, 2021	5119	51	2195	3692
Feb 17, 2021	5174	41	1963	3359
Feb 18, 2021	5218	48	1912	3338
Feb 19, 2021	5416	45	1601	2821
Feb 20, 2021	5713	60	1020	2557
Feb 21, 2021	5976	50	1516	3999
Feb 22, 2021	5882	48	2093	3543
Feb 23, 2021	5873	45	2750	3619
Feb 24, 2021	6248	44	2820	3413
Feb 25, 2021	6604	44	2171	3654
Feb 26, 2021	6929	50	2273	3124
Feb 27, 2021	7293	55	1649	2721
Feb 28, 2021	7347	65	2154	4639
Mar 01, 2021	7354	59	2190	3939
Mar 02, 2021	7189	63	2910	3968
Mar 03, 2021	7472	60	2032	3990
Mar 04, 2021	7702	54	2169	4124
Mar 05, 2021	7873	51	2049	3634
Mar 06, 2021	8190	81	2227	3351
Mar 07, 2021	8325	63	1916	5641
Mar 08, 2021	8404	93	2452	4841
Mar 09, 2021	8462	63	2139	4817
Mar 10, 2021	8672	71	1744	4822
Mar 11, 2021	9261	68	1741	5159
Mar 12, 2021	9758	75	1631	4509
Mar 13, 2021	9896	63	1963	3947
Mar 14, 2021	10462	72	1576	6122
Mar 15, 2021	10536	90	2244	5635
Mar 16, 2021	10461	96	2576	5720
Mar 17, 2021	10923	73	2684	5459
Mar 18, 2021	11575	85	2757	5956
Mar 19, 2021	12126	91	1735	5116
Mar 20, 2021	12479	103	1675	4557
Mar 21, 2021	13015	110	2435	7417
Mar 22, 2021	14436	97	2814	6501
Mar 23, 2021	15295	110	2186	6546
Mar 24, 2021	16762	114	2562	6228
Mar 25, 2021	17787	87	2465	6760
Mar 26, 2021	18517	96	1687	5772
Mar 27, 2021	18936	101	1949	5190
Mar 28, 2021	18924	84	2465	8099
Mar 29, 2021	19246	70	2818	7232
Mar 30, 2021	20070	78	2880	6962
Mar 31, 2021	21195	89	2897	6864
Apr 01, 2021	21979	96	2979	7488
Apr 02, 2021	23488	78	2340	5833
Apr 03, 2021	23798	83	1933	5028
Apr 04, 2021	27621	82	2458	8481
Apr 05, 2021	24770	77	2663	7163
Apr 06, 2021	25309	75	2550	6834
Apr 07, 2021	26919	70	2918	7592
Apr 08, 2021	28141	55	2394	5879
Apr 09, 2021	32342	52	2106	5895
Apr 10, 2021	35532	63	1645	5443
Apr 11, 2021	32903	101	2067	8509
Apr 12, 2021	32515	118	2396	7383
Apr 13, 2021	31302	120	2497	6918
Apr 14, 2021	31054	103	2778	6748
Apr 15, 2021	32136	111	2915	6900
Apr 16, 2021	31662	128	2244	5913
Apr 17, 2021	31216	133	1605	4953
Apr 18, 2021	29919	122	2051	7785
Apr 19, 2021	28758	125	2573	6799
Apr 20, 2021	27715	118	3061	6589
Apr 21, 2021	27969	105	2780	6555
Apr 22, 2021	28267	97	2360	6564
Apr 23, 2021	28749	100	2282	5452
Apr 24, 2021	28374	101	1928	4631
Apr 25, 2021	28050	111	2186	7248
Apr 26, 2021	27398	115	2927	6539
Apr 27, 2021	27012	111	3011	6006
Apr 28, 2021	28123	110	3281	5778
Apr 29, 2021	28206	119	3427	6042
Apr 30, 2021	27989	138	3494	5109
May 01, 2021	27489	143	2722	4237
May 02, 2021	25999	139	2945	6603
May 03, 2021	24541	148	3489	5666
May 04, 2021	24605	141	3580	5401
May 05, 2021	25230	142	3395	4928
May 06, 2021	25971	157	3060	5350
May 07, 2021	25961	146	2629	4381
May 08, 2021	25979	143	2246	3979
May 09, 2021	25447	128	2919	6445
May 10, 2021	24735	123	3096	5492
May 11, 2021	25554	120	3460	5452
May 12, 2021	25928	121	3531	5331
May 13, 2021	27216	125	3768	5626
May 14, 2021	27786	118	3072	4658
May 15, 2021	27990	120	2320	4222
May 16, 2021	27715	118	3065	7083
May 17, 2021	27334	114	3394	6091
May 18, 2021	27870	132	3356	6026
May 19, 2021	29138	121	2986	5692
May 20, 2021	30973	137	2921	6406
May 21, 2021	32777	158	2125	5367
May 22, 2021	33411	160	1933	4987
May 23, 2021	33696	132	2214	7984
May 24, 2021	33325	130	2887	6958
May 25, 2021	34257	140	2828	6512
May 26, 2021	36121	130	2687	6920
May 27, 2021	36997	118	2326	5611
May 28, 2021	34158	116	1822	5820
May 29, 2021	37675	119	1240	5643
May 30, 2021	37226	108	1625	8386
May 31, 2021	36654	112	1890	7598
Jun 01, 2021	36634	97	2325	7270
Jun 02, 2021	37171	88	1994	6848
Jun 03, 2021	36218	79	2016	7106
Jun 04, 2021	36198	62	1649	6083
Jun 05, 2021	36639	51	1610	5334
Jun 06, 2021	36757	46	1552	8722
Jun 07, 2021	34704	52	1975	8119
Jun 08, 2021	34832	50	1833	7466
Jun 09, 2021	35117	54	1857	7021
Jun 10, 2021	35411	58	1429	7190
Jun 11, 2021	35246	52	1325	5984
Jun 12, 2021	34659	58	1300	5108
Jun 13, 2021	33399	52	1235	7761
Jun 14, 2021	31902	54	1605	7023
Jun 15, 2021	31337	52	1552	6508
Jun 16, 2021	31430	55	1584	6020
Jun 17, 2021	30122	49	1362	6136
Jun 18, 2021	29155	43	1193	5106
Jun 19, 2021	27789	60	1186	4086
Jun 20, 2021	26100	48	1132	6467
Jun 21, 2021	24195	58	1227	5462
Jun 22, 2021	23449	62	1255	5047
Jun 23, 2021	22761	56	1246	4728
Jun 24, 2021	21610	53	1268	4693
Jun 25, 2021	20385	52	1136	3646
Jun 26, 2021	19033	62	611	3293
Jun 27, 2021	17878	44	620	3605
Jun 28, 2021	16588	49	759	4495
Jun 29, 2021	15763	37	952	3947
Jun 30, 2021	15268	35	778	3606
Jul 01, 2021	14690	31	698	3437
Jul 02, 2021	13657	30	445	2816
Jul 03, 2021	12613	25	458	2263
Jul 04, 2021	11600	22	607	2767
Jul 05, 2021	10646	26	640	3079
Jul 06, 2021	9979	22	718	2899
Jul 07, 2021	9632	20	581	2821
Jul 08, 2021	9088	19	422	2698
Jul 09, 2021	8442	18	328	2047
Jul 10, 2021	7792	19	335	1863
Jul 11, 2021	7220	16	360	2677
Jul 12, 2021	6612	18	363	2242
Jul 13, 2021	6229	19	462	2039
Jul 14, 2021	5998	16	433	1971
Jul 15, 2021	5486	20	376	1830
Jul 16, 2021	5152	22	349	1521
Jul 17, 2021	4887	21	276	1173
Jul 18, 2021	4534	22	291	1879
Jul 19, 2021	4082	20	315	1542
Jul 20, 2021	3828	20	415	1515
Jul 21, 2021	3495	20	246	1385
Jul 22, 2021	3287	22	209	1093
Jul 23, 2021	3116	23	114	1145
Jul 24, 2021	2921	25	115	1047
Jul 25, 2021	2678	19	159	1565
Jul 26, 2021	2467	25	196	1359
Jul 27, 2021	2404	18	215	1184
Jul 28, 2021	2305	36	137	1141
Jul 29, 2021	2227	43	133	1147
Jul 30, 2021	2115	5	151	916
Jul 31, 2021	2072	6	122	821
Aug 01, 2021	1967	8	122	1217
Aug 02, 2021	1904	5	144	1063
Aug 03, 2021	1833	12	157	986
Aug 04, 2021	1812	8	98	911
Aug 05, 2021	1787	5	24	851
Aug 06, 2021	1742	4	67	772
Aug 07, 2021	1619	5	122	785
Aug 08, 2021	1636	7	55	1019
Aug 09, 2021	1541	5	79	942
Aug 10, 2021	1521	4	93	837
Aug 11, 2021	1538	2	110	788
Aug 12, 2021	1513	3	90	829
Aug 13, 2021	1468	3	49	665
Aug 14, 2021	1470	2	43	613
Aug 15, 2021	1431	4	41	958
Aug 16, 2021	1363	4	59	790
Aug 17, 2021	1368	2	92	738
Aug 18, 2021	1404	1	77	682
Aug 19, 2021	1374	3	80	682
Aug 20, 2021	1400	0	54	540
Aug 21, 2021	1406	1	37	531
Aug 22, 2021	1367	2	53	807
Aug 23, 2021	1317	2	55	665
Aug 24, 2021	1307	2	76	613
Aug 25, 2021	1305	3	68	562
Aug 26, 2021	1242	4	61	579
Aug 27, 2021	1175	2	45	465
Aug 28, 2021	1169	3	30	420
Aug 29, 2021	1153	4	16	675
Aug 30, 2021	1090	3	32	542
Aug 31, 2021	1138	3	27	544
Sep 01, 2021	1176	2	34	469
Sep 02, 2021	1362	3	30	450
Sep 03, 2021	1301	2	27	386
Sep 04, 2021	1359	2	26	335
Sep 05, 2021	1385	3	29	462
Sep 06, 2021	1426	2	48	412
Sep 07, 2021	1477	2	53	437
Sep 08, 2021	1569	3	21	386
Sep 09, 2021	1609	20	41	444
Sep 10, 2021	1653	3	36	372
Sep 11, 2021	1681	3	29	332
Sep 12, 2021	1727	2	30	544
Sep 13, 2021	1684	2	34	471
Sep 14, 2021	1696	2	40	423
Sep 15, 2021	1693	3	36	397
Sep 16, 2021	1680	2	44	460
Sep 17, 2021	1664	3	29	428
Sep 18, 2021	1624	3	23	396
Sep 19, 2021	1593	3	25	602
Sep 20, 2021	1560	2	37	494
Sep 21, 2021	1540	6	44	584
Sep 22, 2021	1541	6	35	509
Sep 23, 2021	1523	3	31	492
Sep 24, 2021	1473	2	29	485
Sep 25, 2021	1441	2	212	549
Sep 26, 2021	1412	2	35	879
Sep 27, 2021	1329	1	40	760
Sep 28, 2021	1332	6	44	687
Sep 29, 2021	1323	0	42	694
Sep 30, 2021	1314	2	44	640
Oct 01, 2021	1300	1	32	490
Oct 02, 2021	1272	4	32	562
Oct 03, 2021	1213	3	41	884
Oct 04, 2021	1169	6	74	717
Oct 05, 2021	1154	0	93	724
Oct 06, 2021	1193	1	62	712
Oct 07, 2021	1250	5	40	802
Oct 08, 2021	1306	1	42	708
Oct 09, 2021	1327	2	45	679
Oct 10, 2021	1351	3	49	1062
Oct 11, 2021	1315	2	50	982
Oct 12, 2021	1326	1	56	976
Oct 13, 2021	1368	6	44	972
Oct 14, 2021	1463	5	54	1046
Oct 15, 2021	1533	1	41	986
Oct 16, 2021	1562	5	52	1003
Oct 17, 2021	1576	3	56	1240
Oct 18, 2021	1536	1	57	1726
Oct 19, 2021	1565	1	58	1574
Oct 20, 2021	1613	1	58	1386
Oct 21, 2021	1664	1	54	1430
Oct 22, 2021	1739	2	51	1303
Oct 23, 2021	1747	2	49	1211
Oct 24, 2021	1714	6	50	1982
Oct 25, 2021	1709	3	61	1921
Oct 26, 2021	1809	2	54	1921
Oct 27, 2021	1892	1	40	1703
Oct 28, 2021	1993	1	56	1790
Oct 29, 2021	2162	1	48	1598
Oct 30, 2021	2258	1	44	1506
Oct 31, 2021	2292	1	52	2298
Nov 01, 2021	2286	5	63	2110
Nov 02, 2021	2317	4	69	1950
Nov 03, 2021	2350	4	87	1956
Nov 04, 2021	2370	8	78	1811
Nov 05, 2021	2373	2	57	1536
Nov 06, 2021	2341	3	52	1606
Nov 07, 2021	2313	8	49	2177
Nov 08, 2021	2189	3	62	2640
Nov 09, 2021	2125	1	68	2565
Nov 10, 2021	2088	6	84	2430
Nov 11, 2021	2025	45	66	2354
Nov 12, 2021	2021	2	59	1975
Nov 13, 2021	2062	5	62	1992
Nov 14, 2021	2020	8	59	2852
Nov 15, 2021	1905	5	56	2748
Nov 16, 2021	1914	5	47	2433
Nov 17, 2021	1992	3	63	2238
Nov 18, 2021	1964	2	76	2481
Nov 19, 2021	2004	1	62	1869
Nov 20, 2021	2015	2	52	1833
Nov 21, 2021	2002	6	79	2849
Nov 22, 2021	1934	9	106	2442
Nov 23, 2021	1958	8	84	2399
Nov 24, 2021	2000	1	100	2176
Nov 25, 2021	2061	4	465	2271
Nov 26, 2021	2047	2	61	1933
Nov 27, 2021	2144	6	52	1831
Nov 28, 2021	2136	5	79	2769
Nov 29, 2021	2086	3	97	2383
Nov 30, 2021	2075	8	110	2131
Dec 01, 2021	2171	5	144	1983
Dec 02, 2021	2263	4	110	1892
Dec 03, 2021	2320	8	111	1613
Dec 04, 2021	2301	3	114	1428
Dec 05, 2021	2209	11	244	2133
Dec 06, 2021	2087	5	281	1841
Dec 07, 2021	2104	8	300	1856
Dec 08, 2021	2244	14	1105	1493
Dec 09, 2021	2311	9	977	1580
Dec 10, 2021	2327	15	347	1300
Dec 11, 2021	2332	9	635	1132
Dec 12, 2021	2286	23	638	1796
Dec 13, 2021	2253	22	1014	1532
Dec 14, 2021	2307	21	1054	1135
Dec 15, 2021	2407	25	1340	1363
Dec 16, 2021	2499	23	1800	1367
Dec 17, 2021	2594	18	1459	1107
Dec 18, 2021	2763	17	1305	994
Dec 19, 2021	2780	39	3331	1502
Dec 20, 2021	2866	45	2742	1275
Dec 21, 2021	3031	58	4346	1179
Dec 22, 2021	3229	64	3641	1089
Dec 23, 2021	3431	36	4484	1137
Dec 24, 2021	3804	19	3572	964
Dec 25, 2021	3930	29	4168	1008
Dec 26, 2021	3967	61	3452	1369
Dec 27, 2021	4230	65	5858	1266
Dec 28, 2021	4820	40	7313	1193
Dec 29, 2021	5923	50	7324	1183
Dec 30, 2021	6937	39	5791	1177
Dec 31, 2021	8252	43	4295	1046
Jan 01, 2022	8778	47	4683	1186
Jan 02, 2022	9292	48	5854	1964
Jan 03, 2022	10412	51	6344	1748
Jan 04, 2022	13049	47	6415	1559
Jan 05, 2022	17854	50	6192	1645
Jan 06, 2022	22548	43	5909	1699
Jan 07, 2022	27951	38	5518	1893
Jan 08, 2022	33323	23	6859	2520
Jan 09, 2022	38098	59	7414	4223
Jan 10, 2022	43347	63	6119	4187
Jan 11, 2022	49373	52	5530	4375
Jan 12, 2022	57647	37	4046	4359
Jan 13, 2022	65665	60	3944	5233
Jan 14, 2022	69167	15	3450	4792
Jan 15, 2022	74013	8	3183	5195
Jan 16, 2022	81554	38	2445	9513
Jan 17, 2022	83392	22	2906	9440
Jan 18, 2022	94017	22	3265	10154
Jan 19, 2022	86528	34	3142	10191
Jan 20, 2022	69976	18	2048	10873
Jan 21, 2022	73335	13	2031	10281
Jan 22, 2022	73986	13	2045	10743
Jan 23, 2022	73789	8	2034	17643
Jan 24, 2022	75781	25	2401	17606
Jan 25, 2022	76027	30	2319	17560
Jan 26, 2022	76010	18	1867	19547
Jan 27, 2022	73275	14	1659	20698
Jan 28, 2022	74018	6	868	19491
Jan 29, 2022	70655	11	877	19098
Jan 30, 2022	68807	11	1005	32258
Jan 31, 2022	67119	12	763	32072
Feb 01, 2022	66523	16	1004	32013
Feb 02, 2022	66727	7	1001	32015
Feb 03, 2022	66625	5	795	33191
Feb 04, 2022	66786	7	799	27462
Feb 05, 2022	65833	9	832	24936
Feb 06, 2022	63268	10	482	42657
Feb 07, 2022	63036	4	451	41565
Feb 08, 2022	61580	3	421	38428
Feb 09, 2022	59339	4	442	35978
Feb 10, 2022	57843	12	389	35234
Feb 11, 2022	55642	6	300	29313
Feb 12, 2022	53066	9	281	26272
Feb 13, 2022	50071	13	346	42721
Feb 14, 2022	49300	4	444	39816
Feb 15, 2022	47079	3	445	36232
Feb 16, 2022	45870	2	393	33600
Feb 17, 2022	43088	4	294	31474
Feb 18, 2022	42678	1	122	26103
Feb 19, 2022	39869	1	124	23224
Feb 20, 2022	37476	0	185	37720
Feb 21, 2022	36442	0	248	33817
Feb 22, 2022	34666	0	229	31109
Feb 23, 2022	32234	0	146	27992
Feb 24, 2022	29739	0	230	26873
Feb 25, 2022	27295	0	135	21445
Feb 26, 2022	25206	0	142	19448
Feb 27, 2022	23736	0	183	30861
Feb 28, 2022	22570	0	173	27264
Mar 01, 2022	20435	0	119	24111
Mar 02, 2022	18593	0	145	22101
Mar 03, 2022	16991	3	97	21739
Mar 04, 2022	15766	0	80	17248
Mar 05, 2022	14606	0	76	15487
Mar 06, 2022	13605	0	48	25031
Mar 07, 2022	13427	0	0	21403
Mar 08, 2022	12914	0	0	19299
Mar 09, 2022	12394	0	0	17788
Mar 10, 2022	11334	0	436	17190
Mar 11, 2022	10636	0	0	14417
Mar 12, 2022	9958	0	0	12607
Mar 13, 2022	9488	0	0	19787
Mar 14, 2022	9574	5	0	17020
Mar 15, 2022	9474	0	0	16198
Mar 16, 2022	9453	0	0	14727
Mar 17, 2022	9900	9	101	14296
Mar 18, 2022	10196	0	0	11884
Mar 19, 2022	10492	0	0	10936
Mar 20, 2022	10256	0	0	16540
Mar 21, 2022	10206	0	0	13314
Mar 22, 2022	9781	0	0	11867
Mar 23, 2022	9705	0	0	9931
Mar 24, 2022	9391	3	0	9253
Mar 25, 2022	8959	0	0	7040
Mar 26, 2022	8597	0	0	6230
Mar 27, 2022	8186	0	0	9856
Mar 28, 2022	7840	0	255	7854
Mar 29, 2022	7557	0	0	7170
Mar 30, 2022	7110	0	0	6172
Mar 31, 2022	6648	2	381	6010
Apr 01, 2022	6143	0	0	4597
Apr 02, 2022	5601	0	0	4227
Apr 03, 2022	5233	0	0	6503
Apr 04, 2022	5176	0	0	5262
Apr 05, 2022	4933	0	0	4807
Apr 06, 2022	4616	0	0	4075
Apr 07, 2022	4353	0	455	3813
Apr 08, 2022	3947	0	0	3015
Apr 09, 2022	3743	0	0	2851
Apr 10, 2022	3556	9	0	4485
Apr 11, 2022	3425	0	0	3743
Apr 12, 2022	3138	0	0	3108
Apr 13, 2022	2889	0	0	2856
Apr 14, 2022	2982	4	285	2807
Apr 15, 2022	2338	0	0	2258
Apr 16, 2022	2069	0	0	2113
Apr 17, 2022	1924	0	0	3195
Apr 18, 2022	1924	0	0	2585
Apr 19, 2022	1924	0	0	2237
Apr 20, 2022	1924	0	0	2046
Apr 21, 2022	1924	9	0	1680
Apr 22, 2022	1924	0	0	1922
Apr 23, 2022	1924	0	0	2095
Apr 24, 2022	2206	0	228	3240
Apr 25, 2022	2468	0	0	2492
Apr 26, 2022	2775	0	0	2159
Apr 27, 2022	3073	0	0	1989
Apr 28, 2022	3429	17	383	1911
Apr 29, 2022	3722	0	0	1761
Apr 30, 2022	3956	0	0	1645
May 01, 2022	3956	0	0	2559
May 02, 2022	3956	0	0	2344
May 03, 2022	3956	0	0	2168
May 04, 2022	3956	0	0	2017
May 05, 2022	3956	21	409	2084
May 06, 2022	3956	0	0	2118
May 07, 2022	3956	0	0	2204
May 08, 2022	3956	0	0	3383
May 09, 2022	3956	0	0	3228
May 10, 2022	3956	0	0	2974
May 11, 2022	2893	0	0	2836
May 12, 2022	3185	15	657	2900
May 13, 2022	3587	0	0	2975
May 14, 2022	4071	0	0	3076
May 15, 2022	4515	0	0	4707
May 16, 2022	4642	0	0	4716
May 17, 2022	4938	0	0	4600
May 18, 2022	3988	0	0	4268
May 19, 2022	4137	16	839	4552
May 20, 2022	4515	0	0	4536
May 21, 2022	5440	0	0	4335
May 22, 2022	6269	0	0	7045
May 23, 2022	7092	0	0	6366
May 24, 2022	7606	0	0	6065
May 25, 2022	8542	0	0	5745
May 26, 2022	10102	31	1497	6204
May 27, 2022	11644	6	326	5349
May 28, 2022	13222	6	325	5549
May 29, 2022	14491	6	325	8820
May 30, 2022	16039	6	325	8336
May 31, 2022	16984	6	325	7775
Jun 01, 2022	7974	6	325	7193
Jun 02, 2022	7912	6	325	7088
Jun 03, 2022	7850	7	821	6332
Jun 04, 2022	7788	7	821	5904
Jun 05, 2022	7726	7	821	9926
Jun 06, 2022	7637	6	820	8852
Jun 07, 2022	6951	7	820	8941
Jun 08, 2022	7004	6	820	8202
Jun 09, 2022	7143	7	820	8950
Jun 10, 2022	7355	9	2007	8305
Jun 11, 2022	7342	9	2007	7900
Jun 12, 2022	8214	9	2007	12888
Jun 13, 2022	8819	9	2007	11438
Jun 14, 2022	10228	10	2007	10592
Jun 15, 2022	11653	10	2007	9980
Jun 16, 2022	12988	8	2010	10073
Jun 17, 2022	14224	11	2317	8630
Jun 18, 2022	15446	11	2317	8171
Jun 19, 2022	16263	11	2317	13416
Jun 20, 2022	14400	10	2317	11685
Jun 21, 2022	13089	10	2317	10770
Jun 22, 2022	11813	10	2317	9701
Jun 23, 2022	10598	10	2314	9226
Jun 24, 2022	9097	10	1891	7546
Jun 25, 2022	7502	10	1891	6885
Jun 26, 2022	5339	10	1891	11791
Jun 27, 2022	5915	10	1891	8587
Jun 28, 2022	6384	10	1891	11813
Jun 29, 2022	6829	10	1891	9858
Jun 30, 2022	7602	9	1895	9217
Jul 01, 2022	8461	10	935	7879
Jul 02, 2022	9211	10	935	6909
Jul 03, 2022	3607	11	935	8653
Jul 04, 2022	3261	10	935	11748
Jul 05, 2022	3262	10	935	10238
Jul 06, 2022	3253	9	935	8795
Jul 07, 2022	3196	8	936	8551
Jul 08, 2022	3093	13	584	7422
Jul 09, 2022	2930	13	584	6931
Jul 10, 2022	2626	13	584	10936
Jul 11, 2022	2401	13	584	9560
Jul 12, 2022	2390	13	584	8638
Jul 13, 2022	2441	13	584	8091
Jul 14, 2022	2223	13	585	7854
Jul 15, 2022	2310	5	312	6612
Jul 16, 2022	2231	5	312	6288
Jul 17, 2022	2019	5	312	9598
Jul 18, 2022	1858	5	312	8129
Jul 19, 2022	1749	5	312	7434
Jul 20, 2022	1819	5	312	6219
Jul 21, 2022	1841	3	313	6158
Jul 22, 2022	1833	3	210	5345
Jul 23, 2022	1873	2	264	5289
Jul 24, 2022	1768	2	181	9024
Jul 25, 2022	1661	2	290	7889
Jul 26, 2022	1741	2	190	7572
Jul 27, 2022	1725	2	251	7139
Jul 28, 2022	1801	6	164	7411
Jul 29, 2022	1790	5	148	6867
Jul 30, 2022	1823	5	148	6541
Jul 31, 2022	1768	5	148	10378
Aug 01, 2022	1790	5	149	8837
Aug 02, 2022	1809	5	148	8430
Aug 03, 2022	1897	5	147	6601
Aug 04, 2022	1891	5	63	6602
Aug 05, 2022	1885	6	59	8184
Aug 06, 2022	1779	6	59	7646
Aug 07, 2022	1599	4	78	7532
Aug 08, 2022	1471	5	65	12328
Aug 09, 2022	1543	4	75	10558
Aug 10, 2022	1589	4	41	10033
Aug 11, 2022	1670	0	0	9376
Aug 12, 2022	1703	0	0	9495
Aug 13, 2022	1719	0	0	9218
Aug 14, 2022	1664	0	0	8458
Aug 15, 2022	1501	0	0	13732
Aug 16, 2022	1626	0	0	11781
Aug 17, 2022	1707	0	256	11135
Aug 18, 2022	1763	19	0	0
Aug 19, 2022	1775	0	0	18721
Aug 20, 2022	1816	0	0	7626
Aug 21, 2022	1698	0	0	6902
Aug 22, 2022	1540	0	0	0
Aug 23, 2022	1602	0	0	19792
Aug 24, 2022	1681	0	220	9411
Aug 25, 2022	1761	8	0	0
Aug 26, 2022	1627	0	0	16290
Aug 27, 2022	1687	0	0	6900
Aug 28, 2022	1599	0	0	0
Aug 29, 2022	1746	0	0	15291
Aug 30, 2022	2129	0	0	7843
Aug 31, 2022	2477	0	0	0
Sep 01, 2022	2841	4	54	13154
Sep 02, 2022	3113	0	0	0
Sep 03, 2022	3438	0	0	11084
Sep 04, 2022	1737	0	0	4775
Sep 05, 2022	1973	0	0	6659
Sep 06, 2022	2209	0	0	5660
Sep 07, 2022	2445	0	0	5095
Sep 08, 2022	2681	1	524	0
Sep 09, 2022	2917	0	0	8943
Sep 10, 2022	3153	0	0	3957
Sep 11, 2022	1515	0	0	3619
Sep 12, 2022	1641	0	0	0
Sep 13, 2022	1871	0	0	10670
Sep 14, 2022	2103	0	0	4136
Sep 15, 2022	2328	2	537	3661
Sep 16, 2022	2488	0	0	3615
Sep 17, 2022	2697	0	0	3055
Sep 18, 2022	1224	0	0	0
Sep 19, 2022	1332	0	0	0
Sep 20, 2022	1567	0	0	9698
Sep 21, 2022	1765	0	0	2669
Sep 22, 2022	1989	3	239	2231
Sep 23, 2022	2164	0	0	1939
Sep 24, 2022	2362	0	0	0
Sep 25, 2022	1177	0	0	5148
Sep 26, 2022	1177	0	0	3274
Sep 27, 2022	1177	0	0	4565
Sep 28, 2022	1177	0	0	0
Sep 29, 2022	1177	5	398	7462
Sep 30, 2022	1177	0	0	3168
Oct 01, 2022	1177	0	0	2977
Oct 02, 2022	1177	0	0	2799
Oct 03, 2022	996	0	0	4139
Oct 04, 2022	996	0	0	0
Oct 05, 2022	996	0	0	6565
Oct 06, 2022	996	2	354	2719
Oct 07, 2022	996	0	0	2674
Oct 08, 2022	996	0	0	2544
Oct 09, 2022	996	0	0	2669
Oct 10, 2022	1090	0	0	4096
Oct 11, 2022	1090	0	0	3433
Oct 12, 2022	1090	0	0	3064
Oct 13, 2022	1090	3	27	3026
Oct 14, 2022	1090	0	0	2939
Oct 15, 2022	1090	0	0	0
Oct 16, 2022	1090	0	0	5715
Oct 17, 2022	920	0	0	13276
Oct 18, 2022	920	0	0	0
Oct 19, 2022	920	0	0	8169
Oct 20, 2022	920	10	75	4036
Oct 21, 2022	920	0	0	4222
Oct 22, 2022	920	0	0	7620
Oct 23, 2022	920	0	0	5520
Oct 24, 2022	1048	0	0	5418
Oct 25, 2022	1048	0	0	5623
Oct 26, 2022	1048	0	0	0
Oct 27, 2022	1048	9	24	10304
Oct 28, 2022	1048	0	0	5021
Oct 29, 2022	1048	0	0	0
Oct 30, 2022	1048	0	0	14528
Oct 31, 2022	939	0	0	5605
Nov 01, 2022	939	16	0	4865
Nov 02, 2022	939	0	0	4334
Nov 03, 2022	939	0	101	0
Nov 04, 2022	939	0	0	7420
Nov 05, 2022	939	0	0	5244
Nov 06, 2022	939	0	0	5180
Nov 07, 2022	709	0	0	7836
Nov 08, 2022	709	0	0	7496
Nov 09, 2022	709	0	0	6762
Nov 10, 2022	709	9	621	5336
Nov 11, 2022	709	0	0	5533
Nov 12, 2022	709	0	0	8947
Nov 13, 2022	709	0	0	6535
Nov 14, 2022	809	0	0	5802
Nov 15, 2022	809	0	1370	5611
Nov 16, 2022	809	0	0	5297
Nov 17, 2022	809	11	0	4342
Nov 18, 2022	809	0	0	4352
Nov 19, 2022	809	0	0	7735
Nov 20, 2022	809	0	0	5912
Nov 21, 2022	881	0	0	5493
Nov 22, 2022	881	0	0	5050
Nov 23, 2022	881	22	0	4852
Nov 24, 2022	881	0	2216	3906
Nov 25, 2022	881	0	0	3946
Nov 26, 2022	881	0	0	6425
Nov 27, 2022	881	0	0	4820
Nov 28, 2022	1026	0	0	7309
Nov 29, 2022	1026	0	0	1211
Nov 30, 2022	1026	0	0	3883
Dec 01, 2022	1026	28	4423	3193
Dec 02, 2022	1026	0	0	3318
Dec 03, 2022	1026	0	0	0
Dec 04, 2022	1026	0	0	9392
Dec 05, 2022	1490	0	0	0
Dec 06, 2022	1490	0	0	7072
Dec 07, 2022	1490	0	6681	3210
Dec 08, 2022	1490	30	0	2628
Dec 09, 2022	1490	0	0	2552
Dec 10, 2022	1490	0	0	0
Dec 11, 2022	1490	0	0	0
Dec 12, 2022	2189	0	0	0
Dec 13, 2022	2189	0	0	0
Dec 14, 2022	2189	0	0	12564
Dec 15, 2022	2189	32	6016	6807
Dec 16, 2022	2189	0	0	2915
Dec 17, 2022	2189	0	0	4578
Dec 18, 2022	2189	0	0	3605
Dec 19, 2022	4599	0	0	3572
Dec 20, 2022	4599	0	0	3353
Dec 21, 2022	4599	0	0	3323
Dec 22, 2022	4599	42	1932	3122
Dec 23, 2022	4599	0	0	3184
Dec 24, 2022	4599	0	0	5283
Dec 25, 2022	4599	0	0	4287
Dec 26, 2022	7631	0	0	3767
Dec 27, 2022	7631	0	0	3848
Dec 28, 2022	7631	0	0	0
Dec 29, 2022	7631	10	5323	7093
Dec 30, 2022	7631	0	0	3889
Dec 31, 2022	7631	0	0	6752
Jan 01, 2023	7631	0	0	5186
Jan 02, 2023	8285	0	0	4458
Jan 03, 2023	8285	0	0	3703
Jan 04, 2023	8285	0	0	3277
Jan 05, 2023	8285	13	770	2385
Jan 06, 2023	8285	0	0	2929
Jan 07, 2023	8285	0	0	4074
Jan 08, 2023	8285	0	0	5084
Jan 09, 2023	5165	0	0	3985
Jan 10, 2023	5165	0	0	3604
Jan 11, 2023	5165	0	0	3164
Jan 12, 2023	5165	6	406	2578
Jan 13, 2023	5165	0	0	2530
Jan 14, 2023	5165	0	0	4091
Jan 15, 2023	5165	0	0	3118
Jan 16, 2023	3288	0	0	2756
Jan 17, 2023	3288	0	0	0
Jan 18, 2023	3288	0	0	4944
Jan 19, 2023	3288	21	128	0
Jan 20, 2023	3288	0	0	4047
Jan 21, 2023	3288	0	0	3094
Jan 22, 2023	3288	0	0	2409
Jan 23, 2023	1925	0	0	2041
Jan 24, 2023	1925	0	0	2101
Jan 25, 2023	1925	0	0	1844
Jan 26, 2023	1925	8	663	1608
Jan 27, 2023	1925	0	0	1600
Jan 28, 2023	1925	0	0	2395
Jan 29, 2023	1925	0	0	1915
Jan 30, 2023	1162	0	0	1677
Jan 31, 2023	1162	0	0	1607
Feb 01, 2023	1162	0	0	1567
Feb 02, 2023	1162	2	874	1502
Feb 03, 2023	1162	0	0	1398
Feb 04, 2023	1162	0	0	2091
Feb 05, 2023	1162	0	0	1615
Feb 06, 2023	716	0	0	1606
Feb 07, 2023	716	0	0	1470
Feb 08, 2023	716	0	0	3823
Feb 09, 2023	716	1	74	0
Feb 10, 2023	716	0	0	183
Feb 11, 2023	716	0	0	2002
Feb 12, 2023	716	0	0	1639
Feb 13, 2023	716	0	0	1483
Feb 14, 2023	639	0	0	1410
Feb 15, 2023	639	0	0	1318
Feb 16, 2023	639	0	106	0
Feb 17, 2023	639	0	0	0
Feb 18, 2023	639	0	0	4433
Feb 19, 2023	639	0	0	0
Feb 20, 2023	434	0	0	3173
Feb 21, 2023	434	0	0	1585
Feb 22, 2023	434	0	0	1674
Feb 23, 2023	434	21	136	0
Feb 24, 2023	434	0	0	3396
Feb 25, 2023	434	0	0	2668
Feb 26, 2023	434	0	0	2210
Feb 27, 2023	500	0	0	2039
Feb 28, 2023	500	0	0	2091
Mar 01, 2023	500	0	0	1963
Mar 02, 2023	500	0	0	0
Mar 03, 2023	500	0	0	0
Mar 04, 2023	500	0	0	7102
Mar 05, 2023	500	0	0	2710
Mar 06, 2023	500	0	0	2592
Mar 07, 2023	500	0	0	2602
Mar 08, 2023	500	0	0	2722
Mar 09, 2023	500	4	300	0
Mar 10, 2023	500	0	0	5428
Mar 11, 2023	500	0	0	4092
Mar 12, 2023	500	0	0	3657
Mar 13, 2023	500	0	0	3426
Mar 14, 2023	500	0	0	3676
Mar 15, 2023	573	0	0	3819
Mar 16, 2023	573	7	0	3535
Mar 17, 2023	573	0	0	3596
Mar 18, 2023	573	0	0	5249
Mar 19, 2023	573	0	0	4031
Mar 20, 2023	573	0	0	3712
Mar 21, 2023	573	0	0	3546
Mar 22, 2023	573	0	0	3237
Mar 23, 2023	573	3	326	0
Mar 24, 2023	573	0	0	5760
Mar 25, 2023	573	0	0	4205
Mar 26, 2023	573	0	0	0
Mar 27, 2023	608	0	0	5627
Mar 28, 2023	608	0	0	2524
Mar 29, 2023	608	0	0	2180
Mar 30, 2023	608	5	220	0
Mar 31, 2023	608	0	0	0
Apr 01, 2023	608	0	0	6226
Apr 02, 2023	608	0	0	1850
Apr 03, 2023	608	0	0	0
Apr 04, 2023	608	0	0	2993
Apr 05, 2023	608	0	0	1170
Apr 06, 2023	608	0	242	1047
Apr 07, 2023	608	0	0	1146
Apr 08, 2023	608	0	0	1456
Apr 09, 2023	608	0	0	0
Apr 10, 2023	608	0	0	0
Apr 11, 2023	608	0	0	0
Apr 12, 2023	478	0	0	0
Apr 13, 2023	478	0	224	4096
Apr 14, 2023	478	0	0	788
Apr 15, 2023	478	0	0	1201
Apr 16, 2023	478	0	0	773
Apr 17, 2023	478	0	0	597
Apr 18, 2023	478	0	0	566
Apr 19, 2023	478	0	0	561
Apr 20, 2023	478	10	215	428
Apr 21, 2023	478	0	0	0
Apr 22, 2023	478	0	0	979
Apr 23, 2023	478	0	0	0
Apr 24, 2023	433	0	0	795
Apr 25, 2023	433	0	0	383
Apr 26, 2023	433	0	0	342
Apr 27, 2023	433	3	0	0
Apr 28, 2023	433	0	0	0
Apr 29, 2023	433	0	0	0
Apr 30, 2023	433	0	0	1276
May 01, 2023	433	0	0	240
May 02, 2023	433	0	0	175
May 03, 2023	433	0	0	203
May 04, 2023	433	21	411	134
May 05, 2023	433	0	0	152
May 06, 2023	433	0	0	180
May 07, 2023	433	0	0	240
May 08, 2023	365	0	0	141
May 09, 2023	365	0	0	0
May 10, 2023	365	0	0	305
May 11, 2023	365	6	246	0
May 12, 2023	365	0	0	255
May 13, 2023	365	0	0	181
May 14, 2023	365	0	0	0
May 15, 2023	365	0	0	219
May 16, 2023	365	0	0	97
May 17, 2023	365	0	0	104
May 18, 2023	365	4	224	0
May 19, 2023	365	0	0	186
May 20, 2023	365	0	0	123
May 21, 2023	365	0	0	112
May 22, 2023	365	0	0	63
May 23, 2023	365	0	0	74
May 24, 2023	196	0	0	77
May 25, 2023	196	0	153	54
May 26, 2023	196	0	0	64
May 27, 2023	196	0	0	85
May 28, 2023	196	0	0	66
May 29, 2023	196	0	0	42
May 30, 2023	196	0	0	68
May 31, 2023	196	0	0	36
Jun 01, 2023	196	4	103	43
Jun 02, 2023	196	0	0	33
Jun 03, 2023	196	0	0	60
Jun 04, 2023	196	0	0	52
Jun 05, 2023	196	0	0	34
Jun 06, 2023	196	0	0	32
Jun 07, 2023	196	0	0	42
Jun 08, 2023	196	5	0	24
Jun 09, 2023	196	0	0	27
Jun 10, 2023	196	0	0	42
Jun 11, 2023	196	0	0	31
Jun 12, 2023	196	0	0	26
Jun 13, 2023	196	0	0	22
Jun 14, 2023	196	0	0	23
Jun 15, 2023	196	5	212	24
Jun 16, 2023	196	0	0	22
Jun 17, 2023	196	0	0	51
Jun 18, 2023	196	0	0	28
Jun 19, 2023	196	0	0	38
Jun 20, 2023	196	0	0	26
Jun 21, 2023	196	0	0	27
Jun 22, 2023	196	4	936	20
Jun 23, 2023	196	0	0	20
Jun 24, 2023	196	0	0	32
Jun 25, 2023	196	0	0	17
Jun 26, 2023	196	0	0	16
Jun 27, 2023	196	0	0	19
Jun 28, 2023	196	0	0	29
Jun 29, 2023	196	0	212	25
Jun 30, 2023	196	0	0	18
Jul 01, 2023	196	0	0	26
Jul 02, 2023	196	0	0	30
Jul 03, 2023	196	0	0	15
Jul 04, 2023	196	0	0	23
Jul 05, 2023	196	0	0	19
Jul 06, 2023	196	22	278	16
Jul 07, 2023	196	0	0	0
Jul 08, 2023	196	0	0	34
Jul 09, 2023	196	0	0	0
Jul 10, 2023	196	0	0	41
Jul 11, 2023	196	0	0	18
Jul 12, 2023	196	0	0	12
Jul 13, 2023	196	0	138	24
Jul 14, 2023	196	0	0	22
Jul 15, 2023	196	0	0	38
Jul 16, 2023	196	0	0	0
Jul 17, 2023	196	0	0	32
Jul 18, 2023	196	0	0	20
Jul 19, 2023	196	0	0	22
Jul 20, 2023	196	3	173	13
Jul 21, 2023	196	0	0	21
Jul 22, 2023	196	0	0	31
Jul 23, 2023	196	0	0	29
Jul 24, 2023	196	0	0	23
Jul 25, 2023	196	0	0	28
Jul 26, 2023	196	0	0	0
Jul 27, 2023	196	4	184	55
Jul 28, 2023	196	0	0	44
Jul 29, 2023	196	0	0	55
Jul 30, 2023	196	0	0	44
Jul 31, 2023	196	0	0	36
Aug 01, 2023	196	0	0	50
Aug 02, 2023	196	0	0	44
Aug 03, 2023	196	6	190	44
Aug 04, 2023	196	0	0	43
Aug 05, 2023	196	0	0	71
Aug 06, 2023	196	0	0	50
Aug 07, 2023	196	0	0	50
Aug 08, 2023	196	0	0	0
Aug 09, 2023	196	0	0	0
Aug 10, 2023	196	2	214	0
Aug 11, 2023	196	0	0	224
Aug 12, 2023	196	0	0	0
Aug 13, 2023	196	0	0	0
Aug 14, 2023	196	0	0	188
Aug 15, 2023	196	0	0	63
Aug 16, 2023	196	0	0	69
Aug 17, 2023	196	0	759	0
Aug 18, 2023	196	0	0	104
Aug 19, 2023	196	0	0	0
Aug 20, 2023	196	0	0	0
Aug 21, 2023	196	0	0	228
Aug 22, 2023	196	0	0	0
Aug 23, 2023	196	0	0	0
Aug 24, 2023	196	8	499	215
Aug 25, 2023	196	0	0	73
Aug 26, 2023	196	0	0	0
Aug 27, 2023	196	0	0	0
Aug 28, 2023	196	0	0	0
Aug 29, 2023	196	0	0	371
Aug 30, 2023	196	0	0	0
Aug 31, 2023	196	0	410	83
Sep 01, 2023	196	0	0	0
Sep 02, 2023	196	0	0	0
Sep 03, 2023	196	0	0	0
Sep 04, 2023	196	0	0	0
Sep 05, 2023	196	0	0	0
Sep 06, 2023	196	0	0	491
Sep 07, 2023	196	3	357	0
Sep 08, 2023	196	0	0	0
Sep 09, 2023	196	0	0	0
Sep 10, 2023	196	0	0	0
Sep 11, 2023	196	0	0	0
Sep 12, 2023	196	0	0	0
Sep 13, 2023	196	0	0	0
Sep 14, 2023	196	2	0	649
Sep 15, 2023	196	0	0	0
Sep 16, 2023	196	0	0	0
Sep 17, 2023	196	0	0	0
Sep 18, 2023	196	0	0	0
Sep 19, 2023	196	0	0	0
Sep 20, 2023	196	0	0	0
Sep 21, 2023	196	7	307	790
Sep 22, 2023	196	0	0	0
Sep 23, 2023	196	0	0	0
Sep 24, 2023	196	0	0	0
Sep 25, 2023	196	0	0	0
Sep 26, 2023	196	0	0	0
Sep 27, 2023	196	0	0	0
Sep 28, 2023	196	0	832	0
Sep 29, 2023	196	0	0	0
Sep 30, 2023	196	0	0	864
Oct 01, 2023	196	3	0	0
Oct 02, 2023	196	0	0	0
Oct 03, 2023	196	0	0	0
Oct 04, 2023	196	0	0	0
Oct 05, 2023	196	0	520	0
Oct 06, 2023	196	0	0	1354
Oct 07, 2023	196	0	0	0
Oct 08, 2023	196	4	0	0
Oct 09, 2023	196	0	0	0
Oct 10, 2023	196	0	0	0
Oct 11, 2023	196	0	0	0
Oct 12, 2023	196	0	455	0
Oct 13, 2023	196	0	0	1774
Oct 14, 2023	196	0	0	0
Oct 15, 2023	196	4	0	0
Oct 16, 2023	196	0	0	0
Oct 17, 2023	196	0	0	0
Oct 18, 2023	196	0	0	0
Oct 19, 2023	196	0	375	0
Oct 20, 2023	196	0	0	2091
Oct 21, 2023	196	0	0	0
Oct 22, 2023	196	4	0	0
Oct 23, 2023	196	0	0	0
Oct 24, 2023	196	0	0	0
Oct 25, 2023	196	0	0	0
Oct 26, 2023	196	0	863	0
Oct 27, 2023	196	0	0	2952
Oct 28, 2023	196	0	0	3418
Oct 29, 2023	196	5	1048	0
Oct 30, 2023	196	0	0	0
Oct 31, 2023	196	0	0	0
Nov 01, 2023	196	0	0	0
Nov 02, 2023	196	0	0	0
Nov 03, 2023	196	0	0	0
Nov 04, 2023	196	0	0	0
Nov 05, 2023	196	4	564	0
Nov 06, 2023	196	0	0	0
Nov 07, 2023	196	0	0	0
Nov 08, 2023	196	0	0	0
Nov 09, 2023	196	0	0	0
Nov 10, 2023	196	0	0	0
Nov 11, 2023	196	0	0	3539
Nov 12, 2023	196	1	506	8006
Nov 13, 2023	196	1	0	0
Nov 14, 2023	1927	2	0	0
Nov 15, 2023	1927	2	0	0
Nov 16, 2023	1927	2	0	0
Nov 17, 2023	1927	2	0	0
Nov 18, 2023	1927	2	0	0
Nov 19, 2023	1927	2	436	0
Nov 20, 2023	2368	2	0	0
Nov 21, 2023	2368	2	0	0
Nov 22, 2023	2368	2	0	0
Nov 23, 2023	2368	2	0	0
Nov 24, 2023	2368	2	0	0
Nov 25, 2023	2368	2	0	0
Nov 26, 2023	2368	4	562	0
Nov 27, 2023	2368	25	0	0
Nov 28, 2023	2368	0	0	0
Nov 29, 2023	2368	0	0	0
Nov 30, 2023	2368	0	0	0
Dec 01, 2023	2368	0	0	0
Dec 02, 2023	2368	0	0	0
Dec 03, 2023	2368	0	0	0
Dec 04, 2023	2503	0	0	0
Dec 05, 2023	2503	0	0	0
Dec 06, 2023	2503	0	0	0
Dec 07, 2023	2503	0	0	0
Dec 08, 2023	2503	0	0	0
Dec 09, 2023	2503	0	3962	0
Dec 10, 2023	2503	0	4656	0
Dec 11, 2023	2503	0	2038	0
Dec 12, 2023	2503	0	0	0
Dec 13, 2023	2503	0	0	0
Dec 14, 2023	2503	0	0	0
Dec 15, 2023	2503	0	0	0
Dec 16, 2023	2503	13	0	0
Dec 17, 2023	2503	0	0	0
Dec 18, 2023	2503	19	1977	0
Dec 19, 2023	2503	0	0	0
Dec 20, 2023	2503	0	0	0
Dec 21, 2023	2503	0	0	0
Dec 22, 2023	2503	0	0	0
Dec 23, 2023	2503	0	0	0
Dec 24, 2023	2503	0	0	0
Dec 25, 2023	2503	0	1296	0
Dec 26, 2023	2503	0	0	0
Dec 27, 2023	2503	0	0	0
Dec 28, 2023	2503	0	0	0
Dec 29, 2023	2503	4	0	0
Dec 30, 2023	2503	0	0	0
Dec 31, 2023	2503	0	0	0
Jan 01, 2024	2503	0	796	0
Jan 02, 2024	2503	0	0	0
Jan 03, 2024	2503	0	0	0
Jan 04, 2024	2503	0	0	0
Jan 05, 2024	2503	0	0	0
Jan 06, 2024	2503	0	0	0
Jan 07, 2024	2503	0	0	0
Jan 08, 2024	2503	0	540	0
Jan 09, 2024	2503	0	0	0
Jan 10, 2024	2503	0	0	0
Jan 11, 2024	2503	0	0	0
Jan 12, 2024	2503	0	0	0
Jan 13, 2024	2503	0	0	0
Jan 14, 2024	2503	0	0	0
Jan 15, 2024	2503	0	0	0
Jan 16, 2024	2503	0	0	0
Jan 17, 2024	2503	0	0	0
Jan 18, 2024	2503	0	0	0
Jan 19, 2024	2503	0	0	0
Jan 20, 2024	2503	0	0	0
Jan 21, 2024	2503	0	0	0
Jan 22, 2024	2503	0	0	0
Jan 23, 2024	2503	0	0	0
Jan 24, 2024	2503	0	0	0
Jan 25, 2024	2503	0	0	0
Jan 26, 2024	2503	0	0	0
Jan 27, 2024	2503	0	0	0
Jan 28, 2024	2503	0	0	0
Jan 29, 2024	2503	0	0	0
Jan 30, 2024	2503	0	0	0
Jan 31, 2024	2503	0	0	0
Feb 01, 2024	2503	0	0	0
Feb 02, 2024	2503	0	0	0
Feb 03, 2024	2503	0	0	0
Feb 04, 2024	2503	0	0	0
Feb 05, 2024	2503	0	0	0
Feb 06, 2024	2503	0	0	0
Feb 07, 2024	2503	0	0	0
Feb 08, 2024	2503	0	0	0
Feb 09, 2024	2503	0	0	0
Feb 10, 2024	2503	0	0	0
Feb 11, 2024	2503	0	0	0
Feb 12, 2024	2503	0	0	0
Feb 13, 2024	2503	0	0	0
Feb 14, 2024	2503	0	0	0
Feb 15, 2024	2503	0	0	0
Feb 16, 2024	2503	0	0	0
Feb 17, 2024	2503	0	0	0
Feb 18, 2024	2503	NA	0	0
Feb 19, 2024	2503	NA	0	0
Feb 20, 2024	2503	NA	0	0
Feb 21, 2024	2503	NA	0	0
Feb 22, 2024	2503	NA	0	0
Feb 23, 2024	2503	NA	0	0
Feb 24, 2024	2503	NA	0	0
Feb 25, 2024	2503	NA	0	0
Feb 26, 2024	2503	NA	0	0
Feb 27, 2024	2503	NA	0	0
Feb 28, 2024	2503	NA	0	0
Feb 29, 2024	2503	NA	0	0
Mar 01, 2024	2503	NA	0	0
Mar 02, 2024	2503	NA	0	0
Mar 03, 2024	2503	NA	NA	0
Mar 04, 2024	2503	NA	NA	0
Mar 05, 2024	2503	NA	NA	0
Mar 06, 2024	2503	NA	NA	0
Mar 07, 2024	2503	NA	NA	0
Mar 08, 2024	2503	NA	NA	0
Mar 09, 2024	2503	NA	NA	0
Mar 10, 2024	2503	NA	NA	0
Mar 11, 2024	2503	NA	NA	0
Mar 12, 2024	2503	NA	NA	0
Mar 13, 2024	2503	NA	NA	0
Mar 14, 2024	2503	NA	NA	0
Mar 15, 2024	2503	NA	NA	0
Mar 16, 2024	2503	NA	NA	0
Mar 17, 2024	2503	NA	NA	0
Mar 18, 2024	2503	NA	NA	0
Mar 19, 2024	2503	NA	NA	0
Mar 20, 2024	2503	NA	NA	0
Mar 21, 2024	2503	NA	NA	0
Mar 22, 2024	2503	NA	NA	0
Mar 23, 2024	2503	NA	NA	0
Mar 24, 2024	2503	NA	NA	NA
