Dates	Active	Deaths	Newcases	recover
Feb 15, 2020	0	0	2	0
Feb 16, 2020	0	1	1	0
Feb 17, 2020	0	0	1	0
Feb 18, 2020	0	1	2	0
Feb 19, 2020	0	1	4	0
Feb 20, 2020	0	1	4	0
Feb 21, 2020	0	1	5	0
Feb 22, 2020	0	1	7	0
Feb 23, 2020	0	1	12	0
Feb 24, 2020	0	6	12	0
Feb 25, 2020	0	6	21	0
Feb 26, 2020	0	3	16	0
Feb 27, 2020	0	6	95	0
Feb 28, 2020	0	8	53	0
Feb 29, 2020	0	10	43	0
Mar 01, 2020	0	4	122	0
Mar 02, 2020	0	9	108	0
Mar 03, 2020	1	8	121	0
Mar 04, 2020	3	13	111	0
Mar 05, 2020	4	11	133	0
Mar 06, 2020	5	11	206	0
Mar 07, 2020	7	10	257	0
Mar 08, 2020	11	3	192	0
Mar 09, 2020	15	14	356	0
Mar 10, 2020	20	3	350	0
Mar 11, 2020	27	15	269	0
Mar 12, 2020	39	15	363	0
Mar 13, 2020	51	14	338	0
Mar 14, 2020	72	10	343	0
Mar 15, 2020	88	9	437	0
Mar 16, 2020	183	11	390	0
Mar 17, 2020	236	19	496	0
Mar 18, 2020	279	11	363	0
Mar 19, 2020	401	9	403	6
Mar 20, 2020	503	10	352	2
Mar 21, 2020	621	11	503	0
Mar 22, 2020	732	13	499	3
Mar 23, 2020	861	13	619	6
Mar 24, 2020	1061	13	499	5
Mar 25, 2020	1312	15	335	0
Mar 26, 2020	1503	10	365	21
Mar 27, 2020	1837	19	459	18
Mar 28, 2020	2168	19	417	14
Mar 29, 2020	2422	14	625	81
Mar 30, 2020	2703	8	521	0
Mar 31, 2020	3035	9	559	78
Apr 01, 2020	3294	6	419	101
Apr 02, 2020	3627	13	490	92
Apr 03, 2020	3919	14	380	101
Apr 04, 2020	4306	11	543	90
Apr 05, 2020	4569	15	604	110
Apr 06, 2020	4858	18	578	170
Apr 07, 2020	5031	15	646	217
Apr 08, 2020	5309	31	554	159
Apr 09, 2020	5636	36	564	297
Apr 10, 2020	5947	39	646	293
Apr 11, 2020	6142	41	609	195
Apr 12, 2020	6272	40	1332	308
Apr 13, 2020	6326	44	1153	279
Apr 14, 2020	6492	50	1670	291
Apr 15, 2020	6615	64	1437	362
Apr 16, 2020	6863	58	1147	322
Apr 17, 2020	7047	61	1607	414
Apr 18, 2020	7178	64	1208	303
Apr 19, 2020	7284	61	1794	338
Apr 20, 2020	7427	64	1628	293
Apr 21, 2020	7503	50	1459	417
Apr 22, 2020	7610	69	1928	418
Apr 23, 2020	7785	77	1401	523
Apr 24, 2020	7831	75	1940	419
Apr 25, 2020	8048	80	3114	278
Apr 26, 2020	8313	84	3113	303
Apr 27, 2020	8561	107	2929	383
Apr 28, 2020	8811	123	2208	347
Apr 29, 2020	9060	115	2755	523
Apr 30, 2020	9854	130	2667	438
May 01, 2020	10559	132	4121	554
May 02, 2020	11656	921	4727	469
May 03, 2020	12605	105	4640	374
May 04, 2020	13364	26	5005	295
May 05, 2020	14668	272	4139	479
May 06, 2020	15388	246	4342	475
May 07, 2020	16701	315	5730	496
May 08, 2020	17820	327	4640	507
May 09, 2020	18758	315	5066	445
May 10, 2020	20230	55	5448	493
May 11, 2020	21123	30	4325	520
May 12, 2020	22525	330	4940	740
May 13, 2020	24884	321	5654	790
May 14, 2020	27176	357	6404	959
May 15, 2020	29110	287	4129	1400
May 16, 2020	29879	261	5785	1199
May 17, 2020	31394	33	5460	952
May 18, 2020	33069	4	4925	1342
May 19, 2020	35804	321	6141	997
May 20, 2020	39484	245	7498	1488
May 21, 2020	42572	235	5497	1350
May 22, 2020	46169	396	4581	1204
May 23, 2020	49043	230	6716	1602
May 24, 2020	51719	94	6550	1154
May 25, 2020	56234	161	7907	1613
May 26, 2020	59197	93	7620	2625
May 27, 2020	61588	237	8122	2610
May 28, 2020	64357	186	6020	2448
May 29, 2020	66157	201	5866	1833
May 30, 2020	69189	164	4758	2296
May 31, 2020	72467	108	4476	2219
Jun 01, 2020	76568	71	6291	0
Jun 02, 2020	80590	197	5356	41227
Jun 03, 2020	45025	154	5608	4575
Jun 04, 2020	45795	140	4609	4883
Jun 05, 2020	45707	142	3805	0
Jun 06, 2020	51716	139	3650	0
Jun 07, 2020	58293	64	4649	0
Jun 08, 2020	63685	64	4297	0
Jun 09, 2020	68240	166	4407	0
Jun 10, 2020	74684	148	4217	30813
Jun 11, 2020	50175	123	4018	4914
Jun 12, 2020	52853	123	3395	5938
Jun 13, 2020	54208	73	2651	6408
Jun 14, 2020	55607	163	2499	5088
Jun 15, 2020	56484	55	3549	7440
Jun 16, 2020	54880	56	3759	0
Jun 17, 2020	59308	146	3686	30209
Jun 18, 2020	33254	95	3026	5050
Jun 19, 2020	34138	133	2463	5118
Jun 20, 2020	34089	115	2064	3960
Jun 21, 2020	35476	94	3134	4828
Jun 22, 2020	35224	66	3059	5173
Jun 23, 2020	33852	48	2756	4523
Jun 24, 2020	32658	124	3013	4234
Jun 25, 2020	32828	100	2617	4104
Jun 26, 2020	32786	95	1836	4624
Jun 27, 2020	32173	94	1712	4155
Jun 28, 2020	32005	124	2494	3944
Jun 29, 2020	31985	48	2842	5075
Jun 30, 2020	30144	59	2308	4214
Jul 01, 2020	28488	122	2084	3804
Jul 02, 2020	26946	87	2099	4096
Jul 03, 2020	26213	66	1654	4102
Jul 04, 2020	25669	83	1719	3587
Jul 05, 2020	25604	78	2358	3339
Jul 06, 2020	25183	49	2546	3874
Jul 07, 2020	23701	34	2289	3458
Jul 08, 2020	22110	118	2198	3219
Jul 09, 2020	21871	51	2133	3131
Jul 10, 2020	21659	69	1877	3061
Jul 11, 2020	21212	71	1775	2788
Jul 12, 2020	21298	77	1961	2654
Jul 13, 2020	21197	41	2131	2664
Jul 14, 2020	20305	40	1991	2865
Jul 15, 2020	18986	117	2073	3216
Jul 16, 2020	18116	65	1762	1513
Jul 17, 2020	19322	87	1469	2635
Jul 18, 2020	18872	75	1761	2345
Jul 19, 2020	18538	80	1948	2198
Jul 20, 2020	18276	53	2154	2824
Jul 21, 2020	17051	40	2198	2425
Jul 22, 2020	16289	103	2033	2190
Jul 23, 2020	16311	75	1988	2265
Jul 24, 2020	16497	61	1572	2473
Jul 25, 2020	16180	79	1552	1926
Jul 26, 2020	16337	56	1866	1859
Jul 27, 2020	16517	40	2077	2378
Jul 28, 2020	15950	29	1791	2225
Jul 29, 2020	15452	98	2044	2071
Jul 30, 2020	15218	90	1556	1699
Jul 31, 2020	15550	71	1353	2180
Aug 01, 2020	15266	51	1182	1904
Aug 02, 2020	15341	75	1812	1565
Aug 03, 2020	15414	38	1920	2354
Aug 04, 2020	14481	25	1939	1961
Aug 05, 2020	14222	99	1957	1877
Aug 06, 2020	14171	87	1903	2000
Aug 07, 2020	14238	56	1417	1965
Aug 08, 2020	14405	68	1380	1693
Aug 09, 2020	14662	80	1737	1516
Aug 10, 2020	15056	34	1870	2199
Aug 11, 2020	14380	23	2037	1878
Aug 12, 2020	14020	105	1965	1712
Aug 13, 2020	14056	71	1752	1906
Aug 14, 2020	14176	69	1419	1914
Aug 15, 2020	13984	40	1594	1877
Aug 16, 2020	14080	15	1762	1557
Aug 17, 2020	14002	29	1964	2055
Aug 18, 2020	13259	30	1969	1845
Aug 19, 2020	12556	156	2076	1778
Aug 20, 2020	12473	73	1764	1834
Aug 21, 2020	12494	80	1267	1833
Aug 22, 2020	12513	63	1486	1449
Aug 23, 2020	12946	71	1648	1285
Aug 24, 2020	13484	34	1860	1999
Aug 25, 2020	12849	20	2131	1805
Aug 26, 2020	12384	102	2082	1654
Aug 27, 2020	12364	56	1699	1530
Aug 28, 2020	12629	65	1536	1731
Aug 29, 2020	12874	75	1304	1401
Aug 30, 2020	13359	73	1863	1295
Aug 31, 2020	13760	41	1677	1911
Sep 01, 2020	13228	25	1847	1893
Sep 02, 2020	12900	97	1600	1726
Sep 03, 2020	12838	66	1194	1839
Sep 04, 2020	12873	65	1055	1719
Sep 05, 2020	13052	58	1380	1432
Sep 06, 2020	13645	77	1743	1318
Sep 07, 2020	14016	21	2224	2013
Sep 08, 2020	13232	24	2111	1825
Sep 09, 2020	12868	24	1922	1801
Sep 10, 2020	12616	119	1770	1708
Sep 11, 2020	12681	74	1629	1855
Sep 12, 2020	12901	59	1691	1407
Sep 13, 2020	13508	51	1759	1399
Sep 14, 2020	13728	33	1840	2219
Sep 15, 2020	13011	21	1881	1909
Sep 16, 2020	12383	92	1708	2075
Sep 17, 2020	12066	65	1567	2053
Sep 18, 2020	11619	60	1560	2120
Sep 19, 2020	11277	65	1134	1645
Sep 20, 2020	11192	74	1576	1365
Sep 21, 2020	11006	29	1753	2065
Sep 22, 2020	9967	8	1826	1989
Sep 23, 2020	9328	108	1776	1711
Sep 24, 2020	9204	50	1517	1704
Sep 25, 2020	9651	61	1392	4390
Sep 26, 2020	7292	50	1092	1429
Sep 27, 2020	7722	69	1124	2113
Sep 28, 2020	7308	21	1694	1764
Sep 29, 2020	7139	26	1813	1842
Sep 30, 2020	6968	80	1757	1700
Oct 01, 2020	6925	58	1545	1839
Oct 02, 2020	6870	61	1099	1402
Oct 03, 2020	7284	55	1159	1165
Oct 04, 2020	7752	56	1494	1981
Oct 05, 2020	7265	29	1780	1580
Oct 06, 2020	7204	28	1612	1436
Oct 07, 2020	6877	83	1540	1617
Oct 08, 2020	6739	49	1535	1665
Oct 09, 2020	6761	49	927	1275
Oct 10, 2020	7247	53	1005	1093
Oct 11, 2020	7872	55	1520	1638
Oct 12, 2020	7674	25	1521	1619
Oct 13, 2020	7426	18	1685	1558
Oct 14, 2020	6936	73	1608	1582
Oct 15, 2020	6454	60	1324	1531
Oct 16, 2020	6498	34	1014	1337
Oct 17, 2020	6900	49	840	1033
Oct 18, 2020	7565	46	1540	1265
Oct 19, 2020	7794	31	1827	1767
Oct 20, 2020	7093	9	1568	1613
Oct 21, 2020	6618	122	1581	1517
Oct 22, 2020	6503	54	1321	1425
Oct 23, 2020	6793	55	1028	1246
Oct 24, 2020	7099	43	897	1123
Oct 25, 2020	7451	68	1634	1698
Oct 26, 2020	7214	25	1592	1481
Oct 27, 2020	6631	10	1646	1395
Oct 28, 2020	6233	102	1597	1295
Oct 29, 2020	6350	49	1331	1350
Oct 30, 2020	6471	43	1006	1118
Oct 31, 2020	6977	45	948	1031
Nov 01, 2020	7504	44	1454	1591
Nov 02, 2020	7168	21	1573	1508
Nov 03, 2020	6653	13	1558	1503
Nov 04, 2020	5964	105	1497	1218
Nov 05, 2020	6206	10	1440	1340
Nov 06, 2020	6635	80	1007	1054
Nov 07, 2020	7088	50	1005	1079
Nov 08, 2020	7535	56	1570	1727
Nov 09, 2020	7073	23	1561	1473
Nov 10, 2020	6599	13	1718	1313
Nov 11, 2020	6155	60	1489	1343
Nov 12, 2020	6363	55	1313	1353
Nov 13, 2020	6553	63	1121	1170
Nov 14, 2020	6980	66	1034	1052
Nov 15, 2020	7472	54	1508	1632
Nov 16, 2020	7116	25	1729	1529
Nov 17, 2020	6568	14	1533	1366
Nov 18, 2020	6132	94	1714	1319
Nov 19, 2020	6194	69	1760	1332
Nov 20, 2020	6375	58	1392	1150
Nov 21, 2020	6749	49	1244	1027
Nov 22, 2020	7170	0	1662	1557
Nov 23, 2020	7007	56	1534	1393
Nov 24, 2020	6590	14	1807	1401
Nov 25, 2020	6185	137	2138	1377
Nov 26, 2020	6256	65	1911	1486
Nov 27, 2020	6277	80	1499	1140
Nov 28, 2020	6800	54	1402	1070
Nov 29, 2020	7176	0	2001	1683
Nov 30, 2020	6738	26	2403	1501
Dec 01, 2020	6333	35	2219	1446
Dec 02, 2020	5911	122	2191	1400
Dec 03, 2020	5917	77	1943	1410
Dec 04, 2020	6187	79	1701	1190
Dec 05, 2020	6487	74	1725	1036
Dec 06, 2020	7120	83	2396	1787
Dec 07, 2020	7049	25	2521	1766
Dec 08, 2020	6654	28	2563	1683
Dec 09, 2020	6202	113	1711	1677
Dec 10, 2020	6082	94	1923	1665
Dec 11, 2020	5941	83	1958	1420
Dec 12, 2020	6248	53	1964	1227
Dec 13, 2020	7109	88	3023	2044
Dec 14, 2020	6920	33	3591	1589
Dec 15, 2020	6807	26	3338	1893
Dec 16, 2020	6303	135	2289	1884
Dec 17, 2020	6360	105	2450	1912
Dec 18, 2020	6796	85	2460	1664
Dec 19, 2020	7288	99	2382	1533
Dec 20, 2020	7880	83	3693	2334
Dec 21, 2020	7435	30	4205	2222
Dec 22, 2020	6889	21	4361	2039
Dec 23, 2020	6561	168	4181	1980
Dec 24, 2020	6883	104	3969	2054
Dec 25, 2020	7281	103	3243	1805
Dec 26, 2020	7981	142	3390	1783
Dec 27, 2020	7860	107	4187	2672
Dec 28, 2020	7111	28	4468	2400
Dec 29, 2020	6613	21	4313	2425
Dec 30, 2020	6138	194	4339	2144
Dec 31, 2020	6880	97	3918	1915
Jan 01, 2021	8491	109	3401	2535
Jan 02, 2021	9214	99	3589	2474
Jan 03, 2021	8975	103	4367	3728
Jan 04, 2021	7697	35	4959	3088
Jan 05, 2021	7043	26	4581	3115
Jan 06, 2021	6275	197	4463	2675
Jan 07, 2021	7171	104	4068	2735
Jan 08, 2021	8564	123	3322	3088
Jan 09, 2021	9758	123	3388	3022
Jan 10, 2021	10843	104	4255	4823
Jan 11, 2021	9906	25	4606	4156
Jan 12, 2021	8968	19	4151	4216
Jan 13, 2021	8114	174	4209	4112
Jan 14, 2021	8076	124	3779	3991
Jan 15, 2021	8459	97	3147	3416
Jan 16, 2021	9273	85	2610	2859
Jan 17, 2021	10700	105	3592	4566
Jan 18, 2021	9964	31	3782	4157
Jan 19, 2021	9175	28	4063	4106
Jan 20, 2021	8632	172	3804	3942
Jan 21, 2021	8922	113	3464	4289
Jan 22, 2021	9487	95	2839	3515
Jan 23, 2021	10468	120	2387	3111
Jan 24, 2021	11721	110	3731	4892
Jan 25, 2021	10814	30	4164	4341
Jan 26, 2021	9765	25	3924	4236
Jan 27, 2021	8896	168	3814	4091
Jan 28, 2021	8892	113	3332	4167
Jan 29, 2021	9227	100	2498	3280
Jan 30, 2021	9995	87	2275	2817
Jan 31, 2021	11245	108	3828	4573
Feb 01, 2021	10344	24	3797	3871
Feb 02, 2021	9592	30	3906	3651
Feb 03, 2021	8530	196	3615	3723
Feb 04, 2021	8205	112	3549	3506
Feb 05, 2021	8384	154	2308	2716
Feb 06, 2021	9622	125	2555	2339
Feb 07, 2021	10988	148	4472	4400
Feb 08, 2021	9949	44	4585	3611
Feb 09, 2021	9142	43	4489	3391
Feb 10, 2021	8112	216	4207	3390
Feb 11, 2021	8256	149	4145	3519
Feb 12, 2021	8797	140	2742	2983
Feb 13, 2021	9615	149	3040	2482
Feb 14, 2021	10824	120	4567	4060
Feb 15, 2021	9992	63	5331	3688
Feb 16, 2021	8777	53	5033	3692
Feb 17, 2021	7341	153	5302	3359
Feb 18, 2021	7636	95	4748	3338
Feb 19, 2021	7971	99	3531	2821
Feb 20, 2021	8959	152	3885	2557
Feb 21, 2021	9932	127	5563	3999
Feb 22, 2021	9377	46	5973	3543
Feb 23, 2021	8111	35	5894	3619
Feb 24, 2021	7019	242	5731	3413
Feb 25, 2021	7906	117	5121	3654
Feb 26, 2021	8724	129	4551	3124
Feb 27, 2021	9994	151	4430	2721
Feb 28, 2021	11360	41	6257	4639
Mar 01, 2021	10756	71	6584	3939
Mar 02, 2021	9529	78	7036	3968
Mar 03, 2021	8576	230	6850	3990
Mar 04, 2021	8985	162	6155	4124
Mar 05, 2021	10079	132	4864	3634
Mar 06, 2021	11378	167	4825	3351
Mar 07, 2021	13242	172	6979	5641
Mar 08, 2021	12241	44	7559	4841
Mar 09, 2021	10907	38	7592	4817
Mar 10, 2021	9945	273	7330	4822
Mar 11, 2021	10490	197	7241	5159
Mar 12, 2021	11192	166	5008	4509
Mar 13, 2021	12423	153	6046	3947
Mar 14, 2021	14082	125	7868	6122
Mar 15, 2021	12933	50	8079	5635
Mar 16, 2021	11805	45	7993	5720
Mar 17, 2021	10472	225	7307	5459
Mar 18, 2021	11054	137	5827	5956
Mar 19, 2021	11533	127	5168	5116
Mar 20, 2021	13313	143	5242	4557
Mar 21, 2021	15457	149	8248	7417
Mar 22, 2021	14075	56	9151	6501
Mar 23, 2021	12375	66	8133	6546
Mar 24, 2021	10601	218	7945	6228
Mar 25, 2021	11199	133	6421	6760
Mar 26, 2021	11903	130	5790	5772
Mar 27, 2021	13624	130	5557	5190
Mar 28, 2021	15612	123	7431	8099
Mar 29, 2021	14627	46	7613	7232
Mar 30, 2021	12357	38	8037	6962
Mar 31, 2021	11406	212	7370	6864
Apr 01, 2021	12168	137	6622	7488
Apr 02, 2021	12642	122	5095	5833
Apr 03, 2021	14673	147	4968	5028
Apr 04, 2021	16801	125	6917	8481
Apr 05, 2021	14106	48	7582	7163
Apr 06, 2021	12040	35	6909	6834
Apr 07, 2021	10370	171	6725	7592
Apr 08, 2021	10796	159	6078	5879
Apr 09, 2021	13906	109	4158	5895
Apr 10, 2021	16012	123	4499	5443
Apr 11, 2021	18347	128	6720	8509
Apr 12, 2021	16087	39	7254	7383
Apr 13, 2021	14450	40	6510	6918
Apr 14, 2021	13051	216	6165	6748
Apr 15, 2021	13461	152	4895	6900
Apr 16, 2021	13977	120	3249	5913
Apr 17, 2021	15935	166	3885	4953
Apr 18, 2021	18199	38	6299	7785
Apr 19, 2021	16911	46	6530	6799
Apr 20, 2021	15157	49	6198	6589
Apr 21, 2021	13491	232	5493	6555
Apr 22, 2021	13628	149	5339	6564
Apr 23, 2021	14509	149	3738	5452
Apr 24, 2021	15839	152	3902	4631
Apr 25, 2021	17790	166	6153	7248
Apr 26, 2021	16471	55	6915	6539
Apr 27, 2021	14034	51	6736	6006
Apr 28, 2021	12461	267	6296	5778
Apr 29, 2021	13185	123	5548	6042
Apr 30, 2021	14264	151	3766	5109
May 01, 2021	15535	152	4767	4237
May 02, 2021	17333	152	7682	6603
May 03, 2021	15502	58	7602	5666
May 04, 2021	13039	46	7500	5401
May 05, 2021	11485	248	6505	4928
May 06, 2021	12644	167	5343	5350
May 07, 2021	13687	134	4160	4381
May 08, 2021	15382	161	5197	3979
May 09, 2021	16749	122	8105	6445
May 10, 2021	15518	77	8658	5492
May 11, 2021	13716	71	8375	5452
May 12, 2021	12131	273	7751	5331
May 13, 2021	12782	149	6839	5626
May 14, 2021	13912	167	5011	4658
May 15, 2021	15881	152	5616	4222
May 16, 2021	17832	166	8128	7083
May 17, 2021	16169	56	8245	6091
May 18, 2021	13805	70	8920	6026
May 19, 2021	12506	64	7690	5692
May 20, 2021	14280	270	6928	6406
May 21, 2021	15324	189	5533	5367
May 22, 2021	17337	169	5353	4987
May 23, 2021	18689	196	7708	7984
May 24, 2021	16010	44	7941	6958
May 25, 2021	13166	70	7573	6512
May 26, 2021	11802	54	7481	6920
May 27, 2021	12755	277	6190	5611
May 28, 2021	15653	206	4576	5820
May 29, 2021	18059	163	4322	5643
May 30, 2021	20015	183	6670	8386
May 31, 2021	18302	49	6770	7598
Jun 01, 2021	15660	50	6274	7270
Jun 02, 2021	13955	233	5743	6848
Jun 03, 2021	14968	153	5205	7106
Jun 04, 2021	15984	164	3440	6083
Jun 05, 2021	18670	138	2746	5334
Jun 06, 2021	20874	129	3463	8722
Jun 07, 2021	18928	45	5599	8119
Jun 08, 2021	16284	41	5171	7466
Jun 09, 2021	14125	198	4461	7021
Jun 10, 2021	14564	128	4034	7190
Jun 11, 2021	15148	118	2637	5984
Jun 12, 2021	16603	139	2128	5108
Jun 13, 2021	18815	31	2655	7761
Jun 14, 2021	17122	38	4056	7023
Jun 15, 2021	14598	53	3848	6508
Jun 16, 2021	12341	227	3323	6020
Jun 17, 2021	12718	104	2824	6136
Jun 18, 2021	13203	104	1857	5106
Jun 19, 2021	14204	85	1871	4086
Jun 20, 2021	15709	117	3255	6467
Jun 21, 2021	14281	40	2800	5462
Jun 22, 2021	12203	31	2769	5047
Jun 23, 2021	9832	149	2318	4728
Jun 24, 2021	8503	89	2145	4693
Jun 25, 2021	9139	103	1264	3646
Jun 26, 2021	10475	100	1243	3293
Jun 27, 2021	11474	110	2366	3605
Jun 28, 2021	11707	30	2053	4495
Jun 29, 2021	9805	39	1932	3947
Jun 30, 2021	7916	169	1398	3606
Jul 01, 2021	6911	93	1004	3437
Jul 02, 2021	7253	89	975	2816
Jul 03, 2021	8079	82	996	2263
Jul 04, 2021	8976	114	1859	2767
Jul 05, 2021	8850	39	1645	3079
Jul 06, 2021	7579	24	1391	2899
Jul 07, 2021	6501	108	1428	2821
Jul 08, 2021	6702	55	1168	2698
Jul 09, 2021	6651	55	745	2047
Jul 10, 2021	7209	61	827	1863
Jul 11, 2021	7526	50	1371	2677
Jul 12, 2021	6865	23	1341	2242
Jul 13, 2021	5842	23	1142	2039
Jul 14, 2021	5005	85	1171	1971
Jul 15, 2021	5202	53	910	1830
Jul 16, 2021	5297	49	605	1521
Jul 17, 2021	5590	56	726	1173
Jul 18, 2021	5676	48	1206	1879
Jul 19, 2021	4770	16	1182	1542
Jul 20, 2021	4165	21	938	1515
Jul 21, 2021	3593	75	854	1385
Jul 22, 2021	3840	36	953	1093
Jul 23, 2021	4288	43	507	1145
Jul 24, 2021	4430	55	633	1047
Jul 25, 2021	4726	48	1138	1565
Jul 26, 2021	4212	18	834	1359
Jul 27, 2021	3558	10	865	1184
Jul 28, 2021	3170	63	899	1141
Jul 29, 2021	3251	58	740	1147
Jul 30, 2021	3356	33	398	916
Jul 31, 2021	3479	29	501	821
Aug 01, 2021	3729	23	858	1217
Aug 02, 2021	3312	9	752	1063
Aug 03, 2021	2824	9	712	986
Aug 04, 2021	2525	46	663	911
Aug 05, 2021	2651	24	578	851
Aug 06, 2021	2889	29	380	772
Aug 07, 2021	2966	39	399	785
Aug 08, 2021	2953	26	785	1019
Aug 09, 2021	2773	0	669	942
Aug 10, 2021	2299	10	607	837
Aug 11, 2021	2071	40	595	788
Aug 12, 2021	2313	31	501	829
Aug 13, 2021	2263	26	345	665
Aug 14, 2021	2408	25	448	613
Aug 15, 2021	2633	10	575	958
Aug 16, 2021	2365	9	494	790
Aug 17, 2021	1950	6	474	738
Aug 18, 2021	1690	39	425	682
Aug 19, 2021	1781	16	435	682
Aug 20, 2021	1798	11	265	540
Aug 21, 2021	1921	10	355	531
Aug 22, 2021	1997	6	500	807
Aug 23, 2021	1720	5	510	665
Aug 24, 2021	1419	8	474	613
Aug 25, 2021	1184	16	441	562
Aug 26, 2021	1332	10	469	579
Aug 27, 2021	1386	10	292	465
Aug 28, 2021	1485	13	401	420
Aug 29, 2021	1605	8	587	675
Aug 30, 2021	1383	8	583	542
Aug 31, 2021	1168	8	591	544
Sep 01, 2021	1062	26	475	469
Sep 02, 2021	1105	11	277	450
Sep 03, 2021	1091	15	280	386
Sep 04, 2021	1146	13	524	335
Sep 05, 2021	1207	9	859	462
Sep 06, 2021	1157	4	829	412
Sep 07, 2021	1001	5	747	437
Sep 08, 2021	910	6	765	386
Sep 09, 2021	978	14	614	444
Sep 10, 2021	1020	4	431	372
Sep 11, 2021	1093	15	611	332
Sep 12, 2021	1163	14	858	544
Sep 13, 2021	1062	4	807	471
Sep 14, 2021	883	6	813	423
Sep 15, 2021	851	15	718	397
Sep 16, 2021	1001	14	654	460
Sep 17, 2021	1093	14	493	428
Sep 18, 2021	1230	9	695	396
Sep 19, 2021	1284	20	942	602
Sep 20, 2021	949	8	986	494
Sep 21, 2021	726	8	998	584
Sep 22, 2021	660	28	1063	509
Sep 23, 2021	971	13	950	492
Sep 24, 2021	1292	18	609	485
Sep 25, 2021	1543	18	733	549
Sep 26, 2021	1749	25	1191	879
Sep 27, 2021	1478	6	1631	760
Sep 28, 2021	1144	10	1689	687
Sep 29, 2021	1060	5	1514	694
Sep 30, 2021	1208	25	1315	640
Oct 01, 2021	1365	34	933	490
Oct 02, 2021	1678	26	1228	562
Oct 03, 2021	1821	21	1793	884
Oct 04, 2021	1583	5	2004	717
Oct 05, 2021	1351	15	1994	724
Oct 06, 2021	1314	28	1811	712
Oct 07, 2021	1518	24	1623	802
Oct 08, 2021	1691	19	1157	708
Oct 09, 2021	1966	30	1710	679
Oct 10, 2021	2337	33	2136	1062
Oct 11, 2021	2216	5	2281	982
Oct 12, 2021	1839	14	2142	976
Oct 13, 2021	1591	41	2171	972
Oct 14, 2021	1804	38	1738	1046
Oct 15, 2021	2375	19	1341	986
Oct 16, 2021	3074	29	1300	1003
Oct 17, 2021	3570	40	1889	1240
Oct 18, 2021	3631	15	2510	1726
Oct 19, 2021	2834	18	2796	1574
Oct 20, 2021	2482	54	2567	1386
Oct 21, 2021	2874	34	2253	1430
Oct 22, 2021	3434	46	1746	1303
Oct 23, 2021	4111	39	2164	1211
Oct 24, 2021	4702	38	2733	1982
Oct 25, 2021	4323	4	2940	1921
Oct 26, 2021	3551	13	2703	1921
Oct 27, 2021	3332	59	2753	1703
Oct 28, 2021	3737	45	2286	1790
Oct 29, 2021	4215	33	1689	1598
Oct 30, 2021	4741	45	2120	1506
Oct 31, 2021	5388	38	2611	2298
Nov 01, 2021	4803	5	2698	2110
Nov 02, 2021	4028	8	2611	1950
Nov 03, 2021	3368	74	2641	1956
Nov 04, 2021	3296	48	2168	1811
Nov 05, 2021	3970	10	1760	1536
Nov 06, 2021	5196	50	2034	1606
Nov 07, 2021	6131	38	2670	2177
Nov 08, 2021	6186	9	2674	2640
Nov 09, 2021	5287	5	2634	2565
Nov 10, 2021	4871	58	2328	2430
Nov 11, 2021	5146	49	1960	2354
Nov 12, 2021	5708	35	1386	1975
Nov 13, 2021	6417	30	1523	1992
Nov 14, 2021	7148	26	2219	2852
Nov 15, 2021	6549	11	2091	2748
Nov 16, 2021	5485	8	2036	2433
Nov 17, 2021	5158	68	1927	2238
Nov 18, 2021	5490	38	1501	2481
Nov 19, 2021	5669	36	1164	1869
Nov 20, 2021	6392	26	1387	1833
Nov 21, 2021	7171	28	1771	2849
Nov 22, 2021	6450	4	1495	2442
Nov 23, 2021	5753	5	1362	2399
Nov 24, 2021	5370	41	1577	2176
Nov 25, 2021	5810	24	1361	2271
Nov 26, 2021	6179	31	959	1933
Nov 27, 2021	6834	28	1060	1831
Nov 28, 2021	7292	14	1492	2769
Nov 29, 2021	6445	1	1433	2383
Nov 30, 2021	5444	4	1415	2131
Dec 01, 2021	4823	38	1252	1983
Dec 02, 2021	5000	31	1126	1892
Dec 03, 2021	5154	24	884	1613
Dec 04, 2021	5544	26	964	1428
Dec 05, 2021	5998	16	1482	2133
Dec 06, 2021	5328	5	1399	1841
Dec 07, 2021	4646	1	1494	1856
Dec 08, 2021	4169	51	1155	1493
Dec 09, 2021	4373	30	753	1580
Dec 10, 2021	4240	26	762	1300
Dec 11, 2021	4292	23	1096	1132
Dec 12, 2021	4687	40	1791	1796
Dec 13, 2021	4214	1	1812	1532
Dec 14, 2021	3632	5	1904	1135
Dec 15, 2021	3552	31	1904	1363
Dec 16, 2021	3623	23	995	1367
Dec 17, 2021	3640	29	1051	1107
Dec 18, 2021	3913	19	1840	994
Dec 19, 2021	4141	29	3112	1502
Dec 20, 2021	3739	10	3771	1275
Dec 21, 2021	3337	5	4346	1179
Dec 22, 2021	3114	59	4020	1089
Dec 23, 2021	3439	33	4041	1137
Dec 24, 2021	3663	41	3912	964
Dec 25, 2021	4157	39	4828	1008
Dec 26, 2021	4278	46	7247	1369
Dec 27, 2021	3634	15	8299	1266
Dec 28, 2021	3126	11	9337	1193
Dec 29, 2021	3024	103	9509	1183
Dec 30, 2021	3591	54	8930	1177
Dec 31, 2021	4202	79	7575	1046
Jan 01, 2022	5029	71	9542	1186
Jan 02, 2022	5719	92	13865	1964
Jan 03, 2022	4736	34	17682	1748
Jan 04, 2022	4038	30	15471	1559
Jan 05, 2022	4315	203	15718	1645
Jan 06, 2022	5744	122	18797	1699
Jan 07, 2022	7785	118	17156	1893
Jan 08, 2022	10214	118	20491	2520
Jan 09, 2022	11688	135	27139	4223
Jan 10, 2022	11490	40	29461	4187
Jan 11, 2022	11210	46	30826	4375
Jan 12, 2022	11662	252	30477	4359
Jan 13, 2022	14499	164	28629	5233
Jan 14, 2022	17535	162	23063	4792
Jan 15, 2022	22054	189	31376	5195
Jan 16, 2022	26345	181	36436	9513
Jan 17, 2022	25722	44	39493	9440
Jan 18, 2022	23856	56	38768	10154
Jan 19, 2022	23239	281	37104	10191
Jan 20, 2022	26882	156	32266	10873
Jan 21, 2022	33668	189	25861	10281
Jan 22, 2022	38829	163	34797	10743
Jan 23, 2022	43785	192	39840	17643
Jan 24, 2022	44910	35	39720	17606
Jan 25, 2022	44450	38	39296	17560
Jan 26, 2022	47376	341	38248	19547
Jan 27, 2022	54909	158	30210	20698
Jan 28, 2022	63639	183	24036	19491
Jan 29, 2022	74933	153	32880	19098
Jan 30, 2022	86273	187	37578	32258
Jan 31, 2022	82598	43	36136	32072
Feb 01, 2022	73574	29	35507	32013
Feb 02, 2022	72926	306	32217	32015
Feb 03, 2022	77244	166	24350	33191
Feb 04, 2022	83492	158	18380	27462
Feb 05, 2022	94719	118	27289	24936
Feb 06, 2022	106816	158	33518	42657
Feb 07, 2022	96333	43	31153	41565
Feb 08, 2022	80595	29	29688	38428
Feb 09, 2022	76934	231	25292	35978
Feb 10, 2022	80593	117	19491	35234
Feb 11, 2022	84957	127	15348	29313
Feb 12, 2022	94822	98	21697	26272
Feb 13, 2022	106680	123	24895	42721
Feb 14, 2022	94034	11	23132	39816
Feb 15, 2022	78214	16	21661	36232
Feb 16, 2022	74816	155	19353	33600
Feb 17, 2022	78542	75	14114	31474
Feb 18, 2022	83040	76	11764	26103
Feb 19, 2022	92282	83	16467	23224
Feb 20, 2022	101086	65	19943	37720
Feb 21, 2022	87535	18	18326	33817
Feb 22, 2022	72054	3	17414	31109
Feb 23, 2022	68178	113	15271	27992
Feb 24, 2022	73423	57	12861	26873
Feb 25, 2022	77547	52	8716	21445
Feb 26, 2022	85601	61	14200	19448
Feb 27, 2022	91282	48	16655	30861
Feb 28, 2022	79720	11	15145	27264
Mar 01, 2022	67769	13	13182	24111
Mar 02, 2022	65317	90	11084	22101
Mar 03, 2022	67770	43	7555	21739
Mar 04, 2022	69005	42	6819	17248
Mar 05, 2022	73235	44	8769	15487
Mar 06, 2022	76948	40	9414	25031
Mar 07, 2022	65844	13	9423	21403
Mar 08, 2022	56162	4	7448	19299
Mar 09, 2022	53301	69	7579	17788
Mar 10, 2022	55150	38	4463	17190
Mar 11, 2022	56120	26	3439	14417
Mar 12, 2022	58959	32	5926	12607
Mar 13, 2022	61505	7	6511	19787
Mar 14, 2022	54421	5	5978	17020
Mar 15, 2022	46074	8	5261	16198
Mar 16, 2022	44047	42	4478	14727
Mar 17, 2022	45744	26	3260	14296
Mar 18, 2022	46476	24	2287	11884
Mar 19, 2022	47647	0	4038	10936
Mar 20, 2022	47697	1	4432	16540
Mar 21, 2022	38589	11	4113	13314
Mar 22, 2022	32083	81	3773	11867
Mar 23, 2022	28969	27	3464	9931
Mar 24, 2022	28297	14	2271	9253
Mar 25, 2022	28392	18	1587	7040
Mar 26, 2022	28724	12	2922	6230
Mar 27, 2022	29990	2	3622	9856
Mar 28, 2022	24532	3	3423	7854
Mar 29, 2022	20099	36	2781	7170
Mar 30, 2022	18852	17	1632	6172
Mar 31, 2022	19078	17	1271	6010
Apr 01, 2022	18989	15	1120	4597
Apr 02, 2022	19601	8	2885	4227
Apr 03, 2022	19791	2	3309	6503
Apr 04, 2022	16500	3	2949	5262
Apr 05, 2022	13514	25	2671	4807
Apr 06, 2022	12732	13	2030	4075
Apr 07, 2022	12999	17	1484	3813
Apr 08, 2022	13256	17	1350	3015
Apr 09, 2022	13972	8	2056	2851
Apr 10, 2022	14541	3	2573	4485
Apr 11, 2022	12287	8	2377	3743
Apr 12, 2022	10118	21	2298	3108
Apr 13, 2022	9928	13	2385	2856
Apr 14, 2022	10625	15	1505	2807
Apr 15, 2022	11203	12	1129	2258
Apr 16, 2022	11700	8	2533	2113
Apr 17, 2022	11187	8	3309	3195
Apr 18, 2022	9256	3	3325	2585
Apr 19, 2022	7786	22	3322	2237
Apr 20, 2022	8426	16	3210	2046
Apr 21, 2022	9647	16	2025	1680
Apr 22, 2022	10890	10	1853	1922
Apr 23, 2022	11615	0	3295	2095
Apr 24, 2022	11550	10	4575	3240
Apr 25, 2022	9793	5	4871	2492
Apr 26, 2022	8640	5	4928	2159
Apr 27, 2022	8456	23	4626	1989
Apr 28, 2022	9013	12	3816	1911
Apr 29, 2022	9465	23	2475	1761
Apr 30, 2022	9984	18	5137	1645
May 01, 2022	10712	18	6939	2559
May 02, 2022	9656	6	6852	2344
May 03, 2022	8438	8	6252	2168
May 04, 2022	8767	31	6143	2017
May 05, 2022	10042	18	4225	2084
May 06, 2022	11266	22	3715	2118
May 07, 2022	12455	19	6112	2204
May 08, 2022	13453	14	8674	3383
May 09, 2022	12093	10	9223	3228
May 10, 2022	10715	16	9500	2974
May 11, 2022	11011	36	8656	2836
May 12, 2022	12737	23	5426	2900
May 13, 2022	14691	32	4274	2975
May 14, 2022	16627	25	7580	3076
May 15, 2022	18169	26	9813	4707
May 16, 2022	17275	9	9572	4716
May 17, 2022	15026	10	9890	4600
May 18, 2022	15542	39	8823	4268
May 19, 2022	18200	11	7601	4552
May 20, 2022	20485	39	4671	4536
May 21, 2022	22189	31	10618	4335
May 22, 2022	23989	29	12436	7045
May 23, 2022	21161	14	12964	6366
May 24, 2022	18507	8	12061	6065
May 25, 2022	18532	12	11039	5745
May 26, 2022	21445	46	9110	6204
May 27, 2022	24448	38	4901	5349
May 28, 2022	28589	26	10648	5549
May 29, 2022	31696	28	12975	8820
May 30, 2022	28292	14	13104	8336
May 31, 2022	24225	18	11678	7775
Jun 01, 2022	24025	68	11301	7193
Jun 02, 2022	26622	40	7489	7088
Jun 03, 2022	29094	30	4892	6332
Jun 04, 2022	32629	31	9546	5904
Jun 05, 2022	35530	42	8594	9926
Jun 06, 2022	33187	18	11128	8852
Jun 07, 2022	29000	6	12637	8941
Jun 08, 2022	30669	71	11313	8202
Jun 09, 2022	34872	35	8449	8950
Jun 10, 2022	38868	49	5517	8305
Jun 11, 2022	42602	47	6506	7900
Jun 12, 2022	45722	40	10896	12888
Jun 13, 2022	41930	14	11845	11438
Jun 14, 2022	35383	6	11365	10592
Jun 15, 2022	35423	70	9794	9980
Jun 16, 2022	38382	47	6570	10073
Jun 17, 2022	41390	40	5112	8630
Jun 18, 2022	44406	29	9232	8171
Jun 19, 2022	47511	51	11082	13416
Jun 20, 2022	41558	10	10185	11685
Jun 21, 2022	34756	12	9655	10770
Jun 22, 2022	33522	72	8775	9701
Jun 23, 2022	32376	44	6215	9226
Jun 24, 2022	34267	31	4573	7546
Jun 25, 2022	39319	25	8494	6885
Jun 26, 2022	43716	45	9698	11791
Jun 27, 2022	40345	7	9113	8587
Jun 28, 2022	37261	4	7831	11813
Jun 29, 2022	31946	65	6920	9858
Jun 30, 2022	32972	43	4626	9217
Jul 01, 2022	35554	32	3674	7879
Jul 02, 2022	39002	27	7023	6909
Jul 03, 2022	41861	35	9003	8653
Jul 04, 2022	39750	5	8076	11748
Jul 05, 2022	33100	5	7963	10238
Jul 06, 2022	32076	51	7730	8795
Jul 07, 2022	34295	34	6100	8551
Jul 08, 2022	35889	31	4433	7422
Jul 09, 2022	38092	28	9044	6931
Jul 10, 2022	39905	34	9945	10936
Jul 11, 2022	35142	5	9592	9560
Jul 12, 2022	30137	8	9188	8638
Jul 13, 2022	29987	7	7997	8091
Jul 14, 2022	31523	92	6502	7854
Jul 15, 2022	32747	39	5008	6612
Jul 16, 2022	33917	28	9860	6288
Jul 17, 2022	34502	34	11697	9598
Jul 18, 2022	29490	12	11603	8129
Jul 19, 2022	25021	6	10928	7434
Jul 20, 2022	24604	67	9811	6219
Jul 21, 2022	27318	32	7504	6158
Jul 22, 2022	29189	29	5714	5345
Jul 23, 2022	31767	30	11243	5289
Jul 24, 2022	34179	23	13494	9024
Jul 25, 2022	31204	10	12908	7889
Jul 26, 2022	27738	6	11888	7572
Jul 27, 2022	29198	57	10442	7139
Jul 28, 2022	31932	35	7583	7411
Jul 29, 2022	34069	28	5513	6867
Jul 30, 2022	36359	39	6164	6541
Jul 31, 2022	37790	29	10465	10378
Aug 01, 2022	33869	6	11942	8837
Aug 02, 2022	30033	3	10771	8430
Aug 03, 2022	31459	48	9487	6601
Aug 04, 2022	36490	25	6943	6602
Aug 05, 2022	41448	28	4541	8184
Aug 06, 2022	44160	27	8312	7646
Aug 07, 2022	46298	36	9249	7532
Aug 08, 2022	46235	10	8526	12328
Aug 09, 2022	39616	8	7809	10558
Aug 10, 2022	40296	51	6951	10033
Aug 11, 2022	43706	28	4819	9376
Aug 12, 2022	47204	14	3451	9495
Aug 13, 2022	49566	0	5748	9218
Aug 14, 2022	50762	0	6948	8458
Aug 15, 2022	49853	0	6925	13732
Aug 16, 2022	41629	43	5238	11781
Aug 17, 2022	36004	8	5029	11135
Aug 18, 2022	35327	43	3818	0
Aug 19, 2022	47177	29	2478	18721
Aug 20, 2022	39188	16	5124	7626
Aug 21, 2022	41021	23	5945	6902
Aug 22, 2022	41028	2	5326	0
Aug 23, 2022	45557	5	4548	19792
Aug 24, 2022	34071	49	4006	9411
Aug 25, 2022	33842	13	2741	0
Aug 26, 2022	42336	24	1947	16290
Aug 27, 2022	33826	22	3855	6900
Aug 28, 2022	33847	19	4423	0
Aug 29, 2022	38643	8	3696	15291
Aug 30, 2022	26793	6	3185	7843
Aug 31, 2022	24692	35	1896	0
Sep 01, 2022	31583	22	1602	13154
Sep 02, 2022	25319	16	1381	0
Sep 03, 2022	30529	19	1888	11084
Sep 04, 2022	24435	14	4098	4775
Sep 05, 2022	23449	6	4660	6659
Sep 06, 2022	19262	5	4335	5660
Sep 07, 2022	18723	5	4052	5095
Sep 08, 2022	19525	42	2787	0
Sep 09, 2022	24826	15	1925	8943
Sep 10, 2022	20403	21	4016	3957
Sep 11, 2022	20425	15	4083	3619
Sep 12, 2022	19511	7	3930	0
Sep 13, 2022	21448	4	3616	10670
Sep 14, 2022	14625	36	3012	4136
Sep 15, 2022	14861	18	2193	3661
Sep 16, 2022	14868	22	1761	3615
Sep 17, 2022	14424	14	3349	3055
Sep 18, 2022	13265	0	3795	0
Sep 19, 2022	14867	28	3577	0
Sep 20, 2022	16248	7	3738	9698
Sep 21, 2022	8395	23	3428	2669
Sep 22, 2022	9816	25	2282	2231
Sep 23, 2022	12202	20	1784	1939
Sep 24, 2022	14569	25	2359	0
Sep 25, 2022	18605	0	4894	5148
Sep 26, 2022	16221	0	5308	3274
Sep 27, 2022	14870	0	4970	4565
Sep 28, 2022	14316	48	4271	0
Sep 29, 2022	18350	12	3423	7462
Sep 30, 2022	14805	52	2703	3168
Oct 01, 2022	15229	24	5743	2977
Oct 02, 2022	15242	40	6375	2799
Oct 03, 2022	14617	15	5993	4139
Oct 04, 2022	12231	2	5989	0
Oct 05, 2022	15574	53	6228	6565
Oct 06, 2022	12769	30	3867	2719
Oct 07, 2022	13605	30	3219	2674
Oct 08, 2022	14653	25	6754	2544
Oct 09, 2022	15518	24	8274	2669
Oct 10, 2022	15117	13	7131	4096
Oct 11, 2022	12799	7	6432	3433
Oct 12, 2022	11720	50	5431	3064
Oct 13, 2022	13545	28	3980	3026
Oct 14, 2022	15785	35	2587	2939
Oct 15, 2022	17801	22	3156	0
Oct 16, 2022	22051	24	3709	5715
Oct 17, 2022	19744	6	7570	13276
Oct 18, 2022	9164	14	8990	0
Oct 19, 2022	14903	57	7704	8169
Oct 20, 2022	13073	44	5319	4036
Oct 21, 2022	15012	25	4030	4222
Oct 22, 2022	16757	20	7523	7620
Oct 23, 2022	15351	30	8225	5520
Oct 24, 2022	13698	10	7235	5418
Oct 25, 2022	11471	5	6604	5623
Oct 26, 2022	12595	62	5820	0
Oct 27, 2022	20846	26	3974	10304
Oct 28, 2022	17648	33	3116	5021
Oct 29, 2022	19039	28	6589	0
Oct 30, 2022	24445	16	6904	14528
Oct 31, 2022	13897	10	6457	5605
Nov 01, 2022	10879	8	6153	4865
Nov 02, 2022	9170	54	5397	4334
Nov 03, 2022	8497	24	3636	0
Nov 04, 2022	16055	25	2698	7420
Nov 05, 2022	17573	7	5604	5244
Nov 06, 2022	20009	30	6106	5180
Nov 07, 2022	20108	4	5559	7836
Nov 08, 2022	16287	4	4684	7496
Nov 09, 2022	16312	42	4343	6762
Nov 10, 2022	17722	27	2927	5336
Nov 11, 2022	19591	28	2329	5533
Nov 12, 2022	20632	25	4876	8947
Nov 13, 2022	17480	28	5041	6535
Nov 14, 2022	14895	2	4447	5802
Nov 15, 2022	12196	8	4027	5611
Nov 16, 2022	13167	50	3522	5297
Nov 17, 2022	14724	25	2257	4342
Nov 18, 2022	16811	24	1923	4352
Nov 19, 2022	18577	27	4198	7735
Nov 20, 2022	16217	0	4230	5912
Nov 21, 2022	13917	32	3539	5493
Nov 22, 2022	11116	5	2342	5050
Nov 23, 2022	11656	51	3280	4852
Nov 24, 2022	12853	22	2335	3906
Nov 25, 2022	14462	23	2053	3946
Nov 26, 2022	15175	28	4290	6425
Nov 27, 2022	13073	0	4359	4820
Nov 28, 2022	11150	0	4009	7309
Nov 29, 2022	6160	43	3771	1211
Nov 30, 2022	9820	11	3459	3883
Dec 01, 2022	10916	46	2596	3193
Dec 02, 2022	12144	30	2159	3318
Dec 03, 2022	12820	27	4278	0
Dec 04, 2022	16314	16	4931	9392
Dec 05, 2022	9163	8	4681	0
Dec 06, 2022	11076	5	4422	7072
Dec 07, 2022	8194	51	3902	3210
Dec 08, 2022	9160	29	2685	2628
Dec 09, 2022	10047	30	2041	2552
Dec 10, 2022	9812	13	5622	0
Dec 11, 2022	13085	32	6125	0
Dec 12, 2022	15390	7	5818	0
Dec 13, 2022	17439	9	5175	0
Dec 14, 2022	21725	2	4351	12564
Dec 15, 2022	13478	17	2380	6807
Dec 16, 2022	10653	24	1344	2915
Dec 17, 2022	11481	67	2483	4578
Dec 18, 2022	10337	16	4895	3605
Dec 19, 2022	9300	6	5335	3572
Dec 20, 2022	7885	3	4419	3353
Dec 21, 2022	8802	38	3784	3323
Dec 22, 2022	10360	15	2523	3122
Dec 23, 2022	11894	19	1993	3184
Dec 24, 2022	13108	27	3803	5283
Dec 25, 2022	11700	15	3736	4287
Dec 26, 2022	10098	6	3289	3767
Dec 27, 2022	8340	4	3116	3848
Dec 28, 2022	10109	34	2577	0
Dec 29, 2022	16183	9	1850	7093
Dec 30, 2022	14886	16	1478	3889
Dec 31, 2022	16149	20	3019	6752
Jan 01, 2023	13720	15	2984	5186
Jan 02, 2023	10914	4	2582	4458
Jan 03, 2023	7800	5	2369	3703
Jan 04, 2023	6537	22	2075	3277
Jan 05, 2023	8144	24	1377	2385
Jan 06, 2023	11048	20	1174	2929
Jan 07, 2023	12508	13	2466	4074
Jan 08, 2023	12191	15	2216	5084
Jan 09, 2023	9614	2	1979	3985
Jan 10, 2023	7614	7	2006	3604
Jan 11, 2023	7808	18	1638	3164
Jan 12, 2023	8329	13	1184	2578
Jan 13, 2023	9011	14	1029	2530
Jan 14, 2023	9567	18	1994	4091
Jan 15, 2023	8040	17	2032	3118
Jan 16, 2023	6740	4	1964	2756
Jan 17, 2023	5455	3	1686	0
Jan 18, 2023	8465	19	1473	4944
Jan 19, 2023	6503	17	1079	0
Jan 20, 2023	9068	13	995	4047
Jan 21, 2023	7366	8	1914	3094
Jan 22, 2023	6280	10	1823	2409
Jan 23, 2023	5232	0	1764	2041
Jan 24, 2023	4359	1	1600	2101
Jan 25, 2023	4721	20	1427	1844
Jan 26, 2023	5055	13	1072	1608
Jan 27, 2023	5411	12	1005	1600
Jan 28, 2023	5798	8	1640	2395
Jan 29, 2023	5014	17	1771	1915
Jan 30, 2023	4268	3	1800	1677
Jan 31, 2023	3614	4	1663	1607
Feb 01, 2023	3997	19	1618	1567
Feb 02, 2023	4428	12	1325	1502
Feb 03, 2023	4881	16	1255	1398
Feb 04, 2023	5153	10	2225	2091
Feb 05, 2023	4515	12	2413	1615
Feb 06, 2023	3964	7	2434	1606
Feb 07, 2023	3349	3	2256	1470
Feb 08, 2023	3788	20	2107	3823
Feb 09, 2023	1766	12	1606	0
Feb 10, 2023	3506	14	1406	183
Feb 11, 2023	4903	13	2811	2002
Feb 12, 2023	4315	15	2951	1639
Feb 13, 2023	3733	4	2861	1483
Feb 14, 2023	3253	5	2819	1410
Feb 15, 2023	3476	27	2559	1318
Feb 16, 2023	3911	25	2031	0
Feb 17, 2023	5698	14	2222	0
Feb 18, 2023	7347	15	3798	4433
Feb 19, 2023	4514	0	3906	0
Feb 20, 2023	5822	0	3708	3173
Feb 21, 2023	3900	0	3785	1585
Feb 22, 2023	4537	0	3753	1674
Feb 23, 2023	5257	0	2848	0
Feb 24, 2023	7674	0	2772	3396
Feb 25, 2023	6521	0	4868	2668
Feb 26, 2023	5952	0	4913	2210
Feb 27, 2023	5338	0	4545	2039
Feb 28, 2023	4705	0	3955	2091
Mar 01, 2023	5424	0	3608	1963
Mar 02, 2023	6392	0	2419	0
Mar 03, 2023	9240	0	2270	0
Mar 04, 2023	12047	0	4154	7102
Mar 05, 2023	7496	0	3769	2710
Mar 06, 2023	6800	0	3400	2592
Mar 07, 2023	6427	0	3024	2602
Mar 08, 2023	7619	0	2446	2722
Mar 09, 2023	8784	0	0	0
Mar 10, 2023	12480	0	3097	5428
Mar 11, 2023	10821	0	2499	4092
Mar 12, 2023	10472	0	2288	3657
Mar 13, 2023	9651	0	2147	3426
Mar 14, 2023	8990	0	1776	3676
Mar 15, 2023	10179	0	1564	3819
Mar 16, 2023	11253	0	897	3535
Mar 17, 2023	12251	0	836	3596
Mar 18, 2023	12596	0	1485	5249
Mar 19, 2023	10942	0	1429	4031
Mar 20, 2023	9315	0	1214	3712
Mar 21, 2023	7869	0	1012	3546
Mar 22, 2023	8472	0	583	3237
Mar 23, 2023	8977	0	527	0
Mar 24, 2023	12352	0	587	5760
Mar 25, 2023	9602	0	1116	4205
Mar 26, 2023	7828	0	1089	0
Mar 27, 2023	7828	0	950	5627
Mar 28, 2023	5298	0	633	2524
Mar 29, 2023	5273	0	646	2180
Mar 30, 2023	5381	0	368	0
Mar 31, 2023	7528	0	365	0
Apr 01, 2023	9304	0	602	6226
Apr 02, 2023	4642	0	505	1850
Apr 03, 2023	3689	0	484	0
Apr 04, 2023	4525	0	459	2993
Apr 05, 2023	3017	0	348	1170
Apr 06, 2023	3276	0	219	1047
Apr 07, 2023	3443	0	225	1146
Apr 08, 2023	3309	0	415	1456
Apr 09, 2023	2436	0	392	0
Apr 10, 2023	2963	0	337	0
Apr 11, 2023	3550	0	0	0
Apr 12, 2023	4666	0	523	0
Apr 13, 2023	5755	0	118	4096
Apr 14, 2023	2609	0	110	788
Apr 15, 2023	2454	0	120	1201
Apr 16, 2023	1899	0	231	773
Apr 17, 2023	1494	0	231	597
Apr 18, 2023	1262	0	196	566
Apr 19, 2023	1298	0	161	561
Apr 20, 2023	1242	0	116	428
Apr 21, 2023	1298	0	110	0
Apr 22, 2023	1757	0	179	979
Apr 23, 2023	1126	0	152	0
Apr 24, 2023	1345	0	131	795
Apr 25, 2023	775	0	103	383
Apr 26, 2023	807	0	108	342
Apr 27, 2023	857	0	73	0
Apr 28, 2023	1194	0	62	0
Apr 29, 2023	1194	0	132	0
Apr 30, 2023	1717	0	143	1276
May 01, 2023	559	0	128	240
May 02, 2023	429	0	71	175
May 03, 2023	374	0	66	203
May 04, 2023	402	0	52	134
May 05, 2023	499	0	31	152
May 06, 2023	543	0	88	180
May 07, 2023	524	0	89	240
May 08, 2023	400	0	88	141
May 09, 2023	369	0	59	0
May 10, 2023	548	0	54	305
May 11, 2023	395	0	31	0
May 12, 2023	526	0	19	255
May 13, 2023	374	0	52	181
May 14, 2023	301	0	60	0
May 15, 2023	374	0	43	219
May 16, 2023	217	0	49	97
May 17, 2023	252	0	38	104
May 18, 2023	291	0	18	0
May 19, 2023	419	0	21	186
May 20, 2023	304	0	42	123
May 21, 2023	247	0	42	112
May 22, 2023	187	0	24	63
May 23, 2023	155	0	25	74
May 24, 2023	169	0	38	77
May 25, 2023	181	0	18	54
May 26, 2023	215	0	13	64
May 27, 2023	210	0	46	85
May 28, 2023	179	0	42	66
May 29, 2023	144	0	40	42
May 30, 2023	121	0	20	68
May 31, 2023	105	0	32	36
Jun 01, 2023	129	0	20	43
Jun 02, 2023	129	0	14	33
Jun 03, 2023	145	0	36	60
Jun 04, 2023	123	0	22	52
Jun 05, 2023	89	0	17	34
Jun 06, 2023	76	0	20	32
Jun 07, 2023	86	0	30	42
Jun 08, 2023	86	0	17	24
Jun 09, 2023	86	0	19	27
Jun 10, 2023	84	0	18	42
Jun 11, 2023	80	0	29	31
Jun 12, 2023	67	0	26	26
Jun 13, 2023	54	0	19	22
Jun 14, 2023	78	0	32	23
Jun 15, 2023	97	0	5	24
Jun 16, 2023	113	0	11	22
Jun 17, 2023	111	0	23	51
Jun 18, 2023	92	0	24	28
Jun 19, 2023	84	0	29	38
Jun 20, 2023	60	0	15	26
Jun 21, 2023	70	0	15	27
Jun 22, 2023	65	0	11	20
Jun 23, 2023	62	0	13	20
Jun 24, 2023	62	0	39	32
Jun 25, 2023	60	0	25	17
Jun 26, 2023	60	0	25	16
Jun 27, 2023	63	0	19	19
Jun 28, 2023	62	0	14	29
Jun 29, 2023	62	0	12	25
Jun 30, 2023	63	0	16	18
Jul 01, 2023	64	0	29	26
Jul 02, 2023	70	0	26	30
Jul 03, 2023	45	0	32	15
Jul 04, 2023	41	0	34	23
Jul 05, 2023	41	0	27	19
Jul 06, 2023	46	0	18	16
Jul 07, 2023	59	0	21	0
Jul 08, 2023	74	0	47	34
Jul 09, 2023	55	0	0	0
Jul 10, 2023	66	0	102	41
Jul 11, 2023	38	0	49	18
Jul 12, 2023	59	0	40	12
Jul 13, 2023	72	0	22	24
Jul 14, 2023	73	0	37	22
Jul 15, 2023	70	0	61	38
Jul 16, 2023	46	0	78	0
Jul 17, 2023	58	0	49	32
Jul 18, 2023	42	0	57	20
Jul 19, 2023	51	0	49	22
Jul 20, 2023	55	0	29	13
Jul 21, 2023	74	0	37	21
Jul 22, 2023	87	0	75	31
Jul 23, 2023	83	0	88	29
Jul 24, 2023	72	0	83	23
Jul 25, 2023	70	0	67	28
Jul 26, 2023	89	0	0	0
Jul 27, 2023	89	0	0	55
Jul 28, 2023	136	0	139	44
Jul 29, 2023	141	0	76	55
Jul 30, 2023	126	0	47	44
Jul 31, 2023	104	0	0	36
Aug 01, 2023	105	0	187	50
Aug 02, 2023	116	0	0	44
Aug 03, 2023	150	0	0	44
Aug 04, 2023	155	0	144	43
Aug 05, 2023	169	0	0	71
Aug 06, 2023	147	0	0	50
Aug 07, 2023	126	0	307	50
Aug 08, 2023	113	0	93	0
Aug 09, 2023	188	0	0	0
Aug 10, 2023	276	0	0	0
Aug 11, 2023	359	0	0	224
Aug 12, 2023	202	0	316	0
Aug 13, 2023	202	0	0	0
Aug 14, 2023	202	0	143	188
Aug 15, 2023	153	0	54	63
Aug 16, 2023	166	0	53	69
Aug 17, 2023	144	0	53	0
Aug 18, 2023	144	0	53	104
Aug 19, 2023	227	0	53	0
Aug 20, 2023	227	0	53	0
Aug 21, 2023	227	0	82	228
Aug 22, 2023	143	0	82	0
Aug 23, 2023	143	0	82	0
Aug 24, 2023	143	0	82	215
Aug 25, 2023	235	0	82	73
Aug 26, 2023	255	0	82	0
Aug 27, 2023	255	0	81	0
Aug 28, 2023	255	0	81	0
Aug 29, 2023	255	0	211	371
Aug 30, 2023	200	0	210	0
Aug 31, 2023	200	0	210	83
Sep 01, 2023	260	0	210	0
Sep 02, 2023	314	0	210	0
Sep 03, 2023	367	0	210	0
Sep 04, 2023	420	0	210	0
Sep 05, 2023	473	0	210	0
Sep 06, 2023	526	0	210	491
Sep 07, 2023	88	0	258	0
Sep 08, 2023	170	0	258	0
Sep 09, 2023	252	0	258	0
Sep 10, 2023	334	0	258	0
Sep 11, 2023	416	0	257	0
Sep 12, 2023	498	0	257	0
Sep 13, 2023	580	0	257	0
Sep 14, 2023	661	0	298	649
Sep 15, 2023	93	0	298	0
Sep 16, 2023	304	0	298	0
Sep 17, 2023	514	0	298	0
Sep 18, 2023	724	0	297	0
Sep 19, 2023	934	0	297	0
Sep 20, 2023	1144	0	297	0
Sep 21, 2023	1354	0	437	790
Sep 22, 2023	774	0	437	0
Sep 23, 2023	984	0	436	0
Sep 24, 2023	1194	0	436	0
Sep 25, 2023	1452	0	436	0
Sep 26, 2023	1710	0	436	0
Sep 27, 2023	1968	0	436	0
Sep 28, 2023	2226	0	491	0
Sep 29, 2023	2483	0	491	0
Sep 30, 2023	2740	0	491	864
Oct 01, 2023	2133	0	490	0
Oct 02, 2023	2431	0	490	0
Oct 03, 2023	2729	0	490	0
Oct 04, 2023	3027	0	490	0
Oct 05, 2023	3325	0	500	0
Oct 06, 2023	3622	0	500	1354
Oct 07, 2023	2565	0	500	0
Oct 08, 2023	2862	0	500	0
Oct 09, 2023	3299	0	500	0
Oct 10, 2023	3736	0	500	0
Oct 11, 2023	4172	0	500	0
Oct 12, 2023	4608	0	584	0
Oct 13, 2023	5044	0	584	1774
Oct 14, 2023	3706	0	584	0
Oct 15, 2023	4142	0	584	0
Oct 16, 2023	4633	0	584	0
Oct 17, 2023	5124	0	584	0
Oct 18, 2023	5615	0	583	0
Oct 19, 2023	6105	0	552	0
Oct 20, 2023	6595	0	552	2091
Oct 21, 2023	4994	0	552	0
Oct 22, 2023	5484	0	551	0
Oct 23, 2023	5984	0	551	0
Oct 24, 2023	6484	0	551	0
Oct 25, 2023	6984	0	551	0
Oct 26, 2023	7484	0	540	0
Oct 27, 2023	7984	0	540	2952
Oct 28, 2023	5532	0	540	3418
Oct 29, 2023	2614	0	539	0
Oct 30, 2023	3198	0	539	0
Oct 31, 2023	3782	0	539	0
Nov 01, 2023	4366	0	539	0
Nov 02, 2023	4950	0	452	0
Nov 03, 2023	5534	0	452	0
Nov 04, 2023	6118	0	452	0
Nov 05, 2023	6701	0	452	0
Nov 06, 2023	7253	0	452	0
Nov 07, 2023	7805	0	451	0
Nov 08, 2023	8357	0	451	0
Nov 09, 2023	8908	0	312	0
Nov 10, 2023	9459	0	312	0
Nov 11, 2023	10010	0	311	3539
Nov 12, 2023	7022	0	311	8006
Nov 13, 2023	-444	0	311	0
Nov 14, 2023	96	0	311	0
Nov 15, 2023	636	0	311	0
Nov 16, 2023	1175	0	0	0
Nov 17, 2023	1714	0	0	0
Nov 18, 2023	2253	0	0	0
Nov 19, 2023	2792	0	0	0
Nov 20, 2023	3244	0	0	0
Nov 21, 2023	3696	0	0	0
Nov 22, 2023	4148	0	0	0
Nov 23, 2023	4600	0	1689	0
Nov 24, 2023	5052	0	0	0
Nov 25, 2023	5503	0	0	0
Nov 26, 2023	5954	0	0	0
Nov 27, 2023	6266	0	0	0
Nov 28, 2023	6578	0	0	0
Nov 29, 2023	6889	0	0	0
Nov 30, 2023	7200	0	1966	0
Dec 01, 2023	7511	0	0	0
Dec 02, 2023	7822	0	0	0
Dec 03, 2023	8133	0	0	0
Dec 04, 2023	8133	0	0	0
Dec 05, 2023	8133	0	0	0
Dec 06, 2023	8133	0	2121	0
Dec 07, 2023	8133	0	0	0
Dec 08, 2023	8133	0	0	0
Dec 09, 2023	8133	0	0	0
Dec 10, 2023	8133	0	0	0
Dec 11, 2023	9822	0	0	0
Dec 12, 2023	9822	0	0	0
Dec 13, 2023	9822	0	0	0
Dec 14, 2023	9822	0	0	0
Dec 15, 2023	9822	0	0	0
Dec 16, 2023	9822	0	0	0
Dec 17, 2023	9822	0	0	0
Dec 18, 2023	11788	0	0	0
Dec 19, 2023	11788	0	2478	0
Dec 20, 2023	11788	0	0	0
Dec 21, 2023	11788	0	0	0
Dec 22, 2023	11788	0	2411	0
Dec 23, 2023	11788	0	0	0
Dec 24, 2023	13909	0	0	0
Dec 25, 2023	13909	0	2817	0
Dec 26, 2023	13909	0	0	0
Dec 27, 2023	13909	0	0	0
Dec 28, 2023	13909	0	0	0
Dec 29, 2023	13909	0	0	0
Dec 30, 2023	13909	0	0	0
Dec 31, 2023	13909	0	0	0
Jan 01, 2024	13909	0	0	0
Jan 02, 2024	13909	0	0	0
Jan 03, 2024	13909	0	0	0
Jan 04, 2024	13909	0	0	0
Jan 05, 2024	13909	0	0	0
Jan 06, 2024	16387	0	0	0
Jan 07, 2024	16387	0	0	0
Jan 08, 2024	16387	0	3436	0
Jan 09, 2024	18798	0	0	0
Jan 10, 2024	18798	0	3982	0
Jan 11, 2024	18798	0	0	0
Jan 12, 2024	21615	0	0	0
Jan 13, 2024	21615	0	0	0
Jan 14, 2024	21615	0	0	0
Jan 15, 2024	21615	0	0	0
Jan 16, 2024	21615	0	0	0
Jan 17, 2024	21615	0	4857	0
Jan 18, 2024	21615	0	0	0
Jan 19, 2024	21615	0	0	0
Jan 20, 2024	21615	0	0	0
Jan 21, 2024	21615	0	0	0
Jan 22, 2024	21615	0	0	0
Jan 23, 2024	21615	0	0	0
Jan 24, 2024	21615	0	5466	0
Jan 25, 2024	21615	0	0	0
Jan 26, 2024	25051	0	0	0
Jan 27, 2024	25051	0	0	0
Jan 28, 2024	29033	0	0	0
Jan 29, 2024	29033	0	0	0
Jan 30, 2024	29033	0	6661	0
Jan 31, 2024	29033	0	0	0
Feb 01, 2024	29033	0	0	0
Feb 02, 2024	29033	0	0	0
Feb 03, 2024	29033	0	0	0
Feb 04, 2024	33890	0	0	0
Feb 05, 2024	33890	0	0	0
Feb 06, 2024	33890	0	0	0
Feb 07, 2024	33890	0	6797	0
Feb 08, 2024	33890	0	0	0
Feb 09, 2024	33890	0	0	0
Feb 10, 2024	33890	0	0	0
Feb 11, 2024	39356	0	0	0
Feb 12, 2024	39356	0	0	0
Feb 13, 2024	39356	0	0	0
Feb 14, 2024	39356	0	0	0
Feb 15, 2024	39356	0	0	0
Feb 16, 2024	39356	0	0	0
Feb 17, 2024	46017	0	0	0
Feb 18, 2024	46017	NA	0	0
Feb 19, 2024	46017	NA	0	0
Feb 20, 2024	46017	NA	0	0
Feb 21, 2024	46017	NA	0	0
Feb 22, 2024	46017	NA	0	0
Feb 23, 2024	46017	NA	0	0
Feb 24, 2024	46017	NA	6838	0
Feb 25, 2024	52814	NA	0	0
Feb 26, 2024	52814	NA	0	0
Feb 27, 2024	52814	NA	0	0
Feb 28, 2024	52814	NA	0	0
Feb 29, 2024	52814	NA	0	0
Mar 01, 2024	52814	NA	0	0
Mar 02, 2024	52814	NA	0	0
Mar 03, 2024	52814	NA	0	0
Mar 04, 2024	52814	NA	0	0
Mar 05, 2024	52814	NA	0	0
Mar 06, 2024	52814	NA	0	0
Mar 07, 2024	52814	NA	NA	0
Mar 08, 2024	52814	NA	NA	0
Mar 09, 2024	52814	NA	NA	0
Mar 10, 2024	52814	NA	NA	0
Mar 11, 2024	52814	NA	NA	0
Mar 12, 2024	52814	NA	NA	0
Mar 13, 2024	59652	NA	NA	0
Mar 14, 2024	59652	NA	NA	0
Mar 15, 2024	59652	NA	NA	0
Mar 16, 2024	59652	NA	NA	0
Mar 17, 2024	59652	NA	NA	0
Mar 18, 2024	59652	NA	NA	0
Mar 19, 2024	59652	NA	NA	0
Mar 20, 2024	59652	NA	NA	0
Mar 21, 2024	59652	NA	NA	0
Mar 22, 2024	59652	NA	NA	0
Mar 23, 2024	59652	NA	NA	0
Mar 24, 2024	59652	NA	NA	NA
