Dates	Active	Deaths	Newcases	recover
Feb 15, 2020	708	1	0	0
Feb 16, 2020	734	1	4	0
Feb 17, 2020	762	0	1	0
Feb 18, 2020	790	1	5	0
Feb 19, 2020	808	1	6	0
Feb 20, 2020	865	0	5	0
Feb 21, 2020	927	0	9	0
Feb 22, 2020	987	0	20	0
Feb 23, 2020	1062	0	17	0
Feb 24, 2020	1170	2	36	0
Feb 25, 2020	1299	1	21	0
Feb 26, 2020	1446	2	52	0
Feb 27, 2020	1626	4	61	0
Feb 28, 2020	1943	2	49	0
Feb 29, 2020	2181	0	68	0
Mar 01, 2020	2857	2	70	0
Mar 02, 2020	3642	4	111	0
Mar 03, 2020	4417	9	98	0
Mar 04, 2020	5350	2	115	0
Mar 05, 2020	6604	10	152	0
Mar 06, 2020	8183	14	150	0
Mar 07, 2020	9971	14	170	0
Mar 08, 2020	12105	8	168	0
Mar 09, 2020	15420	15	249	0
Mar 10, 2020	19879	13	224	0
Mar 11, 2020	24431	22	193	0
Mar 12, 2020	30194	30	256	0
Mar 13, 2020	37768	15	243	1
Mar 14, 2020	44655	7	392	0
Mar 15, 2020	52299	27	437	0
Mar 16, 2020	61486	24	244	0
Mar 17, 2020	69407	13	475	0
Mar 18, 2020	77994	18	311	0
Mar 19, 2020	86212	23	435	0
Mar 20, 2020	95860	28	357	0
Mar 21, 2020	102276	18	370	0
Mar 22, 2020	108030	15	380	0
Mar 23, 2020	114769	13	401	0
Mar 24, 2020	120577	20	318	6
Mar 25, 2020	125101	21	260	0
Mar 26, 2020	128912	25	268	0
Mar 27, 2020	131687	28	380	0
Mar 28, 2020	133117	40	336	0
Mar 29, 2020	133986	30	461	0
Mar 30, 2020	135995	11	363	0
Mar 31, 2020	137053	27	545	49
Apr 01, 2020	138061	34	306	0
Apr 02, 2020	137318	28	263	0
Apr 03, 2020	137030	20	313	60
Apr 04, 2020	136132	7	342	18
Apr 05, 2020	134689	13	381	28
Apr 06, 2020	135062	14	381	29
Apr 07, 2020	134680	20	344	31
Apr 08, 2020	132487	18	285	62
Apr 09, 2020	130872	17	316	34
Apr 10, 2020	129812	22	422	57
Apr 11, 2020	128645	21	237	64
Apr 12, 2020	126954	9	228	48
Apr 13, 2020	126197	15	270	131
Apr 14, 2020	125111	11	318	50
Apr 15, 2020	123520	28	313	106
Apr 16, 2020	121488	22	425	92
Apr 17, 2020	122998	22	309	115
Apr 18, 2020	122854	24	307	59
Apr 19, 2020	119659	8	319	93
Apr 20, 2020	118687	10	285	164
Apr 21, 2020	117502	11	345	216
Apr 22, 2020	115206	12	330	227
Apr 23, 2020	112388	14	595	204
Apr 24, 2020	94741	10	283	182
Apr 25, 2020	90667	10	411	139
Apr 26, 2020	86755	11	401	201
Apr 27, 2020	84006	3	241	189
Apr 28, 2020	81461	11	272	370
Apr 29, 2020	72708	17	356	211
Apr 30, 2020	68139	4	383	255
May 01, 2020	64103	10	471	271
May 02, 2020	60652	13	404	183
May 03, 2020	58627	10	476	150
May 04, 2020	55902	3	312	185
May 05, 2020	52949	10	395	375
May 06, 2020	48364	18	305	207
May 07, 2020	43908	23	443	322
May 08, 2020	39499	2	399	253
May 09, 2020	34813	20	352	261
May 10, 2020	31673	16	330	118
May 11, 2020	30718	4	416	315
May 12, 2020	29640	9	215	279
May 13, 2020	28128	17	379	286
May 14, 2020	26482	23	230	222
May 15, 2020	24759	9	292	257
May 16, 2020	22864	7	361	276
May 17, 2020	21305	15	362	177
May 18, 2020	20249	10	576	275
May 19, 2020	19745	9	575	280
May 20, 2020	18807	16	599	269
May 21, 2020	18050	14	400	279
May 22, 2020	17222	30	282	246
May 23, 2020	16408	18	359	217
May 24, 2020	15634	12	376	82
May 25, 2020	15472	10	440	744
May 26, 2020	15506	3	375	310
May 27, 2020	15255	16	396	230
May 28, 2020	14962	21	407	132
May 29, 2020	14731	16	506	324
May 30, 2020	14310	17	314	255
May 31, 2020	13806	6	301	178
Jun 01, 2020	13581	3	304	277
Jun 02, 2020	13538	6	311	288
Jun 03, 2020	13463	19	296	213
Jun 04, 2020	13526	14	300	183
Jun 05, 2020	13710	15	294	231
Jun 06, 2020	13644	15	298	214
Jun 07, 2020	13544	5	276	143
Jun 08, 2020	13719	5	319	198
Jun 09, 2020	13785	4	193	215
Jun 10, 2020	13570	7	247	285
Jun 11, 2020	13357	14	239	109
Jun 12, 2020	13090	9	382	299
Jun 13, 2020	12678	11	371	122
Jun 14, 2020	12230	6	259	157
Jun 15, 2020	12208	3	314	271
Jun 16, 2020	12186	5	231	267
Jun 17, 2020	11914	12	205	396
Jun 18, 2020	11607	6	257	381
Jun 19, 2020	11376	11	277	483
Jun 20, 2020	11089	7	262	502
Jun 21, 2020	10709	6	265	393
Jun 22, 2020	10675	6	305	497
Jun 23, 2020	10708	3	370	561
Jun 24, 2020	10518	9	299	520
Jun 25, 2020	10300	6	267	564
Jun 26, 2020	10269	9	264	754
Jun 27, 2020	10037	4	333	576
Jun 28, 2020	9793	9	353	349
Jun 29, 2020	9900	7	339	384
Jun 30, 2020	10118	5	358	510
Jul 01, 2020	10270	6	279	418
Jul 02, 2020	10306	12	399	442
Jul 03, 2020	10423	15	380	476
Jul 04, 2020	10480	7	418	619
Jul 05, 2020	10434	5	458	220
Jul 06, 2020	10914	10	584	272
Jul 07, 2020	11525	1	443	640
Jul 08, 2020	12055	6	337	599
Jul 09, 2020	12675	18	502	571
Jul 10, 2020	13493	18	512	587
Jul 11, 2020	14079	13	615	513
Jul 12, 2020	14608	13	657	367
Jul 13, 2020	15886	7	658	241
Jul 14, 2020	17299	2	548	736
Jul 15, 2020	18884	12	575	436
Jul 16, 2020	20350	9	680	577
Jul 17, 2020	22130	14	640	419
Jul 18, 2020	23667	14	726	368
Jul 19, 2020	25007	11	809	247
Jul 20, 2020	27160	8	843	232
Jul 21, 2020	29327	8	624	368
Jul 22, 2020	31452	11	619	402
Jul 23, 2020	33410	17	551	456
Jul 24, 2020	35605	12	715	422
Jul 25, 2020	37344	13	811	334
Jul 26, 2020	38840	13	832	103
Jul 27, 2020	41562	4	771	187
Jul 28, 2020	44481	5	594	147
Jul 29, 2020	47345	17	595	453
Jul 30, 2020	50070	17	597	344
Jul 31, 2020	53171	16	735	387
Aug 01, 2020	56330	8	767	335
Aug 02, 2020	58531	14	903	172
Aug 03, 2020	62197	1	900	175
Aug 04, 2020	66380	6	581	265
Aug 05, 2020	70254	19	548	321
Aug 06, 2020	73969	20	763	399
Aug 07, 2020	78332	14	729	362
Aug 08, 2020	81540	8	887	288
Aug 09, 2020	84331	13	791	186
Aug 10, 2020	89414	7	759	273
Aug 11, 2020	94842	4	631	461
Aug 12, 2020	99905	12	502	350
Aug 13, 2020	104575	11	550	401
Aug 14, 2020	109710	12	595	491
Aug 15, 2020	113479	10	612	277
Aug 16, 2020	116235	13	691	229
Aug 17, 2020	121383	6	567	284
Aug 18, 2020	128039	15	437	456
Aug 19, 2020	133922	24	302	382
Aug 20, 2020	139829	10	400	548
Aug 21, 2020	146913	16	421	632
Aug 22, 2020	151128	17	506	522
Aug 23, 2020	154341	12	594	265
Aug 24, 2020	160270	11	603	336
Aug 25, 2020	168380	5	502	615
Aug 26, 2020	175017	18	377	698
Aug 27, 2020	181189	28	605	688
Aug 28, 2020	188673	25	600	751
Aug 29, 2020	192636	23	837	656
Aug 30, 2020	195249	32	757	446
Aug 31, 2020	199937	8	1002	392
Sep 01, 2020	208372	15	910	835
Sep 02, 2020	214650	36	748	728
Sep 03, 2020	220262	30	711	1227
Sep 04, 2020	227018	30	974	2526
Sep 05, 2020	231035	27	1136	1910
Sep 06, 2020	233013	34	1587	857
Sep 07, 2020	238073	26	1584	797
Sep 08, 2020	245330	29	1350	1225
Sep 09, 2020	250982	58	1306	934
Sep 10, 2020	256137	74	1326	779
Sep 11, 2020	261598	76	1552	877
Sep 12, 2020	264564	52	1967	934
Sep 13, 2020	265431	53	2292	438
Sep 14, 2020	270376	32	2367	451
Sep 15, 2020	277581	34	1934	562
Sep 16, 2020	282620	63	2006	615
Sep 17, 2020	285855	116	2236	587
Sep 18, 2020	291739	91	3003	549
Sep 19, 2020	291788	132	4280	441
Sep 20, 2020	289387	84	4739	302
Sep 21, 2020	292784	49	5300	368
Sep 22, 2020	299175	41	4178	589
Sep 23, 2020	302749	107	4394	597
Sep 24, 2020	303707	130	5068	582
Sep 25, 2020	305669	168	6526	586
Sep 26, 2020	303964	153	8099	578
Sep 27, 2020	299491	178	7705	516
Sep 28, 2020	301446	87	9622	535
Sep 29, 2020	305687	45	8536	740
Sep 30, 2020	307372	130	7482	706
Oct 01, 2020	306722	236	9291	952
Oct 02, 2020	307219	301	10040	856
Oct 03, 2020	304894	202	12107	794
Oct 04, 2020	300790	280	13632	549
Oct 05, 2020	303331	152	13628	606
Oct 06, 2020	308450	92	11742	1188
Oct 07, 2020	311458	227	10241	1144
Oct 08, 2020	312657	372	16300	1385
Oct 09, 2020	314320	367	18820	1107
Oct 10, 2020	313527	445	20156	1320
Oct 11, 2020	310385	349	21629	899
Oct 12, 2020	311825	236	21897	803
Oct 13, 2020	318012	173	17171	1843
Oct 14, 2020	323519	330	15578	1741
Oct 15, 2020	327541	429	19364	2185
Oct 16, 2020	332584	275	24692	2389
Oct 17, 2020	335005	419	27143	2489
Oct 18, 2020	333486	548	27086	1363
Oct 19, 2020	345385	303	27875	1942
Oct 20, 2020	360573	143	24785	2928
Oct 21, 2020	372529	357	21713	3320
Oct 22, 2020	381321	603	25454	2888
Oct 23, 2020	391593	637	25221	4252
Oct 24, 2020	397509	626	22683	3275
Oct 25, 2020	400884	574	24051	2683
Oct 26, 2020	415152	330	25571	3935
Oct 27, 2020	431622	156	21854	4267
Oct 28, 2020	444246	540	20816	5763
Oct 29, 2020	453975	674	19152	5457
Oct 30, 2020	465197	580	19883	5556
Oct 31, 2020	471151	579	23975	6315
Nov 01, 2020	475904	599	22464	7818
Nov 02, 2020	486894	283	23602	5573
Nov 03, 2020	500583	121	18467	8974
Nov 04, 2020	509567	449	37596	8721
Nov 05, 2020	516363	609	10133	10994
Nov 06, 2020	523066	620	15365	11835
Nov 07, 2020	525687	531	16931	8853
Nov 08, 2020	524471	502	17059	10008
Nov 09, 2020	530604	228	15177	11290
Nov 10, 2020	539141	92	11486	12214
Nov 11, 2020	544435	411	5741	11474
Nov 12, 2020	544638	568	9073	13231
Nov 13, 2020	542985	470	13880	14635
Nov 14, 2020	538446	544	14835	12568
Nov 15, 2020	530438	502	13236	11239
Nov 16, 2020	529563	188	12430	18260
Nov 17, 2020	530023	96	9174	18601
Nov 18, 2020	521463	349	4421	19003
Nov 19, 2020	508945	605	8310	19914
Nov 20, 2020	497337	431	12169	25275
Nov 21, 2020	484223	426	13744	16896
Nov 22, 2020	468599	483	13112	14897
Nov 23, 2020	460631	143	11496	15849
Nov 24, 2020	454572	77	8977	14810
Nov 25, 2020	440967	309	4863	25342
Nov 26, 2020	425809	472	6908	21767
Nov 27, 2020	412475	497	12454	21637
Nov 28, 2020	398516	240	11950	21156
Nov 29, 2020	382296	69	10992	18085
Nov 30, 2020	373251	57	11263	20075
Dec 01, 2020	365971	29	8594	25391
Dec 02, 2020	354843	307	4633	23580
Dec 03, 2020	340650	568	7189	19853
Dec 04, 2020	327746	534	12361	21497
Dec 05, 2020	314235	400	13119	18810
Dec 06, 2020	299975	102	8907	15726
Dec 07, 2020	291696	61	5212	16399
Dec 08, 2020	285765	42	3678	29396
Dec 09, 2020	277691	341	2921	23878
Dec 10, 2020	269708	553	7739	23237
Dec 11, 2020	263591	187	13022	25185
Dec 12, 2020	257325	331	13285	18354
Dec 13, 2020	249496	439	11069	10260
Dec 14, 2020	248261	177	6988	10593
Dec 15, 2020	250158	78	5692	12902
Dec 16, 2020	247543	326	4404	10699
Dec 17, 2020	243986	482	7693	12227
Dec 18, 2020	242813	383	14216	12147
Dec 19, 2020	241335	386	12027	10546
Dec 20, 2020	238206	369	8986	7748
Dec 21, 2020	241155	142	10271	8255
Dec 22, 2020	246504	52	9651	10906
Dec 23, 2020	249231	291	4447	10698
Dec 24, 2020	250463	444	5642	8807
Dec 25, 2020	249788	420	9074	7698
Dec 26, 2020	251675	345	9599	7229
Dec 27, 2020	253039	346	7675	5766
Dec 28, 2020	262380	110	7327	8629
Dec 29, 2020	273468	38	6116	11884
Dec 30, 2020	282228	264	3326	10249
Dec 31, 2020	286843	389	4859	10143
Jan 01, 2021	290603	390	6775	9155
Jan 02, 2021	297485	335	7205	7657
Jan 03, 2021	304250	303	6749	6461
Jan 04, 2021	321112	98	6205	9338
Jan 05, 2021	343710	43	4938	8852
Jan 06, 2021	354883	253	2418	7872
Jan 07, 2021	374015	424	4605	8983
Jan 08, 2021	395988	444	6786	9139
Jan 09, 2021	410883	367	7157	9580
Jan 10, 2021	422160	283	6144	7142
Jan 11, 2021	445759	93	5869	7666
Jan 12, 2021	472431	46	4703	8997
Jan 13, 2021	494889	228	2507	8700
Jan 14, 2021	514726	360	4325	8827
Jan 15, 2021	538658	456	6801	8437
Jan 16, 2021	553987	248	6496	8239
Jan 17, 2021	563805	284	6054	6393
Jan 18, 2021	585098	98	5962	9315
Jan 19, 2021	609637	25	4728	10325
Jan 20, 2021	627414	197	2401	8373
Jan 21, 2021	641648	280	4059	0
Jan 22, 2021	651434	273	6935	7050
Jan 23, 2021	663279	241	7007	7664
Jan 24, 2021	674479	254	6378	7290
Jan 25, 2021	693748	94	6586	5839
Jan 26, 2021	711065	18	5333	2692
Jan 27, 2021	725329	247	2541	4625
Jan 28, 2021	735186	372	5183	6460
Jan 29, 2021	747261	286	8695	7222
Jan 30, 2021	753953	259	9068	5893
Jan 31, 2021	758527	302	8776	6169
Feb 01, 2021	768327	114	8512	4760
Feb 02, 2021	780669	23	7039	2302
Feb 03, 2021	786781	259	3884	4465
Feb 04, 2021	786681	309	6311	6524
Feb 05, 2021	794551	289	12147	6884
Feb 06, 2021	783947	265	12139	5590
Feb 07, 2021	766027	245	11536	5695
Feb 08, 2021	760756	126	12102	4618
Feb 09, 2021	755781	32	10099	2161
Feb 10, 2021	742086	282	4785	4466
Feb 11, 2021	726572	399	7937	6026
Feb 12, 2021	708253	375	15701	6340
Feb 13, 2021	687443	352	15252	5564
Feb 14, 2021	661258	343	15827	5639
Feb 15, 2021	648158	110	14852	4773
Feb 16, 2021	637741	28	13573	2155
Feb 17, 2021	618939	373	6169	4068
Feb 18, 2021	601632	453	9971	6550
Feb 19, 2021	584381	356	17326	7110
Feb 20, 2021	565473	422	21143	6088
Feb 21, 2021	549715	350	18789	5959
Feb 22, 2021	535845	140	21062	5143
Feb 23, 2021	524382	65	17258	2465
Feb 24, 2021	504823	400	10894	5361
Feb 25, 2021	487267	575	14397	8210
Feb 26, 2021	465668	522	25048	8909
Feb 27, 2021	445078	443	27276	8368
Feb 28, 2021	421156	448	26049	8032
Mar 01, 2021	407755	131	26406	7171
Mar 02, 2021	398252	47	21850	3447
Mar 03, 2021	381184	461	14577	7140
Mar 04, 2021	361135	652	17565	10945
Mar 05, 2021	339429	624	29977	12044
Mar 06, 2021	316498	498	34153	10960
Mar 07, 2021	294089	571	35145	11515
Mar 08, 2021	284278	204	31770	9270
Mar 09, 2021	275542	64	29261	4552
Mar 10, 2021	282513	60	16957	8635
Mar 11, 2021	254364	640	20887	13944
Mar 12, 2021	259584	954	32876	15667
Mar 13, 2021	263331	768	35246	14076
Mar 14, 2021	266384	749	30546	14228
Mar 15, 2021	270873	244	28084	12709
Mar 16, 2021	275745	62	22966	6001
Mar 17, 2021	281658	645	9903	10667
Mar 18, 2021	200075	803	8243	16440
Mar 19, 2021	205237	683	14913	19778
Mar 20, 2021	208830	596	27899	16777
Mar 21, 2021	211742	616	28523	19181
Mar 22, 2021	174041	207	24886	17867
Mar 23, 2021	174044	101	21706	13971
Mar 24, 2021	172991	600	11989	15010
Mar 25, 2021	172134	741	13210	24367
Mar 26, 2021	170567	694	21279	27845
Mar 27, 2021	175695	541	21129	23854
Mar 28, 2021	179876	513	17870	25509
Mar 29, 2021	164080	193	15761	23768
Mar 30, 2021	164855	22	12172	13726
Mar 31, 2021	167409	460	7281	20254
Apr 01, 2021	168023	635	9242	29070
Apr 02, 2021	167607	541	13927	34745
Apr 03, 2021	165479	428	12770	32439
Apr 04, 2021	164556	423	10863	30875
Apr 05, 2021	165181	144	9510	27269
Apr 06, 2021	168598	37	7235	18120
Apr 07, 2021	172742	28	3453	21807
Apr 08, 2021	178688	350	5707	31272
Apr 09, 2021	182507	509	8894	35289
Apr 10, 2021	188662	453	8420	28236
Apr 11, 2021	197728	420	6802	26481
Apr 12, 2021	190088	147	6473	21873
Apr 13, 2021	193320	5	4610	10146
Apr 14, 2021	199347	319	2525	8837
Apr 15, 2021	204116	343	2299	16594
Apr 16, 2021	208715	343	3892	29989
Apr 17, 2021	209401	289	6431	25924
Apr 18, 2021	212783	298	6053	23833
Apr 19, 2021	214676	55	4769	19674
Apr 20, 2021	219196	11	3851	11578
Apr 21, 2021	225042	246	2031	14557
Apr 22, 2021	230419	329	3002	20670
Apr 23, 2021	235226	250	3948	21202
Apr 24, 2021	234365	191	3694	16753
Apr 25, 2021	234755	191	3289	15593
Apr 26, 2021	236024	46	2897	12031
Apr 27, 2021	239568	17	2169	6938
Apr 28, 2021	242205	151	1109	9806
Apr 29, 2021	252270	209	1727	13030
Apr 30, 2021	248023	135	2348	14048
May 01, 2021	252471	117	2087	10110
May 02, 2021	252162	125	1678	8876
May 03, 2021	247982	56	1517	7087
May 04, 2021	252446	7	1075	3753
May 05, 2021	248414	111	565	6067
May 06, 2021	249802	128	996	8308
May 07, 2021	249336	91	1239	8020
May 08, 2021	243325	26	1227	6422
May 09, 2021	238063	38	947	6533
May 10, 2021	236492	13	775	4211
May 11, 2021	232155	8	579	2274
May 12, 2021	231256	95	330	2232
May 13, 2021	230727	108	583	4526
May 14, 2021	226699	84	657	6358
May 15, 2021	220059	68	572	5339
May 16, 2021	214722	47	317	4729
May 17, 2021	211820	11	415	3513
May 18, 2021	207330	1	310	1716
May 19, 2021	206543	52	195	3088
May 20, 2021	204850	62	532	4011
May 21, 2021	199448	46	424	3655
May 22, 2021	191645	48	381	3038
May 23, 2021	184355	41	338	2955
May 24, 2021	182598	5	238	1947
May 25, 2021	179980	1	226	955
May 26, 2021	178550	29	136	1902
May 27, 2021	176221	35	216	2228
May 28, 2021	173078	24	238	1964
May 29, 2021	165611	36	218	1547
May 30, 2021	160382	21	190	1467
May 31, 2021	159144	5	168	983
Jun 01, 2021	156976	0	133	467
Jun 02, 2021	156591	26	75	988
Jun 03, 2021	157362	16	185	1186
Jun 04, 2021	155993	23	162	960
Jun 05, 2021	150736	21	148	877
Jun 06, 2021	146374	18	132	727
Jun 07, 2021	145690	1	98	463
Jun 08, 2021	143522	1	70	307
Jun 09, 2021	143420	8	51	448
Jun 10, 2021	143750	23	120	593
Jun 11, 2021	143369	19	104	519
Jun 12, 2021	140653	17	99	297
Jun 13, 2021	137473	7	97	355
Jun 14, 2021	134419	1	108	221
Jun 15, 2021	131416	0	54	104
Jun 16, 2021	132251	13	37	351
Jun 17, 2021	132025	6	93	344
Jun 18, 2021	132585	12	103	315
Jun 19, 2021	130548	14	91	282
Jun 20, 2021	127328	7	75	172
Jun 21, 2021	123928	3	86	125
Jun 22, 2021	123122	0	66	66
Jun 23, 2021	124442	4	42	206
Jun 24, 2021	124519	3	97	164
Jun 25, 2021	125801	9	86	151
Jun 26, 2021	123195	4	102	162
Jun 27, 2021	122237	6	93	159
Jun 28, 2021	120254	1	114	78
Jun 29, 2021	121799	0	69	28
Jun 30, 2021	128361	7	66	119
Jul 01, 2021	136838	3	104	98
Jul 02, 2021	146168	5	120	68
Jul 03, 2021	150662	2	126	93
Jul 04, 2021	158713	2	104	63
Jul 05, 2021	164118	0	120	37
Jul 06, 2021	173260	0	82	28
Jul 07, 2021	188038	4	75	79
Jul 08, 2021	201503	4	106	37
Jul 09, 2021	220282	6	136	49
Jul 10, 2021	228095	6	170	47
Jul 11, 2021	234979	4	153	72
Jul 12, 2021	241666	0	152	27
Jul 13, 2021	281471	0	91	0
Jul 14, 2021	305641	0	91	51
Jul 15, 2021	330028	4	164	88
Jul 16, 2021	358443	2	164	208
Jul 17, 2021	375566	6	176	33
Jul 18, 2021	392277	2	171	50
Jul 19, 2021	408622	0	181	0
Jul 20, 2021	431665	0	122	0
Jul 21, 2021	460301	7	63	54
Jul 22, 2021	486939	1	198	84
Jul 23, 2021	515751	4	198	49
Jul 24, 2021	532280	4	221	58
Jul 25, 2021	548481	1	196	80
Jul 26, 2021	564515	0	211	48
Jul 27, 2021	585935	0	148	39
Jul 28, 2021	610295	8	122	83
Jul 29, 2021	632935	5	220	79
Jul 30, 2021	654358	3	207	92
Jul 31, 2021	665957	3	197	107
Aug 01, 2021	675376	5	212	93
Aug 02, 2021	681678	0	222	34
Aug 03, 2021	689312	0	185	47
Aug 04, 2021	702369	5	106	116
Aug 05, 2021	710684	15	232	127
Aug 06, 2021	721582	7	198	135
Aug 07, 2021	720733	5	247	124
Aug 08, 2021	716562	7	257	141
Aug 09, 2021	712457	0	289	53
Aug 10, 2021	706156	0	207	74
Aug 11, 2021	711877	13	151	123
Aug 12, 2021	717982	11	285	140
Aug 13, 2021	722353	6	352	169
Aug 14, 2021	687031	8	402	130
Aug 15, 2021	669216	8	348	128
Aug 16, 2021	650104	0	389	102
Aug 17, 2021	633236	0	322	45
Aug 18, 2021	624649	8	182	193
Aug 19, 2021	616574	21	404	110
Aug 20, 2021	608471	11	533	127
Aug 21, 2021	589283	8	512	125
Aug 22, 2021	566662	14	529	174
Aug 23, 2021	545094	1	530	38
Aug 24, 2021	523805	0	477	0
Aug 25, 2021	514071	15	268	152
Aug 26, 2021	500636	20	538	128
Aug 27, 2021	489616	14	769	73
Aug 28, 2021	468519	14	722	147
Aug 29, 2021	446533	20	651	199
Aug 30, 2021	425007	1	797	30
Aug 31, 2021	407827	0	541	0
Sep 01, 2021	396061	29	361	93
Sep 02, 2021	386940	22	709	97
Sep 03, 2021	374617	27	882	56
Sep 04, 2021	357658	16	973	197
Sep 05, 2021	338997	23	813	218
Sep 06, 2021	320823	6	917	0
Sep 07, 2021	304370	0	643	0
Sep 08, 2021	296832	46	422	31
Sep 09, 2021	288392	33	976	205
Sep 10, 2021	279619	29	1231	120
Sep 11, 2021	266612	32	1207	273
Sep 12, 2021	252190	29	1362	239
Sep 13, 2021	237382	5	1344	0
Sep 14, 2021	224831	0	1089	-101
Sep 15, 2021	220044	49	686	124
Sep 16, 2021	215533	40	1326	176
Sep 17, 2021	210236	60	2085	208
Sep 18, 2021	197940	49	2006	463
Sep 19, 2021	187980	44	1894	429
Sep 20, 2021	177531	1	2012	-72
Sep 21, 2021	167449	3	1527	0
Sep 22, 2021	162303	64	906	196
Sep 23, 2021	157370	75	2118	402
Sep 24, 2021	152205	46	2639	338
Sep 25, 2021	143857	59	2999	573
Sep 26, 2021	134756	75	2770	659
Sep 27, 2021	129320	13	3234	107
Sep 28, 2021	122061	0	2522	17
Sep 29, 2021	119680	92	1536	352
Sep 30, 2021	116938	133	3932	603
Oct 01, 2021	113753	101	5558	620
Oct 02, 2021	107487	102	5602	649
Oct 03, 2021	102093	115	5709	747
Oct 04, 2021	93955	9	6273	136
Oct 05, 2021	89351	13	4731	12
Oct 06, 2021	88478	9	2948	578
Oct 07, 2021	87106	124	6270	760
Oct 08, 2021	86148	250	8365	842
Oct 09, 2021	82255	152	8394	1090
Oct 10, 2021	77913	186	9395	1167
Oct 11, 2021	74427	24	9800	492
Oct 12, 2021	74427	3	7155	214
Oct 13, 2021	70102	221	4897	805
Oct 14, 2021	69427	269	4519	1457
Oct 15, 2021	71618	274	10425	1437
Oct 16, 2021	67357	31	15516	1728
Oct 17, 2021	65131	266	15909	1716
Oct 18, 2021	62554	46	15204	759
Oct 19, 2021	61200	12	12491	127
Oct 20, 2021	61722	282	7317	1401
Oct 21, 2021	61618	463	13640	1767
Oct 22, 2021	62168	372	18555	2054
Oct 23, 2021	61243	403	19074	2484
Oct 24, 2021	59898	382	12971	2770
Oct 25, 2021	58362	41	14292	1219
Oct 26, 2021	57490	8	14444	464
Oct 27, 2021	58343	398	9533	2791
Oct 28, 2021	58893	461	16592	4171
Oct 29, 2021	59462	497	24269	4496
Oct 30, 2021	58673	422	24899	4928
Oct 31, 2021	57367	378	23246	6034
Nov 01, 2021	56422	51	23455	4050
Nov 02, 2021	55840	20	18924	1400
Nov 03, 2021	56664	526	12333	4532
Nov 04, 2021	58555	571	19987	6503
Nov 05, 2021	60213	502	28395	6805
Nov 06, 2021	60578	472	28187	8023
Nov 07, 2021	60414	502	26741	9010
Nov 08, 2021	60746	45	26180	5133
Nov 09, 2021	61304	26	20594	2736
Nov 10, 2021	63622	503	13141	3157
Nov 11, 2021	66632	591	19086	9828
Nov 12, 2021	69708	562	29062	13824
Nov 13, 2021	71721	571	27352	14613
Nov 14, 2021	73482	486	26964	14590
Nov 15, 2021	74816	65	25581	9821
Nov 16, 2021	76630	29	22389	4876
Nov 17, 2021	81799	537	13253	11367
Nov 18, 2021	86618	669	19373	15702
Nov 19, 2021	91779	592	28543	17070
Nov 20, 2021	95188	566	27455	11805
Nov 21, 2021	97952	543	24989	13953
Nov 22, 2021	101362	70	23762	11520
Nov 23, 2021	105549	29	19450	6258
Nov 24, 2021	112577	540	11379	14449
Nov 25, 2021	120351	775	17458	21451
Nov 26, 2021	128771	616	24265	22630
Nov 27, 2021	134506	597	22097	22204
Nov 28, 2021	139611	269	20022	22459
Nov 29, 2021	145036	16	19397	15680
Nov 30, 2021	152992	38	15977	10077
Dec 01, 2021	162089	548	9610	17690
Dec 02, 2021	175120	793	13798	25041
Dec 03, 2021	187408	710	18015	25616
Dec 04, 2021	196942	638	17140	25390
Dec 05, 2021	205607	505	15393	25489
Dec 06, 2021	213268	33	10789	16922
Dec 07, 2021	221127	9	6250	10055
Dec 08, 2021	231443	433	5036	16827
Dec 09, 2021	243261	631	9839	25459
Dec 10, 2021	258074	646	15572	26546
Dec 11, 2021	271868	117	14319	25554
Dec 12, 2021	284875	292	13614	25126
Dec 13, 2021	297189	22	12033	19070
Dec 14, 2021	318914	19	7180	10909
Dec 15, 2021	342769	493	6419	17306
Dec 16, 2021	368432	684	11671	24693
Dec 17, 2021	398532	480	17197	26092
Dec 18, 2021	421050	423	16575	23670
Dec 19, 2021	440951	429	11899	22887
Dec 20, 2021	461204	35	10901	16527
Dec 21, 2021	504297	4	11108	8955
Dec 22, 2021	559090	378	7781	16218
Dec 23, 2021	626678	376	11406	22246
Dec 24, 2021	675124	315	16169	21012
Dec 25, 2021	722002	248	16880	19606
Dec 26, 2021	767130	193	16044	18862
Dec 27, 2021	811526	25	16890	13618
Dec 28, 2021	901171	1	14668	6788
Dec 29, 2021	994330	252	10441	11588
Dec 30, 2021	1148385	277	19654	15829
Dec 31, 2021	1234014	262	30586	15573
Jan 01, 2022	1316945	271	32834	14752
Jan 02, 2022	1399601	231	36667	9622
Jan 03, 2022	1478291	23	40911	3168
Jan 04, 2022	1582212	34	34085	2125
Jan 05, 2022	1708408	240	29150	8212
Jan 06, 2022	1824144	318	36991	13952
Jan 07, 2022	1929092	307	53420	12542
Jan 08, 2022	2015605	246	57662	12510
Jan 09, 2022	2100615	272	57257	11763
Jan 10, 2022	2184122	19	51731	3459
Jan 11, 2022	2301805	11	48248	3786
Jan 12, 2022	2464451	286	33482	9876
Jan 13, 2022	2607024	310	39114	14154
Jan 14, 2022	2752905	263	56051	14400
Jan 15, 2022	2837397	289	54477	10364
Jan 16, 2022	2920746	333	47533	9674
Jan 17, 2022	3002335	31	45746	6088
Jan 18, 2022	3063164	17	34703	1950
Jan 19, 2022	3194661	378	24404	5629
Jan 20, 2022	3325538	374	35960	9691
Jan 21, 2022	3440085	316	46872	11404
Jan 22, 2022	3492215	304	41389	12992
Jan 23, 2022	3533985	283	36483	14103
Jan 24, 2022	3562883	25	31331	5006
Jan 25, 2022	3623723	15	22070	1741
Jan 26, 2022	3703788	325	13473	12269
Jan 27, 2022	3781060	360	21870	24852
Jan 28, 2022	3846305	341	28754	30243
Jan 29, 2022	3807541	198	28906	36950
Jan 30, 2022	3767489	220	23968	40461
Jan 31, 2022	3666508	40	20894	29602
Feb 01, 2022	3650781	1	13703	22127
Feb 02, 2022	3643995	270	9568	33854
Feb 03, 2022	3625212	277	18799	53712
Feb 04, 2022	3606947	266	20440	59421
Feb 05, 2022	3529640	206	18258	61293
Feb 06, 2022	3432733	199	16724	56889
Feb 07, 2022	3346465	10	13945	43571
Feb 08, 2022	3274035	6	8899	32881
Feb 09, 2022	3239488	217	6560	44623
Feb 10, 2022	3194967	234	12980	56326
Feb 11, 2022	3146511	184	14729	55030
Feb 12, 2022	3034860	121	14074	49001
Feb 13, 2022	2878637	126	12471	48114
Feb 14, 2022	2742378	10	12738	33237
Feb 15, 2022	2613940	1	7695	22163
Feb 16, 2022	2540425	178	5609	30587
Feb 17, 2022	2464233	151	13177	40977
Feb 18, 2022	2384431	207	14402	37372
Feb 19, 2022	2306506	107	13434	32419
Feb 20, 2022	2164824	119	11634	34181
Feb 21, 2022	2023637	12	11114	44530
Feb 22, 2022	1904563	4	7577	34541
Feb 23, 2022	1836535	134	5293	33455
Feb 24, 2022	1770691	124	12690	17336
Feb 25, 2022	1696386	146	14473	10865
Feb 26, 2022	1596397	110	12272	7572
Feb 27, 2022	1477484	85	11655	18060
Feb 28, 2022	1361236	7	10377	16138
Mar 01, 2022	1256955	1	5695	13819
Mar 02, 2022	1214896	110	4175	12389
Mar 03, 2022	1177280	101	10137	10502
Mar 04, 2022	1138983	133	10431	5901
Mar 05, 2022	1073301	74	8984	4715
Mar 06, 2022	999078	96	8236	12049
Mar 07, 2022	936709	2	6631	9990
Mar 08, 2022	884636	0	3493	9826
Mar 09, 2022	866451	50	2366	8460
Mar 10, 2022	848841	77	6606	8599
Mar 11, 2022	828445	64	5736	4920
Mar 12, 2022	793689	58	4983	3755
Mar 13, 2022	739867	41	4051	11864
Mar 14, 2022	695829	0	2096	9060
Mar 15, 2022	655840	0	557	8787
Mar 16, 2022	654470	61	486	7955
Mar 17, 2022	653100	40	1879	7442
Mar 18, 2022	651731	39	1567	4569
Mar 19, 2022	630888	34	1481	3979
Mar 20, 2022	607317	29	1325	11567
Mar 21, 2022	586641	0	1416	9903
Mar 22, 2022	569562	0	440	8572
Mar 23, 2022	577600	0	382	8067
Mar 24, 2022	585638	31	1620	7325
Mar 25, 2022	593676	30	1261	3662
Mar 26, 2022	585596	27	1185	2987
Mar 27, 2022	565799	22	1199	9527
Mar 28, 2022	544021	0	1077	10772
Mar 29, 2022	530611	0	312	11174
Mar 30, 2022	530567	29	263	7623
Mar 31, 2022	530349	21	300	6172
Apr 01, 2022	530130	24	1526	2938
Apr 02, 2022	522259	20	1177	1357
Apr 03, 2022	510226	17	1096	0
Apr 04, 2022	493856	0	1240	32
Apr 05, 2022	478225	-4	344	0
Apr 06, 2022	482504	14	267	64
Apr 07, 2022	486783	1	1356	63
Apr 08, 2022	491062	29	1040	44
Apr 09, 2022	476595	25	957	0
Apr 10, 2022	463341	14	855	0
Apr 11, 2022	449408	0	842	79
Apr 12, 2022	438240	0	233	55
Apr 13, 2022	434463	11	188	36
Apr 14, 2022	430686	15	890	86
Apr 15, 2022	426909	11	172	64
Apr 16, 2022	423132	11	909	34
Apr 17, 2022	419354	21	607	8
Apr 18, 2022	415576	0	704	0
Apr 19, 2022	412191	0	199	64
Apr 20, 2022	415100	10	184	56
Apr 21, 2022	417944	13	727	54
Apr 22, 2022	420788	12	567	67
Apr 23, 2022	419107	13	500	34
Apr 24, 2022	406665	13	469	6
Apr 25, 2022	394223	0	434	59
Apr 26, 2022	381781	0	139	62
Apr 27, 2022	388521	16	93	57
Apr 28, 2022	395261	6	510	61
Apr 29, 2022	402002	9	388	61
Apr 30, 2022	402175	6	359	31
May 01, 2022	402085	6	314	25
May 02, 2022	401995	0	336	28
May 03, 2022	401907	0	95	0
May 04, 2022	413663	8	64	49
May 05, 2022	425419	7	419	36
May 06, 2022	437175	8	284	52
May 07, 2022	442863	4	249	25
May 08, 2022	439042	11	260	7
May 09, 2022	435221	0	266	39
May 10, 2022	431401	0	82	29
May 11, 2022	445464	6	83	45
May 12, 2022	459527	7	346	24
May 13, 2022	473589	6	255	30
May 14, 2022	477936	1	220	12
May 15, 2022	480296	2	237	13
May 16, 2022	482656	0	254	18
May 17, 2022	485016	0	62	20
May 18, 2022	493961	9	52	27
May 19, 2022	502906	7	337	14
May 20, 2022	511851	3	204	34
May 21, 2022	511748	0	274	12
May 22, 2022	505935	3	247	2
May 23, 2022	500122	0	263	23
May 24, 2022	494309	0	56	45
May 25, 2022	497760	7	45	30
May 26, 2022	501211	4	319	27
May 27, 2022	504663	1	234	24
May 28, 2022	501305	7	228	4
May 29, 2022	488905	5	48	3
May 30, 2022	476505	0	255	12
May 31, 2022	464104	0	65	12
Jun 01, 2022	464102	3	47	20
Jun 02, 2022	464100	4	374	12
Jun 03, 2022	464097	0	323	31
Jun 04, 2022	458087	5	304	4
Jun 05, 2022	447884	6	348	7
Jun 06, 2022	437681	0	344	5
Jun 07, 2022	427479	0	97	14
Jun 08, 2022	429174	2	87	12
Jun 09, 2022	430869	3	696	9
Jun 10, 2022	432564	9	544	5
Jun 11, 2022	429139	0	588	6
Jun 12, 2022	415427	4	642	3
Jun 13, 2022	401715	0	616	2
Jun 14, 2022	388005	0	158	8
Jun 15, 2022	391068	5	119	16
Jun 16, 2022	394131	6	1075	2
Jun 17, 2022	397193	4	964	7
Jun 18, 2022	396724	2	1068	8
Jun 19, 2022	389670	0	1046	2
Jun 20, 2022	382616	0	1264	8
Jun 21, 2022	375561	0	284	5
Jun 22, 2022	387722	5	226	7
Jun 23, 2022	399883	11	2034	10
Jun 24, 2022	412043	6	1647	6
Jun 25, 2022	414530	6	1839	3
Jun 26, 2022	412279	12	1974	6
Jun 27, 2022	410028	0	2131	5
Jun 28, 2022	407774	0	397	4
Jun 29, 2022	427325	14	316	3
Jun 30, 2022	446876	11	3249	8
Jul 01, 2022	466426	12	2852	10
Jul 02, 2022	475883	9	2993	5
Jul 03, 2022	479508	14	3033	2
Jul 04, 2022	483133	0	3492	5
Jul 05, 2022	486757	0	641	3
Jul 06, 2022	506305	22	584	5
Jul 07, 2022	525853	16	5106	6
Jul 08, 2022	545401	20	3691	6
Jul 09, 2022	551884	17	3509	3
Jul 10, 2022	552539	15	3388	2
Jul 11, 2022	553194	0	3685	7
Jul 12, 2022	553847	0	650	8
Jul 13, 2022	564026	26	614	9
Jul 14, 2022	574205	31	5641	18
Jul 15, 2022	584383	20	4476	4
Jul 16, 2022	585770	14	4476	3
Jul 17, 2022	580100	22	4290	0
Jul 18, 2022	574430	0	4410	9
Jul 19, 2022	568760	0	698	12
Jul 20, 2022	580436	0	594	6
Jul 21, 2022	592112	25	5961	15
Jul 22, 2022	603787	28	4476	10
Jul 23, 2022	603735	34	4317	3
Jul 24, 2022	603683	21	4223	2
Jul 25, 2022	603631	0	4642	1
Jul 26, 2022	523043	0	774	1
Jul 27, 2022	516137	28	771	0
Jul 28, 2022	510866	27	804	1
Jul 29, 2022	505594	31	7172	7
Jul 30, 2022	497395	40	5271	6
Jul 31, 2022	474200	23	4816	4
Aug 01, 2022	451005	0	4826	4
Aug 02, 2022	427812	0	766	3
Aug 03, 2022	416586	29	718	5
Aug 04, 2022	405360	34	6172	3
Aug 05, 2022	394135	26	4393	4
Aug 06, 2022	379775	11	3850	7
Aug 07, 2022	355497	23	3847	2
Aug 08, 2022	331219	0	3933	0
Aug 09, 2022	306942	0	608	0
Aug 10, 2022	296662	21	550	4
Aug 11, 2022	286382	20	5292	1
Aug 12, 2022	276103	25	3837	8
Aug 13, 2022	264339	14	3340	9
Aug 14, 2022	248168	19	3451	9
Aug 15, 2022	231997	0	3275	3
Aug 16, 2022	215825	0	500	10
Aug 17, 2022	208225	28	472	18
Aug 18, 2022	200625	19	5843	7
Aug 19, 2022	193025	17	4446	0
Aug 20, 2022	184860	25	4220	0
Aug 21, 2022	162880	10	4553	0
Aug 22, 2022	140900	0	4973	0
Aug 23, 2022	118921	0	648	0
Aug 24, 2022	121916	15	653	0
Aug 25, 2022	124911	25	7869	0
Aug 26, 2022	127905	21	6131	0
Aug 27, 2022	130257	19	5857	0
Aug 28, 2022	126742	25	5427	0
Aug 29, 2022	121347	0	5435	0
Aug 30, 2022	115951	0	675	0
Aug 31, 2022	114260	25	717	0
Sep 01, 2022	112569	28	7674	0
Sep 02, 2022	110878	30	5630	0
Sep 03, 2022	107699	30	4940	0
Sep 04, 2022	102646	29	4438	0
Sep 05, 2022	97593	0	4527	0
Sep 06, 2022	92538	0	741	0
Sep 07, 2022	91920	33	729	0
Sep 08, 2022	91302	29	6478	0
Sep 09, 2022	90684	42	4873	0
Sep 10, 2022	88707	41	4271	0
Sep 11, 2022	85797	13	3887	0
Sep 12, 2022	82887	0	3568	0
Sep 13, 2022	79977	0	307	0
Sep 14, 2022	80523	45	226	0
Sep 15, 2022	81069	22	4619	0
Sep 16, 2022	81614	24	3183	0
Sep 17, 2022	80655	22	2886	0
Sep 18, 2022	79914	31	2618	0
Sep 19, 2022	79173	0	3741	0
Sep 20, 2022	78432	0	463	0
Sep 21, 2022	79612	31	379	0
Sep 22, 2022	80792	42	3293	0
Sep 23, 2022	81973	18	2360	0
Sep 24, 2022	81908	24	1907	0
Sep 25, 2022	81034	14	1747	0
Sep 26, 2022	80160	0	1593	0
Sep 27, 2022	79287	0	303	0
Sep 28, 2022	80472	21	284	0
Sep 29, 2022	81657	23	2259	0
Sep 30, 2022	82841	22	1612	0
Oct 01, 2022	82483	12	1518	0
Oct 02, 2022	81349	17	1167	0
Oct 03, 2022	80215	0	1118	0
Oct 04, 2022	79079	0	181	0
Oct 05, 2022	81017	7	171	0
Oct 06, 2022	82955	0	1475	0
Oct 07, 2022	84894	12	1022	0
Oct 08, 2022	86169	14	975	0
Oct 09, 2022	86144	13	791	0
Oct 10, 2022	86119	0	806	0
Oct 11, 2022	86094	0	158	0
Oct 12, 2022	87427	8	149	0
Oct 13, 2022	88760	17	862	0
Oct 14, 2022	90095	10	153	0
Oct 15, 2022	92109	5	955	0
Oct 16, 2022	92154	0	693	0
Oct 17, 2022	92199	0	578	0
Oct 18, 2022	92245	0	100	0
Oct 19, 2022	93797	17	130	0
Oct 20, 2022	95349	15	745	0
Oct 21, 2022	96899	10	537	0
Oct 22, 2022	98212	15	492	0
Oct 23, 2022	98170	7	476	0
Oct 24, 2022	98128	0	73	0
Oct 25, 2022	98085	0	84	0
Oct 26, 2022	99288	8	85	0
Oct 27, 2022	100491	10	687	0
Oct 28, 2022	101696	4	506	0
Oct 29, 2022	102059	2	431	0
Oct 30, 2022	101039	8	358	0
Oct 31, 2022	100019	0	392	0
Nov 01, 2022	99000	0	71	0
Nov 02, 2022	99525	7	86	0
Nov 03, 2022	100050	6	596	0
Nov 04, 2022	100572	9	449	0
Nov 05, 2022	101673	4	454	0
Nov 06, 2022	101187	8	389	0
Nov 07, 2022	100701	0	421	0
Nov 08, 2022	100214	0	77	0
Nov 09, 2022	100392	6	93	0
Nov 10, 2022	100570	4	764	0
Nov 11, 2022	100748	15	584	0
Nov 12, 2022	100967	6	553	0
Nov 13, 2022	101186	11	542	0
Nov 14, 2022	101405	0	447	0
Nov 15, 2022	101622	0	105	0
Nov 16, 2022	101159	7	109	0
Nov 17, 2022	100696	6	913	0
Nov 18, 2022	100232	17	657	0
Nov 19, 2022	99712	7	648	0
Nov 20, 2022	99192	10	249	0
Nov 21, 2022	98672	0	388	0
Nov 22, 2022	98154	0	123	0
Nov 23, 2022	97873	7	208	0
Nov 24, 2022	97592	12	1088	0
Nov 25, 2022	97310	4	770	0
Nov 26, 2022	96675	15	684	0
Nov 27, 2022	96040	8	604	0
Nov 28, 2022	95405	0	621	0
Nov 29, 2022	94768	0	124	0
Nov 30, 2022	94972	0	130	0
Dec 01, 2022	95176	6	886	0
Dec 02, 2022	95377	22	725	0
Dec 03, 2022	95370	9	718	0
Dec 04, 2022	95363	21	660	0
Dec 05, 2022	95356	0	650	0
Dec 06, 2022	95352	0	119	0
Dec 07, 2022	94771	13	162	0
Dec 08, 2022	94190	9	181	0
Dec 09, 2022	93608	12	801	0
Dec 10, 2022	93138	19	601	0
Dec 11, 2022	92668	0	635	0
Dec 12, 2022	92198	0	622	0
Dec 13, 2022	91728	0	153	0
Dec 14, 2022	91217	15	118	0
Dec 15, 2022	90706	14	689	0
Dec 16, 2022	90193	18	569	0
Dec 17, 2022	89709	7	526	0
Dec 18, 2022	89225	11	463	0
Dec 19, 2022	88741	0	120	0
Dec 20, 2022	88258	0	143	0
Dec 21, 2022	87831	9	103	0
Dec 22, 2022	87404	6	504	0
Dec 23, 2022	86980	9	369	0
Dec 24, 2022	85900	3	342	0
Dec 25, 2022	84820	3	321	0
Dec 26, 2022	83740	0	340	0
Dec 27, 2022	82661	0	77	0
Dec 28, 2022	81935	15	51	0
Dec 29, 2022	81209	6	513	0
Dec 30, 2022	80480	3	378	0
Dec 31, 2022	79449	8	388	0
Jan 01, 2023	78418	2	330	0
Jan 02, 2023	77387	0	415	0
Jan 03, 2023	76356	0	73	0
Jan 04, 2023	75325	12	64	0
Jan 05, 2023	74294	9	687	0
Jan 06, 2023	73259	4	494	0
Jan 07, 2023	69800	3	532	0
Jan 08, 2023	68570	5	539	0
Jan 09, 2023	67340	0	520	0
Jan 10, 2023	66111	0	50	0
Jan 11, 2023	64770	6	53	0
Jan 12, 2023	63429	8	987	0
Jan 13, 2023	70642	5	836	0
Jan 14, 2023	69301	8	806	0
Jan 15, 2023	67960	4	1124	0
Jan 16, 2023	66619	0	820	0
Jan 17, 2023	65280	0	121	0
Jan 18, 2023	63912	6	127	0
Jan 19, 2023	62544	15	1446	0
Jan 20, 2023	63383	9	1209	0
Jan 21, 2023	61955	8	1169	0
Jan 22, 2023	60527	9	1175	0
Jan 23, 2023	59099	0	1350	0
Jan 24, 2023	57668	0	169	0
Jan 25, 2023	56893	7	199	0
Jan 26, 2023	56118	7	2315	0
Jan 27, 2023	55345	10	1874	0
Jan 28, 2023	54606	10	1975	0
Jan 29, 2023	53867	8	1918	0
Jan 30, 2023	53128	0	2029	0
Jan 31, 2023	52392	0	280	0
Feb 01, 2023	52368	16	274	0
Feb 02, 2023	52344	14	3424	0
Feb 03, 2023	52322	26	2767	0
Feb 04, 2023	52203	17	2808	0
Feb 05, 2023	52084	11	2654	0
Feb 06, 2023	51965	0	2595	0
Feb 07, 2023	51845	0	426	0
Feb 08, 2023	51726	18	429	0
Feb 09, 2023	51607	19	3767	0
Feb 10, 2023	51489	21	2989	0
Feb 11, 2023	51177	6	3028	0
Feb 12, 2023	50865	14	3284	0
Feb 13, 2023	50553	0	3112	0
Feb 14, 2023	41687	0	427	0
Feb 15, 2023	41375	16	450	0
Feb 16, 2023	41063	26	4829	0
Feb 17, 2023	40754	29	3904	0
Feb 18, 2023	40491	8	3458	0
Feb 19, 2023	40228	27	3619	0
Feb 20, 2023	39965	0	3632	0
Feb 21, 2023	37495	2	479	0
Feb 22, 2023	37292	32	532	0
Feb 23, 2023	37089	29	5080	0
Feb 24, 2023	36888	17	4066	0
Feb 25, 2023	36644	15	3653	0
Feb 26, 2023	36400	13	3359	0
Feb 27, 2023	36156	1	3202	0
Feb 28, 2023	35910	0	429	0
Mar 01, 2023	35630	20	390	0
Mar 02, 2023	35350	31	4202	0
Mar 03, 2023	35072	34	3048	0
Mar 04, 2023	34927	16	2721	0
Mar 05, 2023	34782	15	2345	0
Mar 06, 2023	34637	0	2359	0
Mar 07, 2023	34490	0	302	0
Mar 08, 2023	34440	17	327	0
Mar 09, 2023	34390	13	2714	0
Mar 10, 2023	34342	15	1760	0
Mar 11, 2023	33815	13	1540	0
Mar 12, 2023	33288	4	1459	0
Mar 13, 2023	32761	0	1343	0
Mar 14, 2023	32233	0	205	0
Mar 15, 2023	31899	0	232	0
Mar 16, 2023	31565	9	1777	0
Mar 17, 2023	31230	21	1237	0
Mar 18, 2023	31285	14	1169	0
Mar 19, 2023	31340	13	943	0
Mar 20, 2023	31395	2	837	0
Mar 21, 2023	31447	0	161	0
Mar 22, 2023	31453	12	116	0
Mar 23, 2023	31459	2	143	0
Mar 24, 2023	31462	8	1387	0
Mar 25, 2023	31575	9	1089	0
Mar 26, 2023	31688	7	911	0
Mar 27, 2023	31801	0	912	0
Mar 28, 2023	31912	0	104	0
Mar 29, 2023	32066	11	105	0
Mar 30, 2023	32220	9	991	0
Mar 31, 2023	32372	6	631	0
Apr 01, 2023	32436	5	510	0
Apr 02, 2023	32500	4	455	0
Apr 03, 2023	32564	0	445	0
Apr 04, 2023	32626	0	73	0
Apr 05, 2023	32555	0	74	0
Apr 06, 2023	32484	2	547	0
Apr 07, 2023	32413	0	351	0
Apr 08, 2023	32342	2	342	0
Apr 09, 2023	32271	4	286	0
Apr 10, 2023	32200	0	254	0
Apr 11, 2023	32127	0	45	0
Apr 12, 2023	32533	5	53	0
Apr 13, 2023	32939	6	43	0
Apr 14, 2023	33350	1	247	0
Apr 15, 2023	34282	6	59	0
Apr 16, 2023	35214	4	251	0
Apr 17, 2023	36146	0	234	0
Apr 18, 2023	37079	0	44	0
Apr 19, 2023	37622	5	33	0
Apr 20, 2023	38165	4	182	0
Apr 21, 2023	38709	1	159	0
Apr 22, 2023	39133	0	146	0
Apr 23, 2023	39557	0	113	0
Apr 24, 2023	39981	1	144	0
Apr 25, 2023	40408	0	26	0
Apr 26, 2023	40725	4	15	0
Apr 27, 2023	41042	3	178	0
Apr 28, 2023	41359	3	113	0
Apr 29, 2023	41676	2	141	0
Apr 30, 2023	41993	1	97	0
May 01, 2023	42310	0	88	0
May 02, 2023	42629	0	19	0
May 03, 2023	43036	1	25	0
May 04, 2023	43443	0	165	0
May 05, 2023	43847	5	92	0
May 06, 2023	44370	0	72	0
May 07, 2023	44893	2	81	0
May 08, 2023	45416	0	66	0
May 09, 2023	45939	0	9	0
May 10, 2023	46462	0	24	0
May 11, 2023	46985	2	85	0
May 12, 2023	47508	2	62	0
May 13, 2023	48031	0	87	0
May 14, 2023	48554	1	64	0
May 15, 2023	49077	0	50	0
May 16, 2023	49595	0	13	0
May 17, 2023	49592	0	16	0
May 18, 2023	49589	0	54	0
May 19, 2023	49588	0	57	0
May 20, 2023	49580	0	65	0
May 21, 2023	49572	1	9	0
May 22, 2023	49564	0	49	0
May 23, 2023	49555	0	10	0
May 24, 2023	49666	1	6	0
May 25, 2023	49777	0	53	0
May 26, 2023	49888	0	46	0
May 27, 2023	49999	0	35	0
May 28, 2023	50110	0	28	0
May 29, 2023	50221	0	30	0
May 30, 2023	50332	0	3	0
May 31, 2023	50443	0	9	0
Jun 01, 2023	50554	0	43	0
Jun 02, 2023	50663	2	31	0
Jun 03, 2023	50214	0	29	0
Jun 04, 2023	49765	1	30	0
Jun 05, 2023	49316	0	32	0
Jun 06, 2023	48870	0	5	0
Jun 07, 2023	48305	0	1	0
Jun 08, 2023	47740	2	24	0
Jun 09, 2023	47175	1	28	0
Jun 10, 2023	46610	0	14	0
Jun 11, 2023	46045	0	16	0
Jun 12, 2023	45480	0	14	0
Jun 13, 2023	44915	0	4	0
Jun 14, 2023	44350	0	2	0
Jun 15, 2023	43785	2	20	0
Jun 16, 2023	43223	0	11	0
Jun 17, 2023	42320	0	11	0
Jun 18, 2023	41417	0	6	0
Jun 19, 2023	40514	0	16	0
Jun 20, 2023	39609	0	1	0
Jun 21, 2023	38711	0	1	0
Jun 22, 2023	37813	0	20	0
Jun 23, 2023	36915	0	11	0
Jun 24, 2023	36017	0	20	0
Jun 25, 2023	35119	0	13	0
Jun 26, 2023	34221	0	14	0
Jun 27, 2023	33323	0	2	0
Jun 28, 2023	32425	1	3	0
Jun 29, 2023	31527	0	15	0
Jun 30, 2023	30634	2	10	0
Jul 01, 2023	30634	0	12	0
Jul 02, 2023	30634	0	12	0
Jul 03, 2023	30634	0	15	0
Jul 04, 2023	30634	0	4	0
Jul 05, 2023	30634	0	4	0
Jul 06, 2023	30634	0	12	0
Jul 07, 2023	30634	0	11	0
Jul 08, 2023	30634	0	6	0
Jul 09, 2023	30634	0	7	0
Jul 10, 2023	30634	0	6	0
Jul 11, 2023	30634	0	1	0
Jul 12, 2023	30634	0	2	0
Jul 13, 2023	30634	0	28	0
Jul 14, 2023	30634	0	17	0
Jul 15, 2023	30634	0	7	0
Jul 16, 2023	30634	0	19	0
Jul 17, 2023	30634	0	18	0
Jul 18, 2023	30634	0	3	0
Jul 19, 2023	30634	1	0	0
Jul 20, 2023	30634	0	21	0
Jul 21, 2023	30634	0	22	0
Jul 22, 2023	30634	0	23	0
Jul 23, 2023	30634	1	28	0
Jul 24, 2023	30634	0	0	0
Jul 25, 2023	30634	0	31	0
Jul 26, 2023	30634	0	4	0
Jul 27, 2023	30634	1	41	0
Jul 28, 2023	30634	0	3	0
Jul 29, 2023	30634	0	49	0
Jul 30, 2023	30634	0	44	0
Jul 31, 2023	30634	0	45	0
Aug 01, 2023	30634	0	2	0
Aug 02, 2023	30634	0	3	0
Aug 03, 2023	30634	1	49	0
Aug 04, 2023	30634	1	68	0
Aug 05, 2023	30634	0	46	0
Aug 06, 2023	30634	0	38	0
Aug 07, 2023	30634	0	40	0
Aug 08, 2023	30634	0	8	0
Aug 09, 2023	30634	0	5	0
Aug 10, 2023	30634	1	84	0
Aug 11, 2023	30634	0	75	0
Aug 12, 2023	30634	1	87	0
Aug 13, 2023	30634	0	49	0
Aug 14, 2023	30634	0	61	0
Aug 15, 2023	30634	0	8	0
Aug 16, 2023	30634	0	5	0
Aug 17, 2023	30634	1	100	0
Aug 18, 2023	30634	0	98	0
Aug 19, 2023	30634	0	105	0
Aug 20, 2023	30634	1	95	0
Aug 21, 2023	30634	0	125	0
Aug 22, 2023	30634	0	11	0
Aug 23, 2023	30634	0	11	0
Aug 24, 2023	30634	0	194	0
Aug 25, 2023	30634	0	165	0
Aug 26, 2023	30634	1	196	0
Aug 27, 2023	30634	1	174	0
Aug 28, 2023	30634	0	182	0
Aug 29, 2023	30634	0	11	0
Aug 30, 2023	30634	4	15	0
Aug 31, 2023	30634	0	276	0
Sep 01, 2023	30634	0	260	0
Sep 02, 2023	30634	1	230	0
Sep 03, 2023	30634	2	213	0
Sep 04, 2023	30634	0	218	0
Sep 05, 2023	30634	0	9	0
Sep 06, 2023	30634	0	13	0
Sep 07, 2023	30634	0	357	0
Sep 08, 2023	30634	1	278	0
Sep 09, 2023	30634	0	253	0
Sep 10, 2023	30634	0	276	0
Sep 11, 2023	30634	0	244	0
Sep 12, 2023	30634	0	14	0
Sep 13, 2023	30634	0	8	0
Sep 14, 2023	30634	1	349	0
Sep 15, 2023	30634	0	291	0
Sep 16, 2023	30634	0	259	0
Sep 17, 2023	30634	1	265	0
Sep 18, 2023	30634	0	249	0
Sep 19, 2023	30634	0	9	0
Sep 20, 2023	30634	1	13	0
Sep 21, 2023	30634	4	434	0
Sep 22, 2023	30634	0	304	0
Sep 23, 2023	30634	0	281	0
Sep 24, 2023	30634	3	327	0
Sep 25, 2023	30634	0	346	0
Sep 26, 2023	30634	0	34	0
Sep 27, 2023	30634	0	16	0
Sep 28, 2023	30634	2	600	0
Sep 29, 2023	30634	2	476	0
Sep 30, 2023	30634	8	463	0
Oct 01, 2023	30634	9	447	0
Oct 02, 2023	30634	0	458	0
Oct 03, 2023	30634	0	33	0
Oct 04, 2023	30634	1	46	0
Oct 05, 2023	30634	2	896	0
Oct 06, 2023	30634	0	789	0
Oct 07, 2023	30634	2	753	0
Oct 08, 2023	30634	4	671	0
Oct 09, 2023	30634	0	735	0
Oct 10, 2023	30634	0	47	0
Oct 11, 2023	30634	4	43	0
Oct 12, 2023	30634	3	1103	0
Oct 13, 2023	30634	7	874	0
Oct 14, 2023	30634	8	52	0
Oct 15, 2023	30634	4	1089	0
Oct 16, 2023	30634	0	1030	0
Oct 17, 2023	30634	0	59	0
Oct 18, 2023	30634	4	50	0
Oct 19, 2023	30634	5	1641	0
Oct 20, 2023	30634	4	1191	0
Oct 21, 2023	30634	3	1169	0
Oct 22, 2023	30634	8	1040	0
Oct 23, 2023	30634	0	997	0
Oct 24, 2023	30634	0	113	0
Oct 25, 2023	30634	8	76	0
Oct 26, 2023	30634	1	1813	0
Oct 27, 2023	30634	39	1442	0
Oct 28, 2023	30634	8	1297	0
Oct 29, 2023	30634	8	1330	0
Oct 30, 2023	30634	0	1410	0
Oct 31, 2023	30634	0	93	0
Nov 01, 2023	30634	6	77	0
Nov 02, 2023	30634	5	2359	0
Nov 03, 2023	30634	5	1933	0
Nov 04, 2023	30634	9	1589	0
Nov 05, 2023	30634	5	1968	0
Nov 06, 2023	30634	0	1662	0
Nov 07, 2023	30634	0	102	0
Nov 08, 2023	30634	5	96	0
Nov 09, 2023	30634	10	3159	0
Nov 10, 2023	30634	18	2505	0
Nov 11, 2023	30634	8	2378	0
Nov 12, 2023	30634	6	2412	0
Nov 13, 2023	30634	0	2354	0
Nov 14, 2023	30634	0	117	0
Nov 15, 2023	30634	8	184	0
Nov 16, 2023	30634	34	4174	0
Nov 17, 2023	30634	25	3410	0
Nov 18, 2023	30634	40	3134	0
Nov 19, 2023	30634	25	2954	0
Nov 20, 2023	30634	0	2993	0
Nov 21, 2023	30634	0	171	0
Nov 22, 2023	30634	35	168	0
Nov 23, 2023	30634	27	4779	0
Nov 24, 2023	30634	29	3825	0
Nov 25, 2023	30634	22	3489	0
Nov 26, 2023	30634	28	2915	0
Nov 27, 2023	30634	0	2997	0
Nov 28, 2023	30634	0	199	0
Nov 29, 2023	30634	0	167	0
Nov 30, 2023	30634	0	4158	0
Dec 01, 2023	30634	22	3265	0
Dec 02, 2023	30634	30	2845	0
Dec 03, 2023	30634	27	2744	0
Dec 04, 2023	30634	0	2303	0
Dec 05, 2023	30634	0	139	0
Dec 06, 2023	30634	0	96	0
Dec 07, 2023	30634	14	100	0
Dec 08, 2023	30634	18	143	0
Dec 09, 2023	30634	28	2709	0
Dec 10, 2023	30634	19	2025	0
Dec 11, 2023	30634	0	2217	0
Dec 12, 2023	30634	0	153	0
Dec 13, 2023	30634	7	70	0
Dec 14, 2023	30634	21	65	0
Dec 15, 2023	30634	8	1880	0
Dec 16, 2023	30634	16	3056	0
Dec 17, 2023	30634	16	2229	0
Dec 18, 2023	30634	0	1164	0
Dec 19, 2023	30634	0	87	0
Dec 20, 2023	30634	6	90	0
Dec 21, 2023	30634	12	1433	0
Dec 22, 2023	30634	11	918	0
Dec 23, 2023	30634	8	856	0
Dec 24, 2023	30634	10	834	0
Dec 25, 2023	30634	0	800	0
Dec 26, 2023	30634	0	62	0
Dec 27, 2023	30634	8	68	0
Dec 28, 2023	30634	5	1207	0
Dec 29, 2023	30634	5	861	0
Dec 30, 2023	30634	5	762	0
Dec 31, 2023	30634	4	683	0
Jan 01, 2024	30634	0	642	0
Jan 02, 2024	30634	0	54	0
Jan 03, 2024	30634	11	54	0
Jan 04, 2024	30634	10	937	0
Jan 05, 2024	30634	8	768	0
Jan 06, 2024	30634	11	594	0
Jan 07, 2024	30634	1	519	0
Jan 08, 2024	30634	0	545	0
Jan 09, 2024	30634	0	38	0
Jan 10, 2024	30634	12	46	0
Jan 11, 2024	30634	3	628	0
Jan 12, 2024	30634	3	480	0
Jan 13, 2024	30634	1	429	0
Jan 14, 2024	30634	5	391	0
Jan 15, 2024	30634	0	416	0
Jan 16, 2024	30634	0	26	0
Jan 17, 2024	30634	3	22	0
Jan 18, 2024	30634	8	507	0
Jan 19, 2024	30634	6	415	0
Jan 20, 2024	30634	4	326	0
Jan 21, 2024	30634	2	248	0
Jan 22, 2024	30634	0	248	0
Jan 23, 2024	30634	0	19	0
Jan 24, 2024	30634	1	27	0
Jan 25, 2024	30634	6	390	0
Jan 26, 2024	30634	1	259	0
Jan 27, 2024	30634	1	244	0
Jan 28, 2024	30634	3	194	0
Jan 29, 2024	30634	0	187	0
Jan 30, 2024	30634	0	15	0
Jan 31, 2024	30634	3	10	0
Feb 01, 2024	30634	5	273	0
Feb 02, 2024	30634	3	209	0
Feb 03, 2024	30634	0	170	0
Feb 04, 2024	30634	4	184	0
Feb 05, 2024	30634	0	246	0
Feb 06, 2024	30634	0	11	0
Feb 07, 2024	30634	5	13	0
Feb 08, 2024	30634	0	198	0
Feb 09, 2024	30634	3	148	0
Feb 10, 2024	30634	0	114	0
Feb 11, 2024	30634	0	87	0
Feb 12, 2024	30634	0	109	0
Feb 13, 2024	30634	0	22	0
Feb 14, 2024	30634	2	5	0
Feb 15, 2024	30634	2	125	0
Feb 16, 2024	30634	1	90	0
Feb 17, 2024	30634	3	76	0
Feb 18, 2024	30634	0	86	0
Feb 19, 2024	30634	2	72	0
Feb 20, 2024	30634	1	7	0
Feb 21, 2024	30634	1	11	0
Feb 22, 2024	30634	1	92	0
Feb 23, 2024	30634	1	90	0
Feb 24, 2024	30634	1	82	0
Feb 25, 2024	30634	1	46	0
Feb 26, 2024	30634	0	0	0
Feb 27, 2024	30634	NA	70	0
Feb 28, 2024	30634	NA	0	0
Feb 29, 2024	30634	NA	70	0
Mar 01, 2024	30634	NA	57	0
Mar 02, 2024	30634	NA	64	0
Mar 03, 2024	30634	NA	30	0
Mar 04, 2024	30634	NA	52	0
Mar 05, 2024	30634	NA	2	0
Mar 06, 2024	30634	NA	NA	0
Mar 07, 2024	30634	NA	NA	0
Mar 08, 2024	30634	NA	NA	0
Mar 09, 2024	30634	NA	NA	0
Mar 10, 2024	30634	NA	NA	0
Mar 11, 2024	30634	NA	NA	0
Mar 12, 2024	30634	NA	NA	0
Mar 13, 2024	30634	NA	NA	0
Mar 14, 2024	30634	NA	NA	0
Mar 15, 2024	30634	NA	NA	0
Mar 16, 2024	30634	NA	NA	0
Mar 17, 2024	30634	NA	NA	0
Mar 18, 2024	30634	NA	NA	0
Mar 19, 2024	30634	NA	NA	0
Mar 20, 2024	30634	NA	NA	0
Mar 21, 2024	30634	NA	NA	0
Mar 22, 2024	30634	NA	NA	0
Mar 23, 2024	30634	NA	NA	0
Mar 24, 2024	30634	NA	NA	NA
