Dates	Active	Deaths	Newcases	recover
Feb 15, 2020	20	0	0	0
Feb 16, 2020	20	0	1	1
Feb 17, 2020	20	0	0	2
Feb 18, 2020	18	0	0	0
Feb 19, 2020	18	0	0	0
Feb 20, 2020	18	0	0	2
Feb 21, 2020	16	0	0	1
Feb 22, 2020	15	0	0	1
Feb 23, 2020	14	0	0	-6
Feb 24, 2020	20	0	2	7
Feb 25, 2020	15	1	3	0
Feb 26, 2020	18	0	0	6
Feb 27, 2020	12	0	1	0
Feb 28, 2020	13	0	1	0
Feb 29, 2020	14	0	0	2
Mar 01, 2020	11	0	1	0
Mar 02, 2020	12	0	0	0
Mar 03, 2020	12	0	0	0
Mar 04, 2020	12	0	4	1
Mar 05, 2020	15	0	1	0
Mar 06, 2020	16	0	2	0
Mar 07, 2020	18	0	0	2
Mar 08, 2020	16	0	0	0
Mar 09, 2020	16	0	3	0
Mar 10, 2020	19	0	6	1
Mar 11, 2020	24	0	11	1
Mar 12, 2020	34	0	5	0
Mar 13, 2020	39	0	7	0
Mar 14, 2020	46	0	32	0
Mar 15, 2020	78	0	33	0
Mar 16, 2020	111	0	30	6
Mar 17, 2020	135	0	35	1
Mar 18, 2020	169	0	60	0
Mar 19, 2020	229	3	50	0
Mar 20, 2020	279	0	89	2
Mar 21, 2020	366	0	188	0
Mar 22, 2020	554	1	122	8
Mar 23, 2020	668	1	106	0
Mar 24, 2020	771	1	107	18
Mar 25, 2020	860	2	111	18
Mar 26, 2020	953	1	91	9
Mar 27, 2020	1034	2	109	0
Mar 28, 2020	1142	3	143	132
Mar 29, 2020	1152	4	136	0
Mar 30, 2020	1286	1	127	113
Mar 31, 2020	1299	3	120	163
Apr 01, 2020	1254	3	104	0
Apr 02, 2020	1355	1	103	107
Apr 03, 2020	1347	3	89	62
Apr 04, 2020	1373	2	102	119
Apr 05, 2020	1353	1	51	0
Apr 06, 2020	1401	2	38	95
Apr 07, 2020	1343	3	111	0
Apr 08, 2020	1451	2	54	52
Apr 09, 2020	1451	1	50	73
Apr 10, 2020	1427	2	45	122
Apr 11, 2020	1348	3	33	83
Apr 12, 2020	1295	1	28	70
Apr 13, 2020	1251	0	34	117
Apr 14, 2020	1167	0	30	92
Apr 15, 2020	1103	0	29	96
Apr 16, 2020	1033	1	28	96
Apr 17, 2020	964	1	33	98
Apr 18, 2020	899	1	32	141
Apr 19, 2020	790	0	27	71
Apr 20, 2020	746	1	19	109
Apr 21, 2020	655	0	15	244
Apr 22, 2020	425	1	13	78
Apr 23, 2020	359	2	15	60
Apr 24, 2020	314	0	53	57
Apr 25, 2020	309	0	15	47
Apr 26, 2020	277	0	9	15
Apr 27, 2020	270	0	7	43
Apr 28, 2020	232	0	9	13
Apr 29, 2020	228	0	7	22
Apr 30, 2020	213	0	6	32
May 01, 2020	187	1	6	13
May 02, 2020	180	0	3	7
May 03, 2020	176	0	18	1
May 04, 2020	193	1	1	7
May 05, 2020	187	0	1	14
May 06, 2020	173	0	3	11
May 07, 2020	165	0	8	12
May 08, 2020	161	0	4	3
May 09, 2020	161	0	5	7
May 10, 2020	159	0	6	2
May 11, 2020	163	0	2	2
May 12, 2020	163	0	0	46
May 13, 2020	117	0	1	6
May 14, 2020	112	0	7	4
May 15, 2020	115	0	0	1
May 16, 2020	114	0	3	1
May 17, 2020	116	0	3	1
May 18, 2020	118	0	2	0
May 19, 2020	120	0	1	31
May 20, 2020	90	1	3	9
May 21, 2020	84	0	0	13
May 22, 2020	71	0	3	6
May 23, 2020	68	0	0	5
May 24, 2020	63	0	2	7
May 25, 2020	57	0	3	1
May 26, 2020	59	0	9	2
May 27, 2020	66	0	11	14
May 28, 2020	63	1	11	0
May 29, 2020	74	0	1	16
May 30, 2020	59	0	4	2
May 31, 2020	61	0	1	2
Jun 01, 2020	60	0	1	1
Jun 02, 2020	59	0	1	2
Jun 03, 2020	58	0	17	0
Jun 04, 2020	75	0	1	3
Jun 05, 2020	73	0	2	0
Jun 06, 2020	75	0	8	1
Jun 07, 2020	82	0	7	1
Jun 08, 2020	88	0	2	0
Jun 09, 2020	90	0	4	8
Jun 10, 2020	86	0	0	6
Jun 11, 2020	80	0	4	0
Jun 12, 2020	84	0	5	0
Jun 13, 2020	89	0	1	0
Jun 14, 2020	90	0	0	0
Jun 15, 2020	90	0	0	6
Jun 16, 2020	84	0	0	3
Jun 17, 2020	81	0	6	1
Jun 18, 2020	86	0	5	11
Jun 19, 2020	80	0	1	10
Jun 20, 2020	71	0	1	0
Jun 21, 2020	72	0	3	4
Jun 22, 2020	71	0	5	1
Jun 23, 2020	75	0	1	3
Jun 24, 2020	73	0	1	12
Jun 25, 2020	62	0	4	2
Jun 26, 2020	64	0	0	13
Jun 27, 2020	51	0	0	0
Jun 28, 2020	51	0	7	0
Jun 29, 2020	58	0	2	3
Jun 30, 2020	57	0	2	3
Jul 01, 2020	56	0	6	0
Jul 02, 2020	62	0	1	7
Jul 03, 2020	56	0	5	0
Jul 04, 2020	61	0	5	5
Jul 05, 2020	61	0	5	1
Jul 06, 2020	65	0	0	0
Jul 07, 2020	65	0	2	2
Jul 08, 2020	65	0	5	11
Jul 09, 2020	59	0	0	2
Jul 10, 2020	57	0	14	1
Jul 11, 2020	70	0	1	0
Jul 12, 2020	71	0	3	2
Jul 13, 2020	72	0	7	1
Jul 14, 2020	78	0	5	1
Jul 15, 2020	82	0	4	3
Jul 16, 2020	83	0	3	1
Jul 17, 2020	85	0	7	0
Jul 18, 2020	92	0	3	0
Jul 19, 2020	95	0	1	0
Jul 20, 2020	96	0	5	9
Jul 21, 2020	92	0	6	0
Jul 22, 2020	98	0	8	0
Jul 23, 2020	106	0	10	2
Jul 24, 2020	114	0	3	2
Jul 25, 2020	115	0	9	0
Jul 26, 2020	124	0	4	2
Jul 27, 2020	126	0	2	0
Jul 28, 2020	128	0	1	0
Jul 29, 2020	129	0	6	0
Jul 30, 2020	135	0	6	14
Jul 31, 2020	127	0	2	10
Aug 01, 2020	119	0	5	7
Aug 02, 2020	117	0	3	0
Aug 03, 2020	120	0	1	0
Aug 04, 2020	121	0	7	2
Aug 05, 2020	126	0	2	4
Aug 06, 2020	124	0	15	0
Aug 07, 2020	139	0	3	2
Aug 08, 2020	140	0	3	1
Aug 09, 2020	142	0	0	9
Aug 10, 2020	133	0	0	3
Aug 11, 2020	130	0	5	6
Aug 12, 2020	129	0	3	0
Aug 13, 2020	132	0	17	4
Aug 14, 2020	145	0	0	20
Aug 15, 2020	125	0	1	1
Aug 16, 2020	125	0	1	0
Aug 17, 2020	126	0	3	4
Aug 18, 2020	125	0	1	1
Aug 19, 2020	125	0	7	19
Aug 20, 2020	113	0	1	1
Aug 21, 2020	113	0	0	1
Aug 22, 2020	112	0	5	1
Aug 23, 2020	116	0	2	1
Aug 24, 2020	117	0	5	7
Aug 25, 2020	115	0	1	8
Aug 26, 2020	108	0	1	0
Aug 27, 2020	109	0	6	0
Aug 28, 2020	115	0	1	5
Aug 29, 2020	111	0	0	10
Aug 30, 2020	101	0	1	0
Aug 31, 2020	102	0	5	22
Sep 01, 2020	85	0	8	0
Sep 02, 2020	93	0	2	3
Sep 03, 2020	92	0	4	0
Sep 04, 2020	96	0	7	2
Sep 05, 2020	101	0	6	2
Sep 06, 2020	105	0	1	0
Sep 07, 2020	106	0	1	3
Sep 08, 2020	104	0	1	2
Sep 09, 2020	103	0	7	24
Sep 10, 2020	86	0	7	2
Sep 11, 2020	91	0	5	0
Sep 12, 2020	96	0	7	0
Sep 13, 2020	103	0	2	0
Sep 14, 2020	105	1	5	3
Sep 15, 2020	107	0	10	1
Sep 16, 2020	116	0	0	9
Sep 17, 2020	107	0	7	3
Sep 18, 2020	111	0	3	10
Sep 19, 2020	103	0	6	2
Sep 20, 2020	107	0	0	2
Sep 21, 2020	105	0	5	1
Sep 22, 2020	109	0	3	2
Sep 23, 2020	110	0	2	8
Sep 24, 2020	104	0	3	7
Sep 25, 2020	100	0	3	2
Sep 26, 2020	101	0	1	5
Sep 27, 2020	97	0	22	2
Sep 28, 2020	117	0	14	1
Sep 29, 2020	130	0	5	4
Sep 30, 2020	131	0	5	5
Oct 01, 2020	131	0	6	5
Oct 02, 2020	132	0	8	2
Oct 03, 2020	138	0	2	2
Oct 04, 2020	138	0	5	2
Oct 05, 2020	141	0	10	0
Oct 06, 2020	151	0	15	1
Oct 07, 2020	165	0	7	48
Oct 08, 2020	124	0	6	2
Oct 09, 2020	128	0	6	4
Oct 10, 2020	130	0	2	6
Oct 11, 2020	126	0	5	3
Oct 12, 2020	128	0	2	3
Oct 13, 2020	127	0	9	0
Oct 14, 2020	136	0	13	6
Oct 15, 2020	143	0	4	4
Oct 16, 2020	143	0	10	11
Oct 17, 2020	142	0	7	3
Oct 18, 2020	146	0	5	7
Oct 19, 2020	144	0	9	3
Oct 20, 2020	150	0	9	4
Oct 21, 2020	155	0	10	19
Oct 22, 2020	146	0	8	4
Oct 23, 2020	150	0	4	11
Oct 24, 2020	143	0	5	1
Oct 25, 2020	147	0	7	13
Oct 26, 2020	141	0	3	8
Oct 27, 2020	136	0	13	10
Oct 28, 2020	139	0	4	9
Oct 29, 2020	134	0	12	15
Oct 30, 2020	131	0	5	5
Oct 31, 2020	131	0	4	2
Nov 01, 2020	133	1	3	3
Nov 02, 2020	133	0	10	10
Nov 03, 2020	133	0	7	7
Nov 04, 2020	133	0	6	11
Nov 05, 2020	128	0	8	16
Nov 06, 2020	119	0	12	5
Nov 07, 2020	126	0	7	10
Nov 08, 2020	123	0	3	7
Nov 09, 2020	119	0	4	9
Nov 10, 2020	114	0	3	15
Nov 11, 2020	102	0	5	8
Nov 12, 2020	99	0	9	4
Nov 13, 2020	104	0	5	10
Nov 14, 2020	99	0	8	8
Nov 15, 2020	99	0	1	6
Nov 16, 2020	94	0	3	3
Nov 17, 2020	94	0	2	5
Nov 18, 2020	91	0	8	13
Nov 19, 2020	86	0	4	3
Nov 20, 2020	87	0	10	11
Nov 21, 2020	86	0	11	5
Nov 22, 2020	92	0	7	5
Nov 23, 2020	94	0	2	6
Nov 24, 2020	90	0	4	8
Nov 25, 2020	86	0	16	8
Nov 26, 2020	94	0	19	2
Nov 27, 2020	111	0	5	8
Nov 28, 2020	108	0	11	2
Nov 29, 2020	117	0	21	3
Nov 30, 2020	135	0	10	8
Dec 01, 2020	137	0	18	11
Dec 02, 2020	144	0	13	10
Dec 03, 2020	147	0	14	7
Dec 04, 2020	154	0	19	9
Dec 05, 2020	164	0	14	5
Dec 06, 2020	173	0	21	15
Dec 07, 2020	179	0	19	6
Dec 08, 2020	192	0	25	6
Dec 09, 2020	211	0	18	8
Dec 10, 2020	221	0	11	15
Dec 11, 2020	217	0	12	12
Dec 12, 2020	217	0	17	8
Dec 13, 2020	226	0	28	17
Dec 14, 2020	237	0	9	9
Dec 15, 2020	237	0	15	28
Dec 16, 2020	224	0	20	12
Dec 17, 2020	232	0	16	16
Dec 18, 2020	232	0	34	19
Dec 19, 2020	247	0	576	17
Dec 20, 2020	806	0	382	12
Dec 21, 2020	1176	0	427	25
Dec 22, 2020	1578	0	46	17
Dec 23, 2020	1607	0	67	21
Dec 24, 2020	1653	1	81	14
Dec 25, 2020	1720	0	110	22
Dec 26, 2020	1808	0	121	9
Dec 27, 2020	1920	2	144	19
Dec 28, 2020	2045	1	155	4
Dec 29, 2020	2195	0	250	28
Dec 30, 2020	2417	1	194	28
Dec 31, 2020	2583	0	279	33
Jan 01, 2021	2827	1	216	26
Jan 02, 2021	3016	1	315	38
Jan 03, 2021	3293	0	745	15
Jan 04, 2021	4022	0	527	45
Jan 05, 2021	4504	0	365	21
Jan 06, 2021	4847	0	305	103
Jan 07, 2021	5048	0	205	734
Jan 08, 2021	4519	0	212	291
Jan 09, 2021	4440	2	245	882
Jan 10, 2021	3803	0	249	138
Jan 11, 2021	3914	1	287	166
Jan 12, 2021	4035	0	157	211
Jan 13, 2021	3981	0	271	717
Jan 14, 2021	3533	0	188	628
Jan 15, 2021	3093	1	230	618
Jan 16, 2021	2704	0	374	109
Jan 17, 2021	2969	0	369	191
Jan 18, 2021	3147	1	171	150
Jan 19, 2021	3168	1	59	265
Jan 20, 2021	2961	2	142	221
Jan 21, 2021	2882	0	309	382
Jan 22, 2021	2809	1	198	224
Jan 23, 2021	2782	0	198	119
Jan 24, 2021	2860	0	187	95
Jan 25, 2021	2950	1	959	230
Jan 26, 2021	3679	0	819	162
Jan 27, 2021	4335	0	756	233
Jan 28, 2021	4858	2	802	109
Jan 29, 2021	5551	0	930	109
Jan 30, 2021	6371	0	829	110
Jan 31, 2021	7090	0	836	899
Feb 01, 2021	7027	0	836	703
Feb 02, 2021	7158	0	795	784
Feb 03, 2021	7169	0	809	797
Feb 04, 2021	7181	0	586	533
Feb 05, 2021	7234	1	490	943
Feb 06, 2021	6781	0	237	668
Feb 07, 2021	6350	0	186	468
Feb 08, 2021	6068	0	189	956
Feb 09, 2021	5301	0	157	548
Feb 10, 2021	4909	2	201	885
Feb 11, 2021	4225	0	175	411
Feb 12, 2021	3989	0	126	970
Feb 13, 2021	3145	0	166	931
Feb 14, 2021	2380	1	143	772
Feb 15, 2021	1749	0	72	680
Feb 16, 2021	1141	0	175	134
Feb 17, 2021	1182	0	150	249
Feb 18, 2021	1083	0	130	124
Feb 19, 2021	1088	0	82	59
Feb 20, 2021	1111	0	92	156
Feb 21, 2021	1047	0	89	76
Feb 22, 2021	1060	0	95	85
Feb 23, 2021	1070	0	93	96
Feb 24, 2021	1067	0	72	192
Feb 25, 2021	947	1	45	218
Feb 26, 2021	774	0	72	70
Feb 27, 2021	776	1	70	106
Feb 28, 2021	740	0	80	196
Mar 01, 2021	624	0	42	96
Mar 02, 2021	569	0	35	63
Mar 03, 2021	541	0	54	79
Mar 04, 2021	515	0	79	79
Mar 05, 2021	515	0	64	45
Mar 06, 2021	534	0	65	58
Mar 07, 2021	541	0	71	33
Mar 08, 2021	579	1	60	74
Mar 09, 2021	565	0	39	95
Mar 10, 2021	509	1	58	54
Mar 11, 2021	513	0	81	56
Mar 12, 2021	538	1	78	30
Mar 13, 2021	585	1	170	68
Mar 14, 2021	687	1	78	80
Mar 15, 2021	684	0	149	65
Mar 16, 2021	768	0	248	40
Mar 17, 2021	975	1	92	38
Mar 18, 2021	1028	1	100	73
Mar 19, 2021	1054	0	119	62
Mar 20, 2021	1111	0	90	86
Mar 21, 2021	1115	0	73	65
Mar 22, 2021	1122	1	401	103
Mar 23, 2021	1419	1	69	107
Mar 24, 2021	1381	0	97	73
Mar 25, 2021	1405	0	134	86
Mar 26, 2021	1453	0	80	104
Mar 27, 2021	1428	0	77	103
Mar 28, 2021	1401	0	39	74
Mar 29, 2021	1366	1	48	66
Mar 30, 2021	1348	0	42	47
Mar 31, 2021	1343	0	26	122
Apr 01, 2021	1247	0	58	58
Apr 02, 2021	1247	0	84	62
Apr 03, 2021	1268	0	96	106
Apr 04, 2021	1258	1	194	66
Apr 05, 2021	1386	1	250	108
Apr 06, 2021	1528	0	334	121
Apr 07, 2021	1741	0	405	32
Apr 08, 2021	2114	0	559	27
Apr 09, 2021	2645	0	789	33
Apr 10, 2021	3400	0	967	53
Apr 11, 2021	4314	0	985	34
Apr 12, 2021	5265	2	965	40
Apr 13, 2021	6190	2	1335	34
Apr 14, 2021	7491	3	1543	61
Apr 15, 2021	8973	4	1585	97
Apr 16, 2021	10461	2	1547	270
Apr 17, 2021	11736	7	1767	0
Apr 18, 2021	13501	4	1390	37
Apr 19, 2021	14851	8	1443	171
Apr 20, 2021	16119	11	1458	413
Apr 21, 2021	17162	8	1470	477
Apr 22, 2021	18148	15	2070	341
Apr 23, 2021	19873	15	2839	377
Apr 24, 2021	22327	10	2438	547
Apr 25, 2021	24207	15	2048	480
Apr 26, 2021	25767	21	2179	1958
Apr 27, 2021	25973	21	2012	851
Apr 28, 2021	27119	31	1871	992
Apr 29, 2021	27988	27	1583	860
Apr 30, 2021	28696	15	1891	1821
May 01, 2021	28745	18	1940	1406
May 02, 2021	29258	27	2041	1503
May 03, 2021	29765	19	1763	1490
May 04, 2021	30011	17	2112	1886
May 05, 2021	30222	22	1911	2435
May 06, 2021	29680	31	2044	2377
May 07, 2021	29320	34	2419	2247
May 08, 2021	29473	32	2101	2186
May 09, 2021	29371	30	1630	1603
May 10, 2021	29376	17	1919	1829
May 11, 2021	29435	24	1983	2006
May 12, 2021	29378	25	4887	1572
May 13, 2021	32661	35	2256	1701
May 14, 2021	33186	29	3095	1351
May 15, 2021	34913	25	2302	2136
May 16, 2021	35055	32	9635	1397
May 17, 2021	43268	24	2473	2718
May 18, 2021	42988	17	3394	4450
May 19, 2021	41903	30	2636	2268
May 20, 2021	42246	26	3481	2868
May 21, 2021	42827	41	3052	2900
May 22, 2021	42955	47	3382	2131
May 23, 2021	44189	34	2713	1565
May 24, 2021	45307	34	3226	3094
May 25, 2021	45413	24	2455	2571
May 26, 2021	45256	19	3323	2063
May 27, 2021	46469	38	3759	4044
May 28, 2021	46150	38	4803	4439
May 29, 2021	46480	39	4528	2933
May 30, 2021	48051	31	5485	3101
May 31, 2021	50416	36	2230	3390
Jun 01, 2021	49218	23	3440	2843
Jun 02, 2021	49777	33	3886	3626
Jun 03, 2021	49998	28	2631	2493
Jun 04, 2021	50105	35	2817	3396
Jun 05, 2021	49490	43	2671	2424
Jun 06, 2021	49714	27	2419	2999
Jun 07, 2021	49101	29	2662	2483
Jun 08, 2021	49252	18	2680	4253
Jun 09, 2021	47644	17	2310	3035
Jun 10, 2021	46876	19	2290	5711
Jun 11, 2021	43428	40	3277	5273
Jun 12, 2021	41403	30	2804	4143
Jun 13, 2021	40046	22	3355	3530
Jun 14, 2021	39854	32	3000	4774
Jun 15, 2021	38061	20	2331	4947
Jun 16, 2021	35405	29	3129	4651
Jun 17, 2021	33853	35	3058	4094
Jun 18, 2021	32795	51	3667	4948
Jun 19, 2021	31482	31	3682	2401
Jun 20, 2021	32743	44	3175	2030
Jun 21, 2021	33859	51	4059	2047
Jun 22, 2021	35836	42	3174	1941
Jun 23, 2021	37018	22	4108	1578
Jun 24, 2021	39517	36	3644	1751
Jun 25, 2021	41366	53	4161	3569
Jun 26, 2021	41907	57	3995	2253
Jun 27, 2021	43607	61	5406	3343
Jun 28, 2021	45648	41	4662	2793
Jun 29, 2021	47481	44	4786	2415
Jun 30, 2021	49799	50	5533	3223
Jul 01, 2021	52052	57	6087	3638
Jul 02, 2021	54440	54	6230	3159
Jul 03, 2021	57470	75	5916	3404
Jul 04, 2021	59938	72	6166	2534
Jul 05, 2021	63520	91	5420	3586
Jul 06, 2021	65297	86	6519	4148
Jul 07, 2021	67614	80	7058	4978
Jul 08, 2021	69619	56	9276	3928
Jul 09, 2021	74895	87	9326	3841
Jul 10, 2021	80289	98	9539	4053
Jul 11, 2021	85689	67	8656	3687
Jul 12, 2021	90578	141	8685	3797
Jul 13, 2021	95410	101	9317	5129
Jul 14, 2021	99511	81	9186	5543
Jul 15, 2021	103056	80	9692	5730
Jul 16, 2021	106951	108	10082	6327
Jul 17, 2021	110565	87	11397	5726
Jul 18, 2021	116135	114	11784	5741
Jul 19, 2021	122097	119	11305	6557
Jul 20, 2021	126765	129	13002	8248
Jul 21, 2021	131411	87	13655	7921
Jul 22, 2021	137058	118	14575	7775
Jul 23, 2021	143744	133	14260	7637
Jul 24, 2021	150248	165	15335	6904
Jul 25, 2021	158550	117	15376	6782
Jul 26, 2021	167057	178	14150	9168
Jul 27, 2021	171921	133	16533	10051
Jul 28, 2021	178270	178	17669	9798
Jul 29, 2021	185976	147	17345	10678
Jul 30, 2021	192526	188	18912	10750
Jul 31, 2021	200510	160	18027	13402
Aug 01, 2021	205002	191	17970	13919
Aug 02, 2021	208875	212	18901	18590
Aug 03, 2021	209039	138	20200	17975
Aug 04, 2021	211076	149	20920	17926
Aug 05, 2021	213910	235	21379	22172
Aug 06, 2021	212926	207	21838	21108
Aug 07, 2021	213444	147	19983	18503
Aug 08, 2021	214786	184	19603	19819
Aug 09, 2021	214421	217	19843	22806
Aug 10, 2021	211223	209	21038	22012
Aug 11, 2021	210042	182	22782	23649
Aug 12, 2021	209028	239	23418	20083
Aug 13, 2021	212179	312	22086	23672
Aug 14, 2021	210376	301	21882	21106
Aug 15, 2021	210943	240	21157	20984
Aug 16, 2021	210934	261	20128	20791
Aug 17, 2021	210032	233	20515	22682
Aug 18, 2021	207553	242	20902	22208
Aug 19, 2021	205946	226	19851	20478
Aug 20, 2021	205079	297	20571	23159
Aug 21, 2021	202230	229	19014	20672
Aug 22, 2021	200339	273	17491	22134
Aug 23, 2021	195454	292	17165	20059
Aug 24, 2021	192334	264	18417	21186
Aug 25, 2021	189268	256	18501	20606
Aug 26, 2021	186934	190	18702	20163
Aug 27, 2021	185200	252	17984	20535
Aug 28, 2021	182357	262	16536	20927
Aug 29, 2021	177702	271	15972	17281
Aug 30, 2021	176137	257	14666	19245
Aug 31, 2021	171368	224	14802	18996
Sep 01, 2021	166922	187	14956	17936
Sep 02, 2021	163680	241	14653	18262
Sep 03, 2021	159800	228	15942	20351
Sep 04, 2021	155134	220	15452	18257
Sep 05, 2021	152105	189	13988	17284
Sep 06, 2021	148622	253	13821	16737
Sep 07, 2021	145465	180	14176	16769
Sep 08, 2021	142644	132	16031	15417
Sep 09, 2021	143038	136	14403	15610
Sep 10, 2021	141642	144	15191	18721
Sep 11, 2021	137859	188	14029	15742
Sep 12, 2021	135966	171	12583	16304
Sep 13, 2021	132113	122	11786	14738
Sep 14, 2021	129025	117	13798	14133
Sep 15, 2021	128546	106	13897	13527
Sep 16, 2021	128728	143	14555	13691
Sep 17, 2021	129421	141	14109	13280
Sep 18, 2021	130128	131	13576	12492
Sep 19, 2021	131095	132	12709	11125
Sep 20, 2021	132573	127	10919	11694
Sep 21, 2021	131655	125	11252	13695
Sep 22, 2021	129071	101	13256	13829
Sep 23, 2021	128367	129	12697	13540
Sep 24, 2021	127392	122	11975	14700
Sep 25, 2021	124540	107	12353	14305
Sep 26, 2021	122463	123	10288	12494
Sep 27, 2021	120156	87	9489	12805
Sep 28, 2021	116711	77	10414	11580
Sep 29, 2021	115423	97	11646	10887
Sep 30, 2021	116075	92	11754	12473
Oct 01, 2021	115233	102	11375	13127
Oct 02, 2021	113394	113	10828	11894
Oct 03, 2021	112251	116	9930	12336
Oct 04, 2021	109748	73	9869	11152
Oct 05, 2021	108373	84	9866	10115
Oct 06, 2021	108022	60	11200	10087
Oct 07, 2021	109022	84	11140	9933
Oct 08, 2021	110113	82	10630	10542
Oct 09, 2021	110128	112	10817	9981
Oct 10, 2021	110880	94	10035	10590
Oct 11, 2021	110265	82	9445	11452
Oct 12, 2021	108174	68	10064	10988
Oct 13, 2021	107168	63	11276	10407
Oct 14, 2021	107925	71	10486	10711
Oct 15, 2021	107606	79	10648	10794
Oct 16, 2021	107378	73	10863	10383
Oct 17, 2021	107790	66	10111	10612
Oct 18, 2021	107226	74	9122	10731
Oct 19, 2021	105546	56	8918	10878
Oct 20, 2021	103507	44	9727	10075
Oct 21, 2021	103086	66	9810	10513
Oct 22, 2021	102317	57	9742	10182
Oct 23, 2021	101803	84	9351	10098
Oct 24, 2021	101000	64	8675	9589
Oct 25, 2021	100042	88	7706	9532
Oct 26, 2021	98150	47	8452	8449
Oct 27, 2021	98096	55	9658	8526
Oct 28, 2021	99144	78	8968	8747
Oct 29, 2021	99301	56	9224	8305
Oct 30, 2021	100132	68	8859	8253
Oct 31, 2021	100691	80	8165	9574
Nov 01, 2021	99227	69	7574	8279
Nov 02, 2021	98444	53	7679	8482
Nov 03, 2021	97585	39	7982	8029
Nov 04, 2021	97470	61	8148	8238
Nov 05, 2021	97300	62	8467	8288
Nov 06, 2021	97410	57	7960	6950
Nov 07, 2021	98367	51	7592	7495
Nov 08, 2021	98425	55	6904	8024
Nov 09, 2021	97244	47	6978	7697
Nov 10, 2021	96463	45	7496	7452
Nov 11, 2021	96450	62	7305	7900
Nov 12, 2021	95804	56	7057	7393
Nov 13, 2021	95413	55	7079	6917
Nov 14, 2021	95528	51	6343	7663
Nov 15, 2021	94163	53	5947	7943
Nov 16, 2021	92105	29	6524	7191
Nov 17, 2021	91382	49	6901	7556
Nov 18, 2021	90672	53	6855	7655
Nov 19, 2021	89821	55	6595	8478
Nov 20, 2021	87885	37	7006	7591
Nov 21, 2021	87271	64	6428	7882
Nov 22, 2021	85768	32	5126	7748
Nov 23, 2021	83093	30	5857	7318
Nov 24, 2021	81577	27	6335	7218
Nov 25, 2021	80657	37	6559	6875
Nov 26, 2021	80277	43	6073	6538
Nov 27, 2021	79780	33	5854	6354
Nov 28, 2021	79250	33	4753	6165
Nov 29, 2021	77811	37	4306	6407
Nov 30, 2021	75673	27	4886	6326
Dec 01, 2021	74190	22	4971	5402
Dec 02, 2021	73726	31	4912	5844
Dec 03, 2021	72761	38	5896	5666
Dec 04, 2021	72954	49	4704	6149
Dec 05, 2021	71482	28	4000	6450
Dec 06, 2021	69010	39	3525	6109
Dec 07, 2021	66395	20	3618	5775
Dec 08, 2021	64200	23	4203	7939
Dec 09, 2021	60415	37	4193	7863
Dec 10, 2021	56717	29	4079	7302
Dec 11, 2021	53455	26	3787	5606
Dec 12, 2021	51616	41	3398	5467
Dec 13, 2021	49524	28	2862	4818
Dec 14, 2021	47531	22	3370	4557
Dec 15, 2021	46315	31	3684	4531
Dec 16, 2021	45442	32	3537	5459
Dec 17, 2021	43479	31	3132	3278
Dec 18, 2021	43305	30	2899	4389
Dec 19, 2021	41793	27	2525	4190
Dec 20, 2021	40097	30	2476	3649
Dec 21, 2021	38892	22	2532	3191
Dec 22, 2021	38202	18	2940	2798
Dec 23, 2021	38314	32	2671	2766
Dec 24, 2021	38192	17	2766	3805
Dec 25, 2021	37123	25	2532	3771
Dec 26, 2021	35862	26	2437	3845
Dec 27, 2021	34436	10	2305	3070
Dec 28, 2021	33639	12	2575	2695
Dec 29, 2021	33502	18	3037	3115
Dec 30, 2021	33399	12	3111	3241
Dec 31, 2021	33243	19	3011	3315
Jan 01, 2022	32929	11	3112	2921
Jan 02, 2022	33108	19	2927	2903
Jan 03, 2022	33114	14	3091	2688
Jan 04, 2022	33505	12	3899	2508
Jan 05, 2022	34877	13	5775	2673
Jan 06, 2022	37968	12	7526	2895
Jan 07, 2022	42580	22	8263	2865
Jan 08, 2022	47964	14	8511	2605
Jan 09, 2022	53858	15	7926	3612
Jan 10, 2022	58159	18	7133	3306
Jan 11, 2022	61974	9	7681	3350
Jan 12, 2022	66283	13	8167	3845
Jan 13, 2022	70591	18	8158	3942
Jan 14, 2022	74792	12	7793	5202
Jan 15, 2022	77365	19	8077	4887
Jan 16, 2022	80546	13	6929	5255
Jan 17, 2022	82207	19	6397	6637
Jan 18, 2022	81949	13	7122	7460
Jan 19, 2022	81599	13	8129	6978
Jan 20, 2022	82731	12	8640	8641
Jan 21, 2022	82717	19	8112	7582
Jan 22, 2022	83228	22	7686	7445
Jan 23, 2022	83456	28	7139	8100
Jan 24, 2022	82482	19	6718	7659
Jan 25, 2022	81529	12	7587	7801
Jan 26, 2022	81296	16	8078	6595
Jan 27, 2022	82757	12	8450	7484
Jan 28, 2022	83695	22	8618	8358
Jan 29, 2022	83936	21	8444	7829
Jan 30, 2022	84539	22	8008	8215
Jan 31, 2022	84316	21	7422	8715
Feb 01, 2022	83011	20	8587	8485
Feb 02, 2022	83091	12	9172	7832
Feb 03, 2022	84410	17	9909	7827
Feb 04, 2022	86470	24	10490	8479
Feb 05, 2022	88460	20	10879	8285
Feb 06, 2022	91034	23	10470	8711
Feb 07, 2022	92781	25	10398	8922
Feb 08, 2022	94240	24	13182	8571
Feb 09, 2022	98827	26	14822	8503
Feb 10, 2022	105126	27	15242	8955
Feb 11, 2022	111390	27	16330	9205
Feb 12, 2022	118490	22	15882	9482
Feb 13, 2022	124866	27	14900	9810
Feb 14, 2022	129930	29	14373	11551
Feb 15, 2022	132725	30	16462	10868
Feb 16, 2022	138292	32	17349	11561
Feb 17, 2022	144058	35	18066	12511
Feb 18, 2022	149586	39	18885	10946
Feb 19, 2022	157496	38	18953	13962
Feb 20, 2022	162457	41	18883	14914
Feb 21, 2022	166394	40	18363	15651
Feb 22, 2022	169071	42	21232	16662
Feb 23, 2022	173602	42	23557	16131
Feb 24, 2022	180990	43	24932	15774
Feb 25, 2022	190107	45	25615	14641
Feb 26, 2022	201041	49	24719	16875
Feb 27, 2022	208843	54	22311	17470
Feb 28, 2022	213642	52	20420	18297
Mar 01, 2022	215722	59	22197	19093
Mar 02, 2022	218781	65	23618	18939
Mar 03, 2022	223411	69	23834	19351
Mar 04, 2022	227840	69	22818	18462
Mar 05, 2022	232144	74	21881	21448
Mar 06, 2022	232518	63	21162	23159
Mar 07, 2022	230456	68	18943	25005
Mar 08, 2022	224325	66	22073	24747
Mar 09, 2022	221582	69	22984	24161
Mar 10, 2022	220331	70	24792	22065
Mar 11, 2022	222995	70	24592	21371
Mar 12, 2022	226148	77	23584	22333
Mar 13, 2022	227333	80	22130	23508
Mar 14, 2022	225886	87	19742	24125
Mar 15, 2022	221433	84	23945	23339
Mar 16, 2022	221969	88	25456	22217
Mar 17, 2022	225131	83	27071	21522
Mar 18, 2022	230600	80	25804	18801
Mar 19, 2022	237516	82	24996	22292
Mar 20, 2022	240136	69	23441	23153
Mar 21, 2022	240336	67	21382	24824
Mar 22, 2022	236811	84	25164	24770
Mar 23, 2022	237125	81	27024	23721
Mar 24, 2022	240346	78	26050	22219
Mar 25, 2022	244108	87	26234	20013
Mar 26, 2022	250262	85	25821	24066
Mar 27, 2022	251933	92	24635	25753
Mar 28, 2022	250734	96	21678	27183
Mar 29, 2022	245151	97	25389	26084
Mar 30, 2022	244369	97	27560	25077
Mar 31, 2022	246767	91	28379	23843
Apr 01, 2022	251211	94	28029	23352
Apr 02, 2022	255792	91	26840	23412
Apr 03, 2022	259123	89	24892	27254
Apr 04, 2022	256664	98	21088	27519
Apr 05, 2022	250142	108	24252	26225
Apr 06, 2022	248075	105	26081	26011
Apr 07, 2022	248054	101	25140	24854
Apr 08, 2022	248251	106	25298	22003
Apr 09, 2022	251448	115	25139	25509
Apr 10, 2022	250970	119	22387	27680
Apr 11, 2022	245572	125	19982	28057
Apr 12, 2022	237396	128	23015	27626
Apr 13, 2022	232679	124	24134	26997
Apr 14, 2022	229701	129	20289	24969
Apr 15, 2022	224902	128	18892	22220
Apr 16, 2022	221449	129	17775	24545
Apr 17, 2022	214551	128	16994	25910
Apr 18, 2022	205511	129	16891	24927
Apr 19, 2022	197346	126	20455	25933
Apr 20, 2022	191740	124	21931	24619
Apr 21, 2022	188923	120	21808	19826
Apr 22, 2022	190777	125	20052	22361
Apr 23, 2022	188339	127	17784	22846
Apr 24, 2022	183151	129	14994	23524
Apr 25, 2022	174497	126	13816	21072
Apr 26, 2022	167121	91	14887	18919
Apr 27, 2022	162964	84	14437	18509
Apr 28, 2022	158765	77	14053	16782
Apr 29, 2022	155907	82	12888	17105
Apr 30, 2022	151564	54	11535	22022
May 01, 2022	140986	62	9331	21168
May 02, 2022	129065	58	9721	20145
May 03, 2022	118564	54	9288	19119
May 04, 2022	108651	55	9790	17109
May 05, 2022	101278	53	7705	11252
May 06, 2022	97669	56	8450	12224
May 07, 2022	93837	59	8081	10588
May 08, 2022	91276	56	6488	12755
May 09, 2022	84954	54	6230	11132
May 10, 2022	79999	51	7650	9322
May 11, 2022	78271	40	8019	8807
May 12, 2022	77424	38	7779	9286
May 13, 2022	75861	45	6736	9213
May 14, 2022	73330	42	6094	8601
May 15, 2022	70772	41	5238	9168
May 16, 2022	66802	37	3893	7323
May 17, 2022	63334	31	5633	8042
May 18, 2022	60880	29	6305	7567
May 19, 2022	59576	36	6463	7091
May 20, 2022	58907	33	5377	5775
May 21, 2022	58472	37	4739	7391
May 22, 2022	55789	29	4099	8856
May 23, 2022	51003	38	4144	7235
May 24, 2022	47876	24	5013	5591
May 25, 2022	47265	26	4924	5560
May 26, 2022	46592	21	4837	5198
May 27, 2022	46202	28	4488	3921
May 28, 2022	46731	34	3649	5622
May 29, 2022	44734	32	3854	6031
May 30, 2022	42531	30	3955	6607
May 31, 2022	39858	28	4563	5125
Jun 01, 2022	39268	27	2560	5605
Jun 02, 2022	36189	20	2976	4238
Jun 03, 2022	34895	21	3001	3813
Jun 04, 2022	34053	23	3236	5011
Jun 05, 2022	32250	24	2162	4879
Jun 06, 2022	29506	28	2224	4824
Jun 07, 2022	26886	20	2688	4130
Jun 08, 2022	25423	15	3185	3326
Jun 09, 2022	25259	19	2836	3518
Jun 10, 2022	24553	18	2501	2917
Jun 11, 2022	24109	17	2474	4236
Jun 12, 2022	22327	19	1801	2330
Jun 13, 2022	21783	23	1833	2155
Jun 14, 2022	21442	22	2263	2109
Jun 15, 2022	21578	18	2153	2512
Jun 16, 2022	21202	21	1967	2123
Jun 17, 2022	21027	19	2272	1964
Jun 18, 2022	21312	18	1892	1874
Jun 19, 2022	21308	16	1784	2166
Jun 20, 2022	20908	16	1714	2137
Jun 21, 2022	20464	17	2387	1683
Jun 22, 2022	21149	15	2299	1783
Jun 23, 2022	21647	13	2313	1489
Jun 24, 2022	22455	14	2236	1892
Jun 25, 2022	22783	14	2378	1834
Jun 26, 2022	23310	16	1735	2138
Jun 27, 2022	22892	17	1761	2185
Jun 28, 2022	22455	19	2569	1984
Jun 29, 2022	23026	18	2695	1779
Jun 30, 2022	23928	18	2354	2154
Jul 01, 2022	24112	22	2508	1883
Jul 02, 2022	24720	20	2328	2043
Jul 03, 2022	24986	20	1995	2148
Jul 04, 2022	24815	15	1917	2282
Jul 05, 2022	24432	22	2428	2049
Jul 06, 2022	24789	24	2366	2234
Jul 07, 2022	24901	23	2144	1946
Jul 08, 2022	25079	25	2084	2417
Jul 09, 2022	24731	28	2004	2159
Jul 10, 2022	24554	23	1811	2268
Jul 11, 2022	24073	20	1679	2115
Jul 12, 2022	23614	18	2391	1901
Jul 13, 2022	24079	17	2257	2120
Jul 14, 2022	24188	18	1795	1920
Jul 15, 2022	24040	19	2025	2181
Jul 16, 2022	23864	23	2028	2578
Jul 17, 2022	23296	25	1814	2361
Jul 18, 2022	22732	29	2125	2501
Jul 19, 2022	22338	30	2886	2029
Jul 20, 2022	23176	32	2607	2318
Jul 21, 2022	23442	35	2424	1816
Jul 22, 2022	24025	34	2578	1877
Jul 23, 2022	24697	32	2390	2358
Jul 24, 2022	24699	37	1740	2425
Jul 25, 2022	23982	32	1828	2173
Jul 26, 2022	23602	26	2747	2099
Jul 27, 2022	24216	19	1902	2129
Jul 28, 2022	23957	27	2480	1853
Jul 29, 2022	24547	32	1962	2157
Jul 30, 2022	24320	29	1664	2800
Jul 31, 2022	23158	34	2108	2540
Aug 01, 2022	22707	35	1843	2514
Aug 02, 2022	22009	35	2432	2472
Aug 03, 2022	21937	34	2166	2700
Aug 04, 2022	21374	33	2253	2483
Aug 05, 2022	21110	32	2381	2209
Aug 06, 2022	21247	35	2250	1939
Aug 07, 2022	21523	33	1842	2015
Aug 08, 2022	21316	35	1955	2294
Aug 09, 2022	20944	30	2335	2151
Aug 10, 2022	21096	30	2316	2076
Aug 11, 2022	21301	29	2455	2142
Aug 12, 2022	21581	28	2140	1898
Aug 13, 2022	21788	29	1773	2576
Aug 14, 2022	20955	27	1663	2335
Aug 15, 2022	20253	29	1508	2023
Aug 16, 2022	19709	27	2461	2243
Aug 17, 2022	19899	28	2143	2023
Aug 18, 2022	19990	26	2110	2028
Aug 19, 2022	20045	28	1902	1986
Aug 20, 2022	19932	29	1968	2252
Aug 21, 2022	19621	28	1531	2298
Aug 22, 2022	18826	29	1488	2394
Aug 23, 2022	17894	27	2062	2100
Aug 24, 2022	17828	26	2002	1742
Aug 25, 2022	18059	27	1749	1601
Aug 26, 2022	18179	28	1631	1667
Aug 27, 2022	18114	25	1769	2305
Aug 28, 2022	17551	24	1273	2198
Aug 29, 2022	16600	23	994	2111
Aug 30, 2022	15456	25	2240	1917
Aug 31, 2022	15751	22	2004	1743
Sep 01, 2022	15987	22	2046	1565
Sep 02, 2022	16444	20	1942	1643
Sep 03, 2022	16720	19	1631	2143
Sep 04, 2022	16183	20	1360	2106
Sep 05, 2022	15415	17	1062	1963
Sep 06, 2022	14492	19	1605	1618
Sep 07, 2022	14459	15	1587	1969
Sep 08, 2022	14058	10	1191	1327
Sep 09, 2022	13902	14	1106	1201
Sep 10, 2022	13790	13	1093	2101
Sep 11, 2022	12763	12	698	1966
Sep 12, 2022	11480	14	619	1827
Sep 13, 2022	10262	12	1321	1251
Sep 14, 2022	10318	11	1125	1024
Sep 15, 2022	10406	15	837	1087
Sep 16, 2022	10144	13	764	969
Sep 17, 2022	9925	15	477	1170
Sep 18, 2022	9220	9	242	1105
Sep 19, 2022	8346	14	774	919
Sep 20, 2022	8186	12	1129	934
Sep 21, 2022	8368	8	806	876
Sep 22, 2022	8283	10	752	794
Sep 23, 2022	8232	9	607	745
Sep 24, 2022	8080	10	655	1032
Sep 25, 2022	7691	9	319	1145
Sep 26, 2022	6857	4	351	801
Sep 27, 2022	6397	9	811	674
Sep 28, 2022	6525	9	637	790
Sep 29, 2022	6362	7	839	733
Sep 30, 2022	6459	8	823	811
Oct 01, 2022	6467	8	416	625
Oct 02, 2022	6249	9	416	625
Oct 03, 2022	6031	8	416	625
Oct 04, 2022	5815	8	416	625
Oct 05, 2022	5598	8	416	625
Oct 06, 2022	5381	8	416	625
Oct 07, 2022	5163	7	419	631
Oct 08, 2022	4943	8	319	0
Oct 09, 2022	5254	7	319	0
Oct 10, 2022	5565	7	319	0
Oct 11, 2022	5876	6	319	0
Oct 12, 2022	6188	6	319	0
Oct 13, 2022	6499	6	319	0
Oct 14, 2022	6811	6	320	2234
Oct 15, 2022	4890	5	373	0
Oct 16, 2022	5257	6	373	374
Oct 17, 2022	5250	5	373	373
Oct 18, 2022	5244	0	373	374
Oct 19, 2022	5237	0	373	374
Oct 20, 2022	5231	0	373	374
Oct 21, 2022	5224	0	378	373
Oct 22, 2022	5224	0	0	374
Oct 23, 2022	4850	0	0	364
Oct 24, 2022	4486	0	0	365
Oct 25, 2022	4121	0	0	364
Oct 26, 2022	3757	33	0	365
Oct 27, 2022	3392	7	0	364
Oct 28, 2022	3028	7	0	365
Oct 29, 2022	2663	6	0	364
Oct 30, 2022	2299	5	2551	394
Oct 31, 2022	4423	5	392	394
Nov 01, 2022	4414	5	382	394
Nov 02, 2022	4395	5	490	395
Nov 03, 2022	4484	6	444	394
Nov 04, 2022	4529	6	424	394
Nov 05, 2022	4554	6	483	394
Nov 06, 2022	4638	6	144	452
Nov 07, 2022	4325	6	452	453
Nov 08, 2022	4318	6	452	452
Nov 09, 2022	4312	6	452	452
Nov 10, 2022	4306	10	452	452
Nov 11, 2022	4300	10	452	453
Nov 12, 2022	4293	10	452	452
Nov 13, 2022	4287	9	454	0
Nov 14, 2022	4735	10	565	565
Nov 15, 2022	4725	10	566	566
Nov 16, 2022	4715	10	565	565
Nov 17, 2022	4705	11	565	565
Nov 18, 2022	4696	10	565	565
Nov 19, 2022	4686	11	566	566
Nov 20, 2022	4676	10	565	565
Nov 21, 2022	4666	11	702	702
Nov 22, 2022	4655	10	702	702
Nov 23, 2022	4645	11	702	702
Nov 24, 2022	4634	15	702	702
Nov 25, 2022	4624	15	702	702
Nov 26, 2022	4613	15	702	702
Nov 27, 2022	4603	15	702	702
Nov 28, 2022	4592	15	612	612
Nov 29, 2022	4577	15	612	612
Nov 30, 2022	4562	15	612	612
Dec 01, 2022	4547	15	612	612
Dec 02, 2022	4532	16	612	612
Dec 03, 2022	4517	15	612	612
Dec 04, 2022	4502	15	612	612
Dec 05, 2022	4487	15	566	566
Dec 06, 2022	4472	16	566	566
Dec 07, 2022	4456	15	566	566
Dec 08, 2022	4441	16	565	565
Dec 09, 2022	4426	16	566	566
Dec 10, 2022	4411	16	566	566
Dec 11, 2022	4395	17	566	566
Dec 12, 2022	4380	16	488	4449
Dec 13, 2022	403	16	489	489
Dec 14, 2022	387	16	488	488
Dec 15, 2022	371	13	489	489
Dec 16, 2022	354	12	488	488
Dec 17, 2022	338	13	489	489
Dec 18, 2022	322	13	488	488
Dec 19, 2022	306	13	414	414
Dec 20, 2022	293	12	415	415
Dec 21, 2022	281	13	414	414
Dec 22, 2022	268	11	414	414
Dec 23, 2022	255	10	414	414
Dec 24, 2022	242	11	415	415
Dec 25, 2022	230	11	414	414
Dec 26, 2022	217	11	302	302
Dec 27, 2022	206	10	301	301
Dec 28, 2022	196	11	302	302
Dec 29, 2022	185	8	301	301
Dec 30, 2022	174	9	302	302
Dec 31, 2022	163	8	301	301
Jan 01, 2023	153	8	302	302
Jan 02, 2023	142	8	142	0
Jan 03, 2023	276	9	143	0
Jan 04, 2023	410	8	142	0
Jan 05, 2023	544	9	143	0
Jan 06, 2023	679	10	142	0
Jan 07, 2023	813	9	143	0
Jan 08, 2023	947	9	142	0
Jan 09, 2023	1081	9	138	281
Jan 10, 2023	929	10	139	281
Jan 11, 2023	777	9	138	281
Jan 12, 2023	625	6	139	280
Jan 13, 2023	475	7	138	281
Jan 14, 2023	323	6	139	281
Jan 15, 2023	171	6	138	281
Jan 16, 2023	19	6	90	90
Jan 17, 2023	13	7	89	0
Jan 18, 2023	95	6	90	0
Jan 19, 2023	179	4	89	0
Jan 20, 2023	262	4	90	0
Jan 21, 2023	346	4	89	0
Jan 22, 2023	428	5	90	0
Jan 23, 2023	512	4	67	67
Jan 24, 2023	508	4	68	68
Jan 25, 2023	504	4	67	67
Jan 26, 2023	500	0	68	68
Jan 27, 2023	495	0	67	67
Jan 28, 2023	491	0	68	68
Jan 29, 2023	487	0	67	67
Jan 30, 2023	483	0	0	0
Jan 31, 2023	483	0	0	0
Feb 01, 2023	483	17	0	0
Feb 02, 2023	483	0	0	0
Feb 03, 2023	483	0	0	0
Feb 04, 2023	483	0	0	0
Feb 05, 2023	483	0	252	0
Feb 06, 2023	718	0	0	0
Feb 07, 2023	718	0	0	0
Feb 08, 2023	718	12	0	0
Feb 09, 2023	718	0	0	0
Feb 10, 2023	718	0	0	0
Feb 11, 2023	718	0	0	0
Feb 12, 2023	718	0	392	0
Feb 13, 2023	1098	0	0	0
Feb 14, 2023	1098	0	0	0
Feb 15, 2023	1098	8	0	0
Feb 16, 2023	1098	0	0	0
Feb 17, 2023	1098	0	0	0
Feb 18, 2023	1098	0	0	0
Feb 19, 2023	1098	0	203	0
Feb 20, 2023	1293	0	0	0
Feb 21, 2023	1293	0	0	0
Feb 22, 2023	1293	9	0	0
Feb 23, 2023	1293	0	0	0
Feb 24, 2023	1293	0	0	0
Feb 25, 2023	1293	0	0	0
Feb 26, 2023	1293	0	204	0
Feb 27, 2023	1488	0	0	0
Feb 28, 2023	1488	0	0	0
Mar 01, 2023	1488	7	0	0
Mar 02, 2023	1488	0	0	0
Mar 03, 2023	1488	0	0	0
Mar 04, 2023	1488	0	0	0
Mar 05, 2023	1488	0	147	0
Mar 06, 2023	1628	0	0	0
Mar 07, 2023	1628	0	0	0
Mar 08, 2023	1628	6	0	0
Mar 09, 2023	1628	0	0	0
Mar 10, 2023	1628	0	0	0
Mar 11, 2023	1628	0	0	0
Mar 12, 2023	1628	0	122	0
Mar 13, 2023	1744	0	0	0
Mar 14, 2023	1744	0	0	0
Mar 15, 2023	1744	5	0	0
Mar 16, 2023	1744	0	0	0
Mar 17, 2023	1744	0	0	0
Mar 18, 2023	1744	0	0	0
Mar 19, 2023	1744	0	178	0
Mar 20, 2023	1917	0	0	0
Mar 21, 2023	1917	0	0	0
Mar 22, 2023	1917	6	0	0
Mar 23, 2023	1917	0	0	0
Mar 24, 2023	1917	0	0	0
Mar 25, 2023	1917	0	0	0
Mar 26, 2023	1917	0	150	0
Mar 27, 2023	2061	0	0	0
Mar 28, 2023	2061	0	0	0
Mar 29, 2023	2061	3	0	0
Mar 30, 2023	2061	0	0	0
Mar 31, 2023	2061	0	0	0
Apr 01, 2023	2061	0	0	0
Apr 02, 2023	2061	0	167	0
Apr 03, 2023	2225	0	0	0
Apr 04, 2023	2225	0	0	0
Apr 05, 2023	2225	2	0	0
Apr 06, 2023	2225	0	0	0
Apr 07, 2023	2225	0	0	0
Apr 08, 2023	2225	0	0	0
Apr 09, 2023	2225	0	168	0
Apr 10, 2023	2391	0	0	0
Apr 11, 2023	2391	0	0	0
Apr 12, 2023	2391	2	0	0
Apr 13, 2023	2391	0	0	0
Apr 14, 2023	2391	0	0	0
Apr 15, 2023	2391	0	0	0
Apr 16, 2023	2391	0	435	0
Apr 17, 2023	2824	0	0	0
Apr 18, 2023	2824	0	0	0
Apr 19, 2023	2824	5	0	0
Apr 20, 2023	2824	0	0	0
Apr 21, 2023	2824	0	0	0
Apr 22, 2023	2824	0	0	0
Apr 23, 2023	2824	0	1088	0
Apr 24, 2023	3907	0	0	0
Apr 25, 2023	3907	0	0	0
Apr 26, 2023	3907	10	0	0
Apr 27, 2023	3907	0	0	0
Apr 28, 2023	3907	0	0	0
Apr 29, 2023	3907	0	0	0
Apr 30, 2023	3907	0	1811	0
May 01, 2023	5708	0	0	0
May 02, 2023	5708	0	0	0
May 03, 2023	5708	10	0	0
May 04, 2023	5708	0	0	0
May 05, 2023	5708	0	0	0
May 06, 2023	5708	0	0	0
May 07, 2023	5708	0	1699	0
May 08, 2023	7397	0	0	0
May 09, 2023	7397	0	0	0
May 10, 2023	7397	22	0	0
May 11, 2023	7397	0	0	0
May 12, 2023	7397	0	0	0
May 13, 2023	7397	0	0	0
May 14, 2023	7397	0	2356	0
May 15, 2023	9731	0	0	0
May 16, 2023	9731	0	0	0
May 17, 2023	9731	64	0	0
May 18, 2023	9731	0	0	0
May 19, 2023	9731	0	0	0
May 20, 2023	9731	0	0	0
May 21, 2023	9731	0	2632	0
May 22, 2023	12299	0	0	0
May 23, 2023	12299	0	0	0
May 24, 2023	12299	42	0	0
May 25, 2023	12299	0	0	0
May 26, 2023	12299	0	0	0
May 27, 2023	12299	0	0	0
May 28, 2023	12299	0	2970	0
May 29, 2023	15227	0	0	0
May 30, 2023	15227	0	0	0
May 31, 2023	15227	68	0	0
Jun 01, 2023	15227	0	0	0
Jun 02, 2023	15227	0	0	0
Jun 03, 2023	15227	0	0	0
Jun 04, 2023	15227	0	3085	0
Jun 05, 2023	18244	0	0	0
Jun 06, 2023	18244	0	0	0
Jun 07, 2023	18244	69	0	0
Jun 08, 2023	18244	0	0	0
Jun 09, 2023	18244	0	0	0
Jun 10, 2023	18244	0	0	0
Jun 11, 2023	18244	0	2709	0
Jun 12, 2023	20884	0	0	0
Jun 13, 2023	20884	0	0	0
Jun 14, 2023	20884	60	0	0
Jun 15, 2023	20884	0	0	0
Jun 16, 2023	20884	0	0	0
Jun 17, 2023	20884	0	0	0
Jun 18, 2023	20884	0	2158	0
Jun 19, 2023	22982	0	0	0
Jun 20, 2023	22982	0	0	0
Jun 21, 2023	22982	36	0	0
Jun 22, 2023	22982	0	0	0
Jun 23, 2023	22982	0	0	0
Jun 24, 2023	22982	0	0	0
Jun 25, 2023	22982	0	1653	0
Jun 26, 2023	24599	0	0	0
Jun 27, 2023	24599	0	0	0
Jun 28, 2023	24599	43	0	0
Jun 29, 2023	24599	0	0	0
Jun 30, 2023	24599	0	0	0
Jul 01, 2023	24599	0	0	0
Jul 02, 2023	24599	0	859	0
Jul 03, 2023	25415	0	0	0
Jul 04, 2023	25415	0	0	0
Jul 05, 2023	25415	25	0	0
Jul 06, 2023	25415	0	0	0
Jul 07, 2023	25415	0	0	0
Jul 08, 2023	25415	0	0	0
Jul 09, 2023	25415	0	1193	0
Jul 10, 2023	26583	0	0	0
Jul 11, 2023	26583	0	0	0
Jul 12, 2023	26583	14	0	0
Jul 13, 2023	26583	0	0	0
Jul 14, 2023	26583	0	0	0
Jul 15, 2023	26583	0	0	0
Jul 16, 2023	26583	0	613	0
Jul 17, 2023	27182	0	0	0
Jul 18, 2023	27182	0	0	0
Jul 19, 2023	27182	8	0	0
Jul 20, 2023	27182	0	0	0
Jul 21, 2023	27182	0	0	0
Jul 22, 2023	27182	0	0	0
Jul 23, 2023	27182	0	556	0
Jul 24, 2023	27730	0	0	0
Jul 25, 2023	27730	0	0	0
Jul 26, 2023	27730	7	0	0
Jul 27, 2023	27730	0	0	0
Jul 28, 2023	27730	0	0	0
Jul 29, 2023	27730	0	0	0
Jul 30, 2023	27730	0	391	0
Jul 31, 2023	28114	0	0	0
Aug 01, 2023	28114	0	0	0
Aug 02, 2023	28114	12	0	0
Aug 03, 2023	28114	0	0	0
Aug 04, 2023	28114	0	0	0
Aug 05, 2023	28114	0	0	0
Aug 06, 2023	28114	0	268	0
Aug 07, 2023	28370	0	0	0
Aug 08, 2023	28370	0	0	0
Aug 09, 2023	28370	7	0	0
Aug 10, 2023	28370	0	0	0
Aug 11, 2023	28370	0	0	0
Aug 12, 2023	28370	0	0	0
Aug 13, 2023	28370	0	318	0
Aug 14, 2023	28681	0	0	0
Aug 15, 2023	28681	0	0	0
Aug 16, 2023	28681	9	0	0
Aug 17, 2023	28681	0	0	0
Aug 18, 2023	28681	0	0	0
Aug 19, 2023	28681	0	0	0
Aug 20, 2023	28681	0	389	0
Aug 21, 2023	29061	0	0	0
Aug 22, 2023	29061	0	0	0
Aug 23, 2023	29061	6	0	0
Aug 24, 2023	29061	0	0	0
Aug 25, 2023	29061	0	0	0
Aug 26, 2023	29061	0	0	0
Aug 27, 2023	29061	0	256	0
Aug 28, 2023	29311	0	0	0
Aug 29, 2023	29311	0	0	0
Aug 30, 2023	29311	6	0	0
Aug 31, 2023	29311	0	0	0
Sep 01, 2023	29311	0	0	0
Sep 02, 2023	29311	0	0	0
Sep 03, 2023	29311	0	187	0
Sep 04, 2023	29492	0	0	0
Sep 05, 2023	29492	0	0	0
Sep 06, 2023	29492	3	0	0
Sep 07, 2023	29492	0	0	0
Sep 08, 2023	29492	0	0	0
Sep 09, 2023	29492	0	0	0
Sep 10, 2023	29492	0	244	0
Sep 11, 2023	29733	0	0	0
Sep 12, 2023	29733	0	0	0
Sep 13, 2023	29733	3	0	0
Sep 14, 2023	29733	0	0	0
Sep 15, 2023	29733	0	0	0
Sep 16, 2023	29733	0	0	0
Sep 17, 2023	29733	0	212	0
Sep 18, 2023	29942	0	0	0
Sep 19, 2023	29942	0	0	0
Sep 20, 2023	29942	3	0	0
Sep 21, 2023	29942	0	0	0
Sep 22, 2023	29942	0	0	0
Sep 23, 2023	29942	0	0	0
Sep 24, 2023	29942	0	234	0
Sep 25, 2023	30173	0	0	0
Sep 26, 2023	30173	0	0	0
Sep 27, 2023	30173	1	0	0
Sep 28, 2023	30173	0	0	0
Sep 29, 2023	30173	0	0	0
Sep 30, 2023	30173	0	0	0
Oct 01, 2023	30173	0	190	0
Oct 02, 2023	30362	0	0	0
Oct 03, 2023	30362	0	0	0
Oct 04, 2023	30362	5	0	0
Oct 05, 2023	30362	0	0	0
Oct 06, 2023	30362	0	0	0
Oct 07, 2023	30362	0	0	0
Oct 08, 2023	30362	0	131	0
Oct 09, 2023	30488	0	0	0
Oct 10, 2023	30488	0	0	0
Oct 11, 2023	30488	3	0	0
Oct 12, 2023	30488	0	0	0
Oct 13, 2023	30488	0	0	0
Oct 14, 2023	30488	0	0	0
Oct 15, 2023	30488	0	124	0
Oct 16, 2023	30609	0	0	0
Oct 17, 2023	30609	0	0	0
Oct 18, 2023	30609	3	0	0
Oct 19, 2023	30609	0	0	0
Oct 20, 2023	30609	0	0	0
Oct 21, 2023	30609	0	0	0
Oct 22, 2023	30609	0	191	0
Oct 23, 2023	30797	0	0	0
Oct 24, 2023	30797	0	0	0
Oct 25, 2023	30797	2	0	0
Oct 26, 2023	30797	0	0	0
Oct 27, 2023	30797	0	0	0
Oct 28, 2023	30797	0	0	0
Oct 29, 2023	30797	0	206	0
Oct 30, 2023	31001	0	0	0
Oct 31, 2023	31001	0	0	0
Nov 01, 2023	31001	0	0	0
Nov 02, 2023	31001	1	0	0
Nov 03, 2023	31001	0	0	0
Nov 04, 2023	31001	0	0	0
Nov 05, 2023	31001	0	0	0
Nov 06, 2023	31001	0	304	0
Nov 07, 2023	31304	0	0	0
Nov 08, 2023	31304	1	0	0
Nov 09, 2023	31304	0	0	0
Nov 10, 2023	31304	0	0	0
Nov 11, 2023	31304	0	0	0
Nov 12, 2023	31304	0	287	0
Nov 13, 2023	31590	0	0	0
Nov 14, 2023	31590	0	0	0
Nov 15, 2023	31590	1	0	0
Nov 16, 2023	31590	0	0	0
Nov 17, 2023	31590	0	0	0
Nov 18, 2023	31590	0	0	0
Nov 19, 2023	31590	0	390	0
Nov 20, 2023	31979	0	0	0
Nov 21, 2023	31979	0	0	0
Nov 22, 2023	31979	2	0	0
Nov 23, 2023	31979	0	0	0
Nov 24, 2023	31979	0	0	0
Nov 25, 2023	31979	0	0	0
Nov 26, 2023	31979	0	480	0
Nov 27, 2023	32457	0	0	0
Nov 28, 2023	32457	0	0	0
Nov 29, 2023	32457	3	0	0
Nov 30, 2023	32457	0	0	0
Dec 01, 2023	32457	0	0	0
Dec 02, 2023	32457	0	0	0
Dec 03, 2023	32457	0	536	0
Dec 04, 2023	32990	0	0	0
Dec 05, 2023	32990	0	0	0
Dec 06, 2023	32990	4	0	0
Dec 07, 2023	32990	0	0	0
Dec 08, 2023	32990	0	0	0
Dec 09, 2023	32990	0	0	0
Dec 10, 2023	32990	0	590	0
Dec 11, 2023	33576	0	0	0
Dec 12, 2023	33576	0	0	0
Dec 13, 2023	33576	6	0	0
Dec 14, 2023	33576	0	0	0
Dec 15, 2023	33576	0	0	0
Dec 16, 2023	33576	0	0	0
Dec 17, 2023	33576	0	514	0
Dec 18, 2023	34084	0	0	0
Dec 19, 2023	34084	8	0	0
Dec 20, 2023	34084	0	0	0
Dec 21, 2023	34084	0	0	0
Dec 22, 2023	34084	0	0	0
Dec 23, 2023	34084	0	555	0
Dec 24, 2023	34631	0	0	0
Dec 25, 2023	34631	0	0	0
Dec 26, 2023	34631	0	0	0
Dec 27, 2023	34631	3	0	0
Dec 28, 2023	34631	0	0	0
Dec 29, 2023	34631	0	0	0
Dec 30, 2023	34631	0	0	0
Dec 31, 2023	34631	0	594	0
Jan 01, 2024	35222	0	0	0
Jan 02, 2024	35222	0	0	0
Jan 03, 2024	35222	4	0	0
Jan 04, 2024	35222	0	0	0
Jan 05, 2024	35222	0	0	0
Jan 06, 2024	35222	0	0	0
Jan 07, 2024	35222	0	664	0
Jan 08, 2024	35882	0	0	0
Jan 09, 2024	35882	0	0	0
Jan 10, 2024	35882	7	0	0
Jan 11, 2024	35882	0	0	0
Jan 12, 2024	35882	0	0	0
Jan 13, 2024	35882	0	0	0
Jan 14, 2024	35882	0	625	0
Jan 15, 2024	36500	0	0	0
Jan 16, 2024	36500	0	0	0
Jan 17, 2024	36500	11	0	0
Jan 18, 2024	36500	0	0	0
Jan 19, 2024	36500	0	0	0
Jan 20, 2024	36500	0	0	0
Jan 21, 2024	36500	0	718	0
Jan 22, 2024	37207	0	0	0
Jan 23, 2024	37207	0	0	0
Jan 24, 2024	37207	8	0	0
Jan 25, 2024	37207	0	0	0
Jan 26, 2024	37207	0	0	0
Jan 27, 2024	37207	0	0	0
Jan 28, 2024	37207	0	621	0
Jan 29, 2024	37820	0	0	0
Jan 30, 2024	37820	8	0	0
Jan 31, 2024	37820	0	0	0
Feb 01, 2024	37820	0	0	0
Feb 02, 2024	37820	0	0	0
Feb 03, 2024	37820	0	715	0
Feb 04, 2024	38527	0	0	0
Feb 05, 2024	38527	0	0	0
Feb 06, 2024	38527	0	0	0
Feb 07, 2024	38527	5	0	0
Feb 08, 2024	38527	0	0	0
Feb 09, 2024	38527	0	0	0
Feb 10, 2024	38527	0	0	0
Feb 11, 2024	38527	0	537	0
Feb 12, 2024	39059	0	0	0
Feb 13, 2024	39059	0	0	0
Feb 14, 2024	39059	4	0	0
Feb 15, 2024	39059	0	0	0
Feb 16, 2024	39059	0	0	0
Feb 17, 2024	39059	0	0	0
Feb 18, 2024	39059	0	496	0
Feb 19, 2024	39551	0	0	0
Feb 20, 2024	39551	0	0	0
Feb 21, 2024	39551	3	0	0
Feb 22, 2024	39551	0	0	0
Feb 23, 2024	39551	0	0	0
Feb 24, 2024	39551	0	0	0
Feb 25, 2024	39551	0	487	0
Feb 26, 2024	40035	0	0	0
Feb 27, 2024	40035	0	0	0
Feb 28, 2024	40035	0	0	0
Feb 29, 2024	40035	2	0	0
Mar 01, 2024	40035	0	0	0
Mar 02, 2024	40035	0	0	0
Mar 03, 2024	40035	0	0	0
Mar 04, 2024	40035	0	462	0
Mar 05, 2024	40495	3	0	0
Mar 06, 2024	40495	0	0	0
Mar 07, 2024	40495	0	0	0
Mar 08, 2024	40495	0	0	0
Mar 09, 2024	40495	0	446	0
Mar 10, 2024	40938	0	0	0
Mar 11, 2024	40938	0	0	0
Mar 12, 2024	40938	0	0	0
Mar 13, 2024	40938	4	0	0
Mar 14, 2024	40938	0	0	0
Mar 15, 2024	40938	0	0	0
Mar 16, 2024	40938	0	0	0
Mar 17, 2024	40938	0	501	0
Mar 18, 2024	41435	0	0	0
Mar 19, 2024	41435	0	0	0
Mar 20, 2024	41435	NA	0	0
Mar 21, 2024	41435	NA	0	0
Mar 22, 2024	41435	NA	0	0
Mar 23, 2024	41435	NA	0	0
Mar 24, 2024	41435	NA	NA	NA
