Dates	Active	Deaths	Newcases	recover
Feb 15, 2020	0	1	0	0
Feb 16, 2020	0	2	0	0
Feb 17, 2020	0	5	11	0
Feb 18, 2020	0	12	3	0
Feb 19, 2020	0	9	33	0
Feb 20, 2020	0	7	79	0
Feb 21, 2020	0	7	139	0
Feb 22, 2020	0	15	253	0
Feb 23, 2020	0	16	457	0
Feb 24, 2020	0	17	846	0
Feb 25, 2020	0	16	753	0
Feb 26, 2020	0	23	786	0
Feb 27, 2020	0	37	797	0
Feb 28, 2020	0	46	933	0
Feb 29, 2020	0	63	1526	0
Mar 01, 2020	0	79	3253	0
Mar 02, 2020	0	69	5628	0
Mar 03, 2020	0	76	4635	0
Mar 04, 2020	0	73	4937	0
Mar 05, 2020	0	75	4379	0
Mar 06, 2020	0	76	7355	0
Mar 07, 2020	0	87	5843	0
Mar 08, 2020	0	96	6680	1
Mar 09, 2020	0	98	7578	0
Mar 10, 2020	1	95	8196	0
Mar 11, 2020	13	97	8527	0
Mar 12, 2020	13	98	8563	6
Mar 13, 2020	26	107	10586	0
Mar 14, 2020	42	115	11198	3
Mar 15, 2020	54	125	11033	0
Mar 16, 2020	68	126	12912	1
Mar 17, 2020	68	121	13976	0
Mar 18, 2020	108	127	13026	6
Mar 19, 2020	135	123	11133	3
Mar 20, 2020	198	119	11049	0
Mar 21, 2020	241	117	11645	1
Mar 22, 2020	309	115	13059	10
Mar 23, 2020	338	109	11840	6
Mar 24, 2020	436	106	10290	3
Mar 25, 2020	548	99	10818	2
Mar 26, 2020	663	95	12714	28
Mar 27, 2020	770	92	12542	11
Mar 28, 2020	880	89	8386	11
Mar 29, 2020	961	93	8476	7
Mar 30, 2020	1039	84	8492	21
Mar 31, 2020	1142	78	7782	25
Apr 01, 2020	1276	61	6411	43
Apr 02, 2020	1429	64	5796	1
Apr 03, 2020	1622	59	6506	37
Apr 04, 2020	1742	64	7986	99
Apr 05, 2020	1742	57	7113	47
Apr 06, 2020	2031	48	5951	93
Apr 07, 2020	2031	50	5394	38
Apr 08, 2020	2449	47	4542	129
Apr 09, 2020	2670	55	4390	139
Apr 10, 2020	2883	53	4983	195
Apr 11, 2020	3132	58	6128	111
Apr 12, 2020	3284	55	5378	101
Apr 13, 2020	3317	48	5027	178
Apr 14, 2020	3407	41	4205	149
Apr 15, 2020	3573	44	4194	260
Apr 16, 2020	3573	31	3030	273
Apr 17, 2020	3809	28	4635	422
Apr 18, 2020	3972	23	4458	391
Apr 19, 2020	4013	27	4447	419
Apr 20, 2020	4176	27	4646	702
Apr 21, 2020	4318	32	4379	395
Apr 22, 2020	4449	32	3721	642
Apr 23, 2020	4593	29	3150	484
Apr 24, 2020	4749	28	2780	443
Apr 25, 2020	4865	34	2644	584
Apr 26, 2020	5041	30	2614	614
Apr 27, 2020	5245	28	2589	610
Apr 28, 2020	5399	26	3226	690
Apr 29, 2020	5540	25	3104	631
Apr 30, 2020	5673	23	2685	939
May 01, 2020	5768	22	2579	812
May 02, 2020	5906	24	2815	956
May 03, 2020	6252	21	3215	1072
May 04, 2020	6356	18	3104	1295
May 05, 2020	6458	21	2674	1189
May 06, 2020	6490	23	2282	1445
May 07, 2020	6654	19	2249	1111
May 08, 2020	6757	18	2138	1414
May 09, 2020	6953	17	2358	1668
May 10, 2020	3544	17	2687	1580
May 11, 2020	3517	15	2530	1871
May 12, 2020	3680	14	2388	1980
May 13, 2020	2510	15	2486	1569
May 14, 2020	2621	18	2690	2289
May 15, 2020	2778	17	2701	3966
May 16, 2020	2922	19	2508	2571
May 17, 2020	3100	21	2685	2438
May 18, 2020	3250	23	3250	3076
May 19, 2020	3392	22	3969	3113
May 20, 2020	3496	23	4249	3131
May 21, 2020	3580	24	4330	3271
May 22, 2020	3697	27	3990	2561
May 23, 2020	3999	24	3887	3307
May 24, 2020	4341	21	3547	3014
May 25, 2020	4594	19	3302	3571
May 26, 2020	4755	17	3395	3472
May 27, 2020	4034	15	3242	3171
May 28, 2020	4432	18	3297	11707
May 29, 2020	4665	16	3449	4309
May 30, 2020	3274	19	4058	4916
May 31, 2020	3613	17	3966	3902
Jun 01, 2020	3979	19	3797	4531
Jun 02, 2020	4229	20	3732	3786
Jun 03, 2020	4733	19	3688	4379
Jun 04, 2020	5062	16	3737	4783
Jun 05, 2020	5374	19	3517	5462
Jun 06, 2020	5500	22	3242	5153
Jun 07, 2020	5814	18	3226	5247
Jun 08, 2020	6055	23	3188	5070
Jun 09, 2020	6269	21	3139	6814
Jun 10, 2020	6499	19	3123	5993
Jun 11, 2020	7191	19	2954	7259
Jun 12, 2020	5031	20	2864	8095
Jun 13, 2020	5871	17	2832	7363
Jun 14, 2020	6483	21	2785	10631
Jun 15, 2020	7208	18	2728	7232
Jun 16, 2020	7731	17	2764	6886
Jun 17, 2020	8353	16	2753	10744
Jun 18, 2020	9094	17	2742	9024
Jun 19, 2020	9430	18	2698	13975
Jun 20, 2020	10370	19	2576	9071
Jun 21, 2020	11170	18	2538	10885
Jun 22, 2020	11567	17	2519	10437
Jun 23, 2020	12084	16	2497	13114
Jun 24, 2020	12689	17	2513	13983
Jun 25, 2020	13673	17	2532	10246
Jun 26, 2020	14060	15	2524	14229
Jun 27, 2020	14696	14	2453	11628
Jun 28, 2020	15612	15	2483	13497
Jun 29, 2020	16570	17	2549	12565
Jun 30, 2020	17174	19	2505	12060
Jul 01, 2020	17873	18	2521	20006
Jul 02, 2020	18125	19	2500	14417
Jul 03, 2020	18352	18	2619	14743
Jul 04, 2020	18502	19	2562	15829
Jul 05, 2020	19416	14	2630	15259
Jul 06, 2020	20528	15	2671	16908
Jul 07, 2020	20766	16	2709	19496
Jul 08, 2020	20963	15	2685	19406
Jul 09, 2020	20940	14	2706	20246
Jul 10, 2020	20968	15	2946	20025
Jul 11, 2020	21269	18	3204	18198
Jul 12, 2020	21685	21	3136	17683
Jul 13, 2020	22322	22	3223	20968
Jul 14, 2020	22473	21	3188	20655
Jul 15, 2020	22844	19	3215	22867
Jul 16, 2020	23531	22	3245	17476
Jul 17, 2020	23850	20	3218	23552
Jul 18, 2020	23696	23	3297	22769
Jul 19, 2020	23890	19	3381	24303
Jul 20, 2020	24135	22	3335	27691
Jul 21, 2020	23919	22	3416	31873
Jul 22, 2020	23604	19	3242	33327
Jul 23, 2020	23780	18	3354	32514
Jul 24, 2020	24039	24	3435	36128
Jul 25, 2020	24161	20	3544	32500
Jul 26, 2020	24871	26	3841	34454
Jul 27, 2020	25034	36	3272	35581
Jul 28, 2020	24693	39	3561	32841
Jul 29, 2020	24579	42	3310	37482
Jul 30, 2020	24576	44	3925	36554
Jul 31, 2020	24669	47	4086	51232
Aug 01, 2020	24853	45	3571	40349
Aug 02, 2020	24944	49	4056	43212
Aug 03, 2020	24866	53	4126	51220
Aug 04, 2020	24572	56	4213	45540
Aug 05, 2020	23886	53	4031	50184
Aug 06, 2020	24186	57	4317	50285
Aug 07, 2020	24294	52	4276	52135
Aug 08, 2020	24558	55	4341	54474
Aug 09, 2020	24105	58	4466	47362
Aug 10, 2020	24220	56	4385	56461
Aug 11, 2020	24119	48	4551	57759
Aug 12, 2020	24077	57	4292	54776
Aug 13, 2020	24514	63	4632	56920
Aug 14, 2020	24782	67	4790	53116
Aug 15, 2020	25062	63	4551	57404
Aug 16, 2020	25172	66	4113	58172
Aug 17, 2020	24910	62	4545	60455
Aug 18, 2020	23790	68	4105	59365
Aug 19, 2020	23653	61	4154	61873
Aug 20, 2020	22837	68	4668	62858
Aug 21, 2020	22811	65	4738	59101
Aug 22, 2020	23074	72	4817	56896
Aug 23, 2020	23588	74	4483	66305
Aug 24, 2020	23394	73	4817	64151
Aug 25, 2020	23703	71	4183	56191
Aug 26, 2020	23555	68	4132	59620
Aug 27, 2020	24038	65	4741	64475
Aug 28, 2020	24056	68	4602	64982
Aug 29, 2020	24235	65	4806	60408
Aug 30, 2020	24323	67	4681	64449
Aug 31, 2020	24807	63	4529	62144
Sep 01, 2020	24560	59	4110	67875
Sep 02, 2020	24567	57	3990	67491
Sep 03, 2020	24670	57	3841	69625
Sep 04, 2020	24791	55	3882	73161
Sep 05, 2020	25007	56	3784	69624
Sep 06, 2020	25296	58	3827	74123
Sep 07, 2020	25232	55	3922	74607
Sep 08, 2020	25549	56	4086	73057
Sep 09, 2020	25507	59	3887	70899
Sep 10, 2020	25385	58	4360	81455
Sep 11, 2020	25332	62	4110	77860
Sep 12, 2020	25410	57	4300	77746
Sep 13, 2020	25472	66	4393	79202
Sep 14, 2020	25249	73	4431	82865
Sep 15, 2020	25053	71	4485	82938
Sep 16, 2020	24481	72	4086	87779
Sep 17, 2020	24044	75	4390	95373
Sep 18, 2020	23557	74	4439	94523
Sep 19, 2020	23164	68	4545	92926
Sep 20, 2020	22581	71	4605	102070
Sep 21, 2020	22218	74	4929	87100
Sep 22, 2020	21681	69	4687	90030
Sep 23, 2020	21262	72	4937	81141
Sep 24, 2020	20935	75	5511	93177
Sep 25, 2020	20962	76	5152	92520
Sep 26, 2020	20989	77	5475	74679
Sep 27, 2020	21000	72	5718	85206
Sep 28, 2020	21234	78	5889	86061
Sep 29, 2020	21287	75	5688	85373
Sep 30, 2020	21162	74	5486	78646
Oct 01, 2020	21052	76	5979	76424
Oct 02, 2020	20784	79	6009	81655
Oct 03, 2020	21044	77	6270	76721
Oct 04, 2020	21054	81	6308	75657
Oct 05, 2020	21066	83	6316	82143
Oct 06, 2020	21212	81	6019	83209
Oct 07, 2020	21242	84	5728	78745
Oct 08, 2020	21200	85	6262	82298
Oct 09, 2020	21405	87	6373	89358
Oct 10, 2020	21632	86	6504	71564
Oct 11, 2020	21658	88	6286	78365
Oct 12, 2020	21625	93	6626	73913
Oct 13, 2020	21488	92	6754	81751
Oct 14, 2020	21690	89	6844	68202
Oct 15, 2020	21683	94	7007	72976
Oct 16, 2020	21666	103	6879	72765
Oct 17, 2020	21202	116	7325	65496
Oct 18, 2020	21140	123	7728	70722
Oct 19, 2020	21062	141	8283	61933
Oct 20, 2020	21126	135	8476	79345
Oct 21, 2020	21113	139	8767	74430
Oct 22, 2020	21217	153	9020	67244
Oct 23, 2020	21259	161	10388	62154
Oct 24, 2020	21325	168	11465	58271
Oct 25, 2020	21336	174	12354	64721
Oct 26, 2020	21403	177	13880	58479
Oct 27, 2020	21332	182	15047	57757
Oct 28, 2020	21193	185	16367	56947
Oct 29, 2020	21025	188	18260	59013
Oct 30, 2020	20810	190	20079	58292
Oct 31, 2020	20346	193	28351	53702
Nov 01, 2020	19996	187	29132	58524
Nov 02, 2020	19630	193	29845	53328
Nov 03, 2020	19482	196	30103	55873
Nov 04, 2020	19073	195	29281	54133
Nov 05, 2020	18733	203	31219	53795
Nov 06, 2020	19000	211	30110	48733
Nov 07, 2020	18902	217	31923	48369
Nov 08, 2020	18959	220	32381	41546
Nov 09, 2020	18812	226	32736	54638
Nov 10, 2020	18778	222	31896	52704
Nov 11, 2020	18819	218	30402	48797
Nov 12, 2020	18452	229	32137	48122
Nov 13, 2020	18392	235	33198	42270
Nov 14, 2020	18171	240	31712	44213
Nov 15, 2020	18410	243	30424	40219
Nov 16, 2020	18040	246	32106	44844
Nov 17, 2020	17586	241	29136	48757
Nov 18, 2020	17171	246	26919	45246
Nov 19, 2020	16852	254	29617	48881
Nov 20, 2020	16609	251	32102	44142
Nov 21, 2020	16271	259	29718	41405
Nov 22, 2020	15864	254	27515	42131
Nov 23, 2020	15681	256	26410	37829
Nov 24, 2020	15937	253	22195	36582
Nov 25, 2020	16174	254	20316	39723
Nov 26, 2020	16293	257	19103	41177
Nov 27, 2020	16668	253	19256	42275
Nov 28, 2020	17542	254	19650	45152
Nov 29, 2020	18053	239	18102	42282
Nov 30, 2020	18265	212	17543	43203
Dec 01, 2020	18695	202	15118	38306
Dec 02, 2020	19649	193	14205	45580
Dec 03, 2020	19682	197	15197	42319
Dec 04, 2020	20402	194	15805	41943
Dec 05, 2020	21487	191	15692	38225
Dec 06, 2020	21636	194	14380	39474
Dec 07, 2020	21688	186	12203	37161
Dec 08, 2020	22055	181	11180	29699
Dec 09, 2020	22843	176	9877	45683
Dec 10, 2020	24249	174	13695	33604
Dec 11, 2020	25400	171	14494	33087
Dec 12, 2020	26613	173	13830	30729
Dec 13, 2020	27546	170	12171	34224
Dec 14, 2020	27903	169	11479	33961
Dec 15, 2020	28721	168	9537	33350
Dec 16, 2020	29908	165	9138	30901
Dec 17, 2020	31576	164	10220	29879
Dec 18, 2020	32636	167	9809	29758
Dec 19, 2020	34312	159	9554	25709
Dec 20, 2020	35265	153	8962	30224
Dec 21, 2020	35490	149	8314	27083
Dec 22, 2020	37142	144	7550	29364
Dec 23, 2020	38457	140	6436	25137
Dec 24, 2020	39914	137	5862	22184
Dec 25, 2020	41155	134	6818	21466
Dec 26, 2020	41403	132	6435	21097
Dec 27, 2020	41551	129	6289	24822
Dec 28, 2020	42261	131	5967	26572
Dec 29, 2020	44582	129	5856	26423
Dec 30, 2020	46168	128	5277	22024
Dec 31, 2020	47630	124	5642	20143
Jan 01, 2021	47741	120	7103	24598
Jan 02, 2021	47967	117	7489	19604
Jan 03, 2021	47780	113	7279	29209
Jan 04, 2021	48345	110	6912	21161
Jan 05, 2021	49445	108	6871	19662
Jan 06, 2021	52053	112	6562	20559
Jan 07, 2021	52114	103	7719	19213
Jan 08, 2021	53313	98	7795	19460
Jan 09, 2021	54822	95	8102	16735
Jan 10, 2021	55597	94	7909	18580
Jan 11, 2021	56020	97	7901	17747
Jan 12, 2021	56897	93	7897	17797
Jan 13, 2021	56673	94	6670	15828
Jan 14, 2021	55932	91	8103	16801
Jan 15, 2021	54608	90	8636	17301
Jan 16, 2021	54577	86	8642	14513
Jan 17, 2021	54233	83	7590	17155
Jan 18, 2021	53405	82	7763	17240
Jan 19, 2021	53513	80	7706	20071
Jan 20, 2021	52413	77	6287	17726
Jan 21, 2021	50593	78	7945	17174
Jan 22, 2021	49310	75	7906	16033
Jan 23, 2021	48220	72	7325	13148
Jan 24, 2021	47086	73	7241	16034
Jan 25, 2021	45769	74	7419	13050
Jan 26, 2021	45202	71	7857	14490
Jan 27, 2021	43690	66	6546	20344
Jan 28, 2021	41975	69	8104	14872
Jan 29, 2021	40852	68	9107	14075
Jan 30, 2021	39403	65	9561	11879
Jan 31, 2021	38692	68	9572	13462
Feb 01, 2021	37365	62	9205	14256
Feb 02, 2021	36035	64	9193	17802
Feb 03, 2021	34718	65	8424	15893
Feb 04, 2021	33608	64	9891	14389
Feb 05, 2021	32215	66	11837	11619
Feb 06, 2021	30885	67	11520	11667
Feb 07, 2021	29309	63	11322	13829
Feb 08, 2021	27738	66	11302	12699
Feb 09, 2021	25295	65	11770	12025
Feb 10, 2021	23207	68	11187	15722
Feb 11, 2021	20893	63	13215	11358
Feb 12, 2021	18756	71	13755	11079
Feb 13, 2021	16775	73	14556	9295
Feb 14, 2021	14760	81	14046	11809
Feb 15, 2021	13254	87	14941	12011
Feb 16, 2021	12799	95	15082	11803
Feb 17, 2021	12035	102	13378	10362
Feb 18, 2021	11337	117	15503	10814
Feb 19, 2021	10833	138	16749	11656
Feb 20, 2021	10489	146	18912	9476
Feb 21, 2021	10111	157	20049	13469
Feb 22, 2021	9892	153	21030	13661
Feb 23, 2021	9795	151	21061	12406
Feb 24, 2021	9629	153	20428	12209
Feb 25, 2021	9417	154	22216	12380
Feb 26, 2021	9125	155	26182	12136
Feb 27, 2021	9123	152	29762	11293
Feb 28, 2021	8857	176	28731	11990
Mar 01, 2021	8245	179	29081	13604
Mar 02, 2021	8048	186	30021	14071
Mar 03, 2021	7912	185	29058	13788
Mar 04, 2021	7677	193	32404	14153
Mar 05, 2021	7362	211	37303	14362
Mar 06, 2021	7334	276	39302	14344
Mar 07, 2021	7149	258	40806	16606
Mar 08, 2021	7083	253	42308	20138
Mar 09, 2021	6810	248	44756	18179
Mar 10, 2021	6669	237	41998	11449
Mar 11, 2021	6547	243	42551	24095
Mar 12, 2021	6450	273	49584	16508
Mar 13, 2021	6252	279	54740	17590
Mar 14, 2021	6075	297	55941	20186
Mar 15, 2021	5873	289	55791	17746
Mar 16, 2021	5561	288	52676	17793
Mar 17, 2021	5372	318	50678	20338
Mar 18, 2021	5299	341	54562	23641
Mar 19, 2021	5440	346	59187	22970
Mar 20, 2021	5384	362	62797	21205
Mar 21, 2021	5382	354	61400	29735
Mar 22, 2021	5200	343	63082	23957
Mar 23, 2021	5114	339	62606	26575
Mar 24, 2021	5043	347	55802	32912
Mar 25, 2021	5030	353	55149	30346
Mar 26, 2021	5030	346	61028	28729
Mar 27, 2021	5028	341	61967	32149
Mar 28, 2021	4965	339	54791	37102
Mar 29, 2021	4925	394	49438	41223
Mar 30, 2021	4994	373	40596	40442
Mar 31, 2021	5033	340	38553	50390
Apr 01, 2021	5053	347	37312	44176
Apr 02, 2021	5023	336	43301	60062
Apr 03, 2021	4822	356	40444	52836
Apr 04, 2021	4749	304	37674	50087
Apr 05, 2021	4699	278	31891	59714
Apr 06, 2021	4614	281	28817	59146
Apr 07, 2021	4518	283	25980	61836
Apr 08, 2021	4492	282	24733	77199
Apr 09, 2021	4459	278	28997	90393
Apr 10, 2021	4320	232	26476	75380
Apr 11, 2021	4217	238	22388	96727
Apr 12, 2021	4071	242	20107	82248
Apr 13, 2021	3995	236	18052	93458
Apr 14, 2021	4021	223	15191	117832
Apr 15, 2021	3929	223	13604	122911
Apr 16, 2021	3930	203	14497	138205
Apr 17, 2021	4063	233	13029	143754
Apr 18, 2021	4043	207	11534	154372
Apr 19, 2021	4020	214	11394	166643
Apr 20, 2021	3899	231	11472	179543
Apr 21, 2021	3900	197	10512	192200
Apr 22, 2021	3845	178	10174	220513
Apr 23, 2021	3903	175	11937	215962
Apr 24, 2021	3966	166	11553	218559
Apr 25, 2021	3925	183	9385	248702
Apr 26, 2021	3906	164	9528	262362
Apr 27, 2021	3814	137	8697	270572
Apr 28, 2021	3899	134	7839	295489
Apr 29, 2021	3897	122	7523	299238
Apr 30, 2021	3959	129	9375	308769
May 01, 2021	3896	112	8738	299966
May 02, 2021	3892	114	8426	318965
May 03, 2021	3868	94	7773	337697
May 04, 2021	3872	92	7656	330676
May 05, 2021	3895	96	6933	328334
May 06, 2021	3965	91	6493	319675
May 07, 2021	3984	86	7112	394413
May 08, 2021	4153	87	7181	353768
May 09, 2021	4284	96	6602	355941
May 10, 2021	4278	69	6169	355443
May 11, 2021	4372	75	6126	351786
May 12, 2021	4601	53	5386	344931
May 13, 2021	4809	74	5647	352956
May 14, 2021	5081	84	6609	362715
May 15, 2021	5299	71	6454	378571
May 16, 2021	5367	62	6408	422394
May 17, 2021	5367	59	6261	389700
May 18, 2021	5536	51	6076	368980
May 19, 2021	5662	63	5012	357218
May 20, 2021	5821	51	5626	353116
May 21, 2021	5876	57	5955	359506
May 22, 2021	5914	65	6221	302396
May 23, 2021	5887	59	5904	326841
May 24, 2021	5833	56	5575	295539
May 25, 2021	5819	51	5480	282715
May 26, 2021	5961	52	5091	264312
May 27, 2021	6058	58	5294	280626
May 28, 2021	6192	53	6143	275868
May 29, 2021	6276	45	5809	237709
May 30, 2021	6281	42	5703	254975
May 31, 2021	6327	55	5630	231488
Jun 01, 2021	6412	45	5266	211905
Jun 02, 2021	6617	50	4883	205911
Jun 03, 2021	6812	35	5283	198322
Jun 04, 2021	7184	37	5846	189481
Jun 05, 2021	7563	52	5496	174116
Jun 06, 2021	7708	48	5288	186072
Jun 07, 2021	7794	59	4891	159399
Jun 08, 2021	8052	37	4537	149027
Jun 09, 2021	8242	37	4418	133669
Jun 10, 2021	8449	49	4678	122794
Jun 11, 2021	8827	46	5299	134198
Jun 12, 2021	9091	43	5160	113091
Jun 13, 2021	9414	48	5171	123803
Jun 14, 2021	9533	35	5670	107854
Jun 15, 2021	9651	38	5530	103910
Jun 16, 2021	9868	66	5261	88477
Jun 17, 2021	10029	50	5404	97858
Jun 18, 2021	10214	46	6285	87568
Jun 19, 2021	10461	59	6907	78082
Jun 20, 2021	10491	52	7304	76662
Jun 21, 2021	10521	60	6918	74120
Jun 22, 2021	10857	58	7666	69298
Jun 23, 2021	11081	55	7680	63731
Jun 24, 2021	11369	63	7667	65219
Jun 25, 2021	11653	51	8780	57776
Jun 26, 2021	11814	76	8151	58925
Jun 27, 2021	11988	60	9586	56948
Jun 28, 2021	12132	69	11094	60289
Jun 29, 2021	12389	79	12381	62025
Jun 30, 2021	12530	96	14230	54565
Jul 01, 2021	12760	91	16809	61651
Jul 02, 2021	12832	126	19761	52431
Jul 03, 2021	13146	122	22291	42817
Jul 04, 2021	13256	108	22161	51845
Jul 05, 2021	12711	101	22083	47136
Jul 06, 2021	13501	112	22332	44498
Jul 07, 2021	13540	108	20890	44259
Jul 08, 2021	13600	117	22898	45159
Jul 09, 2021	13635	124	24832	41595
Jul 10, 2021	13555	128	26822	39722
Jul 11, 2021	13539	138	24297	48930
Jul 12, 2021	13637	157	23957	40966
Jul 13, 2021	13281	145	25100	39387
Jul 14, 2021	13643	154	22699	39823
Jul 15, 2021	13684	165	23731	43877
Jul 16, 2021	13636	183	26597	42050
Jul 17, 2021	13502	168	27356	38529
Jul 18, 2021	13424	216	22261	45369
Jul 19, 2021	13448	204	21372	36870
Jul 20, 2021	13133	232	19949	38812
Jul 21, 2021	13065	206	18847	38491
Jul 22, 2021	13064	232	18163	35134
Jul 23, 2021	13089	230	21692	40052
Jul 24, 2021	13117	217	19944	35909
Jul 25, 2021	13195	257	19320	42539
Jul 26, 2021	12998	244	19918	41452
Jul 27, 2021	12828	245	19351	38732
Jul 28, 2021	12738	255	18622	42119
Jul 29, 2021	12629	245	18857	37314
Jul 30, 2021	12387	252	19191	39318
Jul 31, 2021	12569	290	19970	36808
Aug 01, 2021	12505	283	19616	39021
Aug 02, 2021	12260	276	18340	36646
Aug 03, 2021	11958	278	17912	41875
Aug 04, 2021	11808	269	17332	40659
Aug 05, 2021	11461	271	19557	40271
Aug 06, 2021	11142	274	21893	43944
Aug 07, 2021	10903	262	23946	39825
Aug 08, 2021	11228	257	23496	41461
Aug 09, 2021	11194	214	22857	37241
Aug 10, 2021	11006	259	20033	41985
Aug 11, 2021	10992	243	19391	41709
Aug 12, 2021	10964	231	20962	36189
Aug 13, 2021	10729	276	23638	37953
Aug 14, 2021	10654	248	23914	35499
Aug 15, 2021	10555	262	23846	37301
Aug 16, 2021	10397	237	23562	37145
Aug 17, 2021	9964	221	22923	37819
Aug 18, 2021	9843	213	21352	37908
Aug 19, 2021	9803	231	24613	36254
Aug 20, 2021	9539	260	27802	38614
Aug 21, 2021	9378	242	28224	44103
Aug 22, 2021	9304	217	28118	17575
Aug 23, 2021	9105	221	27692	55948
Aug 24, 2021	8686	193	26161	34420
Aug 25, 2021	8582	228	26398	32926
Aug 26, 2021	8245	206	27688	31341
Aug 27, 2021	8081	239	29338	35815
Aug 28, 2021	8026	227	28168	34841
Aug 29, 2021	7965	216	27844	36244
Aug 30, 2021	7890	210	27197	34109
Aug 31, 2021	7479	203	26145	34775
Sep 01, 2021	7354	194	25861	34988
Sep 02, 2021	7093	248	27188	36032
Sep 03, 2021	6797	228	28892	38459
Sep 04, 2021	6537	236	29386	43917
Sep 05, 2021	6371	217	29104	42969
Sep 06, 2021	6182	188	28873	39090
Sep 07, 2021	5934	206	27973	40622
Sep 08, 2021	5680	196	27351	24109
Sep 09, 2021	5490	188	28810	36963
Sep 10, 2021	5270	237	29802	37885
Sep 11, 2021	4685	236	30438	40573
Sep 12, 2021	4893	203	30019	39943
Sep 13, 2021	4865	181	30201	37982
Sep 14, 2021	4642	212	28645	38361
Sep 15, 2021	4461	186	28370	37878
Sep 16, 2021	4327	214	30563	33850
Sep 17, 2021	4199	223	33860	39633
Sep 18, 2021	4059	214	31248	43238
Sep 19, 2021	4307	198	30709	34470
Sep 20, 2021	4455	228	30694	34148
Sep 21, 2021	3890	217	28537	31968
Sep 22, 2021	3887	195	24114	32549
Sep 23, 2021	3558	232	29240	28048
Sep 24, 2021	3763	215	30862	25990
Sep 25, 2021	3673	210	29760	29658
Sep 26, 2021	3573	229	28465	24237
Sep 27, 2021	3564	209	28192	29900
Sep 28, 2021	3420	203	26217	28728
Sep 29, 2021	3314	201	24792	28239
Sep 30, 2021	3295	217	27663	25456
Oct 01, 2021	3214	224	29643	25045
Oct 02, 2021	3137	246	26896	27619
Oct 03, 2021	3095	228	25528	29322
Oct 04, 2021	3032	198	24409	25089
Oct 05, 2021	2925	203	23096	24624
Oct 06, 2021	2822	200	23948	24958
Oct 07, 2021	2781	187	28678	23066
Oct 08, 2021	2717	196	29796	23593
Oct 09, 2021	2688	203	29764	21583
Oct 10, 2021	2605	197	29482	26572
Oct 11, 2021	2709	217	28193	22850
Oct 12, 2021	2508	215	27474	19796
Oct 13, 2021	2443	189	25304	19388
Oct 14, 2021	2440	215	27824	17868
Oct 15, 2021	2430	227	28662	19785
Oct 16, 2021	2368	229	27259	19578
Oct 17, 2021	2306	226	24898	19454
Oct 18, 2021	2315	218	23637	19451
Oct 19, 2021	2256	201	22583	17560
Oct 20, 2021	2319	195	21624	18636
Oct 21, 2021	2316	193	23852	17633
Oct 22, 2021	2324	208	25101	16500
Oct 23, 2021	2277	175	23867	18699
Oct 24, 2021	2276	222	22234	15974
Oct 25, 2021	2299	201	23810	14049
Oct 26, 2021	2283	192	23347	17047
Oct 27, 2021	2257	213	21177	13223
Oct 28, 2021	2202	189	24856	13482
Oct 29, 2021	2183	207	28170	14755
Oct 30, 2021	2174	196	27592	13170
Oct 31, 2021	2304	192	24467	14543
Nov 01, 2021	2100	187	24002	13600
Nov 02, 2021	2020	228	23759	14873
Nov 03, 2021	1913	185	21655	11357
Nov 04, 2021	1776	187	24317	13201
Nov 05, 2021	1700	198	25216	12003
Nov 06, 2021	1651	192	22556	12562
Nov 07, 2021	1634	195	21747	9749
Nov 08, 2021	1641	176	21495	12816
Nov 09, 2021	1627	191	20374	10994
Nov 10, 2021	1642	182	19357	13878
Nov 11, 2021	1582	171	20033	13155
Nov 12, 2021	1665	181	22687	12403
Nov 13, 2021	1756	193	20874	11376
Nov 14, 2021	1805	167	19696	11926
Nov 15, 2021	1848	190	18561	11971
Nov 16, 2021	1918	191	19255	12134
Nov 17, 2021	2155	171	17956	11242
Nov 18, 2021	2357	176	18796	12789
Nov 19, 2021	2244	187	21477	11787
Nov 20, 2021	2403	179	19872	12329
Nov 21, 2021	2428	168	18100	12510
Nov 22, 2021	2455	133	18141	12202
Nov 23, 2021	2468	145	17644	10949
Nov 24, 2021	2541	173	16910	10264
Nov 25, 2021	2603	157	18762	9868
Nov 26, 2021	2664	184	19859	10967
Nov 27, 2021	2660	142	19095	9481
Nov 28, 2021	2693	139	18771	9905
Nov 29, 2021	2648	163	18910	10116
Nov 30, 2021	2551	145	20470	10207
Dec 01, 2021	2623	129	20138	8548
Dec 02, 2021	2704	160	26099	8612
Dec 03, 2021	2756	137	32176	8190
Dec 04, 2021	2797	143	36684	6918
Dec 05, 2021	2841	156	39681	8834
Dec 06, 2021	3018	157	40786	10004
Dec 07, 2021	2995	141	36731	9525
Dec 08, 2021	3089	173	33520	8251
Dec 09, 2021	3018	141	44869	7678
Dec 10, 2021	2927	137	54724	9265
Dec 11, 2021	3078	145	66467	8464
Dec 12, 2021	3110	153	68413	7973
Dec 13, 2021	3270	167	63214	7995
Dec 14, 2021	3486	177	66237	8168
Dec 15, 2021	3610	136	61727	7948
Dec 16, 2021	3694	162	65236	7886
Dec 17, 2021	3866	157	74266	8706
Dec 18, 2021	3987	176	77722	7469
Dec 19, 2021	4094	166	75564	8077
Dec 20, 2021	4149	181	67857	8043
Dec 21, 2021	4322	184	63967	6906
Dec 22, 2021	4657	185	54100	6960
Dec 23, 2021	5232	156	64935	7051
Dec 24, 2021	5858	174	69658	7286
Dec 25, 2021	6365	188	72615	7091
Dec 26, 2021	6632	174	71843	7141
Dec 27, 2021	6946	210	72555	6450
Dec 28, 2021	7858	174	72856	7347
Dec 29, 2021	8789	189	65503	7486
Dec 30, 2021	11064	182	67023	7585
Dec 31, 2021	12868	198	76341	18198
Jan 01, 2022	14363	217	77434	0
Jan 02, 2022	14825	233	82180	10846
Jan 03, 2022	16046	248	93586	26396
Jan 04, 2022	18673	221	94783	20452
Jan 05, 2022	22352	201	88145	29590
Jan 06, 2022	26157	236	93261	40895
Jan 07, 2022	30285	241	102601	40863
Jan 08, 2022	34178	266	110682	46569
Jan 09, 2022	37578	264	107530	69959
Jan 10, 2022	39824	253	111157	60405
Jan 11, 2022	34013	272	98715	84825
Jan 12, 2022	38932	276	87934	109345
Jan 13, 2022	45743	266	96514	122684
Jan 14, 2022	55069	309	111096	138331
Jan 15, 2022	54768	271	108563	151740
Jan 16, 2022	56965	258	98602	157421
Jan 17, 2022	57203	264	95065	188157
Jan 18, 2022	62918	278	86193	223990
Jan 19, 2022	69369	263	73787	251777
Jan 20, 2022	77438	268	76632	242676
Jan 21, 2022	84113	271	94730	259168
Jan 22, 2022	85828	268	94176	243495
Jan 23, 2022	83343	281	92406	267753
Jan 24, 2022	79281	266	87411	299073
Jan 25, 2022	78914	221	80454	306357
Jan 26, 2022	81848	206	70355	347443
Jan 27, 2022	83933	213	85026	335939
Jan 28, 2022	79445	203	86070	352784
Jan 29, 2022	75079	189	86600	262628
Jan 30, 2022	68736	188	79708	254076
Jan 31, 2022	61407	180	71736	281109
Feb 01, 2022	57436	174	61764	259107
Feb 02, 2022	53444	170	49792	246674
Feb 03, 2022	56199	132	64275	230814
Feb 04, 2022	50800	130	59885	213246
Feb 05, 2022	46023	143	56780	199054
Feb 06, 2022	41091	140	49424	180456
Feb 07, 2022	36499	123	38283	172211
Feb 08, 2022	33763	132	32389	167882
Feb 09, 2022	32521	138	27671	150407
Feb 10, 2022	31723	133	34343	136962
Feb 11, 2022	28256	115	37407	117591
Feb 12, 2022	25127	118	33243	91930
Feb 13, 2022	21713	101	29492	82817
Feb 14, 2022	19012	123	25401	82988
Feb 15, 2022	17596	105	20465	67538
Feb 16, 2022	10786	85	17426	66254
Feb 17, 2022	11241	80	24404	60298
Feb 18, 2022	12190	90	24614	48847
Feb 19, 2022	12288	84	22345	37901
Feb 20, 2022	11402	77	21354	34226
Feb 21, 2022	9882	68	19126	31377
Feb 22, 2022	9152	70	17328	30009
Feb 23, 2022	8715	64	13081	26988
Feb 24, 2022	8596	61	14933	23598
Feb 25, 2022	7749	63	17426	20439
Feb 26, 2022	7108	53	17161	16765
Feb 27, 2022	6370	56	16894	16864
Feb 28, 2022	5559	45	15303	14123
Mar 01, 2022	4988	41	13849	14947
Mar 02, 2022	4603	38	11194	13450
Mar 03, 2022	4536	40	14364	11651
Mar 04, 2022	4221	37	16190	9754
Mar 05, 2022	3912	41	14993	9620
Mar 06, 2022	3308	36	14336	8055
Mar 07, 2022	3113	31	13367	7416
Mar 08, 2022	3030	35	11783	6554
Mar 09, 2022	3005	32	9021	6208
Mar 10, 2022	3066	28	12647	5185
Mar 11, 2022	3065	25	12213	5559
Mar 12, 2022	3036	31	10314	4377
Mar 13, 2022	2710	21	9354	4722
Mar 14, 2022	2420	18	7120	3884
Mar 15, 2022	2386	19	6986	4491
Mar 16, 2022	2435	17	5609	3997
Mar 17, 2022	2557	19	6893	3383
Mar 18, 2022	2449	23	6635	3196
Mar 19, 2022	2474	18	5529	2652
Mar 20, 2022	2407	17	5127	2741
Mar 21, 2022	2265	15	4425	2542
Mar 22, 2022	2412	16	4086	2531
Mar 23, 2022	2595	15	3268	2499
Mar 24, 2022	2754	15	4542	2349
Mar 25, 2022	2725	14	4217	1826
Mar 26, 2022	2677	16	3668	1567
Mar 27, 2022	2550	15	3354	1705
Mar 28, 2022	2414	9	2898	1876
Mar 29, 2022	2436	11	2654	1594
Mar 30, 2022	2523	12	2277	1918
Mar 31, 2022	2607	8	2604	1404
Apr 01, 2022	2523	10	2511	1447
Apr 02, 2022	2414	7	2479	1316
Apr 03, 2022	2240	11	2256	1280
Apr 04, 2022	2108	7	1924	1198
Apr 05, 2022	2209	11	1772	1222
Apr 06, 2022	2000	9	1480	1213
Apr 07, 2022	2110	8	1344	1194
Apr 08, 2022	2328	7	1193	1258
Apr 09, 2022	2287	9	1132	929
Apr 10, 2022	2019	8	1253	946
Apr 11, 2022	2086	7	1743	1081
Apr 12, 2022	2236	5	1661	818
Apr 13, 2022	2467	10	1480	810
Apr 14, 2022	2648	4	1542	796
Apr 15, 2022	2569	7	1858	954
Apr 16, 2022	2469	3	1670	1985
Apr 17, 2022	2395	4	1778	928
Apr 18, 2022	2302	4	1534	1547
Apr 19, 2022	2519	3	1407	1231
Apr 20, 2022	3037	5	1154	1589
Apr 21, 2022	3133	3	1254	1656
Apr 22, 2022	3328	6	1608	1755
Apr 23, 2022	3472	4	1443	1862
Apr 24, 2022	3438	5	1485	1970
Apr 25, 2022	3438	4	1017	2252
Apr 26, 2022	4008	3	1264	2563
Apr 27, 2022	4617	2	905	2496
Apr 28, 2022	5242	4	922	2755
Apr 29, 2022	5635	4	1304	2876
Apr 30, 2022	6066	4	1260	2723
May 01, 2022	6766	0	1310	2911
May 02, 2022	6303	0	940	2802
May 03, 2022	6483	0	966	3010
May 04, 2022	7939	7	864	0
May 05, 2022	9669	2	908	6717
May 06, 2022	10766	3	975	3079
May 07, 2022	12566	3	975	3410
May 08, 2022	13326	3	1116	3044
May 09, 2022	13732	3	1116	2986
May 10, 2022	16104	3	1116	3230
May 11, 2022	18644	3	1116	3295
May 12, 2022	21413	2	1079	3355
May 13, 2022	23654	2	1079	2878
May 14, 2022	24653	3	1079	2550
May 15, 2022	24617	3	1079	2467
May 16, 2022	24129	3	1080	2549
May 17, 2022	25630	3	1080	2582
May 18, 2022	27343	3	1080	2614
May 19, 2022	29478	3	1564	2346
May 20, 2022	29289	3	1564	2202
May 21, 2022	29133	3	1564	2099
May 22, 2022	28014	2	1564	1635
May 23, 2022	26614	2	1564	1977
May 24, 2022	27455	2	1564	2167
May 25, 2022	29029	2	1570	2296
May 26, 2022	30857	4	3805	2158
May 27, 2022	30613	4	3805	2035
May 28, 2022	30164	4	3805	2070
May 29, 2022	28740	3	3805	2134
May 30, 2022	27280	3	3805	2236
May 31, 2022	27994	3	3805	2584
Jun 01, 2022	29106	4	3805	2363
Jun 02, 2022	30813	5	8159	2697
Jun 03, 2022	29962	5	8159	2619
Jun 04, 2022	29395	5	8159	2779
Jun 05, 2022	27709	4	8159	2513
Jun 06, 2022	26026	4	8159	3345
Jun 07, 2022	26583	4	8159	3591
Jun 08, 2022	27476	4	8159	3791
Jun 09, 2022	28046	13	16727	4216
Jun 10, 2022	26819	13	16727	4435
Jun 11, 2022	25692	14	16727	4592
Jun 12, 2022	23615	14	16727	4035
Jun 13, 2022	21621	14	16727	5718
Jun 14, 2022	21050	14	16727	7624
Jun 15, 2022	21130	14	16733	7985
Jun 16, 2022	21230	22	32361	8148
Jun 17, 2022	19220	22	32361	8518
Jun 18, 2022	18298	22	32362	8537
Jun 19, 2022	16825	22	32362	7293
Jun 20, 2022	15328	23	32362	9862
Jun 21, 2022	15285	23	32362	10972
Jun 22, 2022	15887	23	32362	13029
Jun 23, 2022	16758	42	52203	12425
Jun 24, 2022	16095	42	52203	10917
Jun 25, 2022	15828	42	52203	15208
Jun 26, 2022	15141	42	52203	9486
Jun 27, 2022	14153	42	52204	11574
Jun 28, 2022	14520	42	52204	13827
Jun 29, 2022	15188	42	52204	14413
Jun 30, 2022	15780	43	50790	14684
Jul 01, 2022	15080	54	50790	13929
Jul 02, 2022	14513	54	50790	13958
Jul 03, 2022	13537	54	50790	12456
Jul 04, 2022	14221	54	50790	15394
Jul 05, 2022	15954	54	50790	14650
Jul 06, 2022	17711	55	50791	15899
Jul 07, 2022	19404	55	50791	16104
Jul 08, 2022	13426	48	33179	14553
Jul 09, 2022	13137	49	33179	14629
Jul 10, 2022	12561	49	33179	13265
Jul 11, 2022	11783	49	33179	15447
Jul 12, 2022	12138	49	33179	16482
Jul 13, 2022	12509	49	33179	16994
Jul 14, 2022	12533	49	33179	18301
Jul 15, 2022	11928	33	20539	17790
Jul 16, 2022	11375	33	20539	16069
Jul 17, 2022	10536	33	20540	16113
Jul 18, 2022	9625	33	20540	18517
Jul 19, 2022	9468	33	20540	18294
Jul 20, 2022	9764	33	20540	21219
Jul 21, 2022	9927	33	20540	20726
Jul 22, 2022	9154	29	11431	18143
Jul 23, 2022	8732	30	11431	18148
Jul 24, 2022	8616	30	11431	0
Jul 25, 2022	8497	30	11431	18159
Jul 26, 2022	8377	30	11432	39958
Jul 27, 2022	8261	30	11432	22697
Jul 28, 2022	8141	30	11432	20958
Jul 29, 2022	8024	20	6554	19336
Jul 30, 2022	7906	19	6554	16112
Jul 31, 2022	7905	20	6554	17897
Aug 01, 2022	7905	21	6555	19823
Aug 02, 2022	7905	20	6555	20419
Aug 03, 2022	7905	20	6555	21595
Aug 04, 2022	7905	19	6555	19928
Aug 05, 2022	7905	13	4598	18558
Aug 06, 2022	7906	13	4598	15549
Aug 07, 2022	7454	13	4598	16412
Aug 08, 2022	7040	12	4598	19539
Aug 09, 2022	7433	14	4598	19431
Aug 10, 2022	8048	12	4598	18053
Aug 11, 2022	8565	12	4603	20018
Aug 12, 2022	8450	10	3205	16454
Aug 13, 2022	8551	10	3205	14238
Aug 14, 2022	8492	10	3205	15040
Aug 15, 2022	8433	10	3205	15220
Aug 16, 2022	8374	10	3205	16251
Aug 17, 2022	8315	10	3205	15220
Aug 18, 2022	8257	11	3211	0
Aug 19, 2022	8198	5	3058	26683
Aug 20, 2022	8139	5	3058	11726
Aug 21, 2022	8038	6	3059	9680
Aug 22, 2022	7937	6	3059	10677
Aug 23, 2022	7836	6	3059	13084
Aug 24, 2022	7735	6	3059	13528
Aug 25, 2022	7634	6	3059	12875
Aug 26, 2022	7533	3	3247	9999
Aug 27, 2022	7431	3	3247	9206
Aug 28, 2022	7949	3	3247	22031
Aug 29, 2022	8467	3	3247	10828
Aug 30, 2022	8985	4	3247	9828
Aug 31, 2022	9504	4	3247	9685
Sep 01, 2022	10023	4	3247	9651
Sep 02, 2022	10542	4	3302	8414
Sep 03, 2022	5234	4	3302	7034
Sep 04, 2022	5577	4	3302	6032
Sep 05, 2022	5920	4	3302	7094
Sep 06, 2022	6263	4	3302	6614
Sep 07, 2022	6606	4	3303	0
Sep 08, 2022	6949	4	3303	13090
Sep 09, 2022	7292	4	2443	5970
Sep 10, 2022	3449	4	2443	5975
Sep 11, 2022	3674	4	2443	5178
Sep 12, 2022	3899	5	2443	5675
Sep 13, 2022	4125	5	2443	5748
Sep 14, 2022	4350	5	2443	5916
Sep 15, 2022	4589	5	2443	5618
Sep 16, 2022	4815	4	2443	4555
Sep 17, 2022	2260	4	2443	4735
Sep 18, 2022	2395	4	2443	4676
Sep 19, 2022	2532	4	2443	5640
Sep 20, 2022	2687	4	2443	5291
Sep 21, 2022	2813	4	2444	6424
Sep 22, 2022	3007	5	2444	5719
Sep 23, 2022	3131	5	1634	5196
Sep 24, 2022	1496	5	1634	4688
Sep 25, 2022	1496	5	1634	4255
Sep 26, 2022	1496	5	1635	4972
Sep 27, 2022	1496	5	1635	4474
Sep 28, 2022	1496	5	1635	5096
Sep 29, 2022	1496	5	1635	5069
Sep 30, 2022	1496	6	1635	4206
Oct 01, 2022	1496	6	1635	4301
Oct 02, 2022	1496	6	1635	3481
Oct 03, 2022	1072	6	1635	3731
Oct 04, 2022	1072	6	1635	3553
Oct 05, 2022	1072	6	1635	3908
Oct 06, 2022	1072	6	1635	3884
Oct 07, 2022	1072	6	2216	3393
Oct 08, 2022	1072	5	2216	2923
Oct 09, 2022	1072	5	2216	2654
Oct 10, 2022	872	5	2216	3208
Oct 11, 2022	872	5	2216	2557
Oct 12, 2022	872	5	2216	2594
Oct 13, 2022	872	6	2216	2378
Oct 14, 2022	872	6	2216	2373
Oct 15, 2022	872	6	2216	1841
Oct 16, 2022	872	6	2216	1919
Oct 17, 2022	872	6	2216	2417
Oct 18, 2022	929	6	2216	2579
Oct 19, 2022	929	7	2216	2582
Oct 20, 2022	929	7	2656	3102
Oct 21, 2022	929	7	2656	2601
Oct 22, 2022	929	7	2656	1557
Oct 23, 2022	929	7	2656	1503
Oct 24, 2022	929	7	2656	1771
Oct 25, 2022	819	7	2656	1892
Oct 26, 2022	819	7	2656	3619
Oct 27, 2022	819	6	2656	2161
Oct 28, 2022	819	6	2656	2081
Oct 29, 2022	819	7	2656	1723
Oct 30, 2022	819	9	2656	1287
Oct 31, 2022	1006	9	2656	1190
Nov 01, 2022	1006	9	2656	1457
Nov 02, 2022	1006	9	2657	1591
Nov 03, 2022	1006	8	3325	1580
Nov 04, 2022	1006	8	3324	1479
Nov 05, 2022	1006	8	3324	1252
Nov 06, 2022	1006	8	2862	1119
Nov 07, 2022	1140	8	2862	1271
Nov 08, 2022	1140	8	2862	1385
Nov 09, 2022	1140	8	2862	1271
Nov 10, 2022	1140	8	2862	1024
Nov 11, 2022	1140	8	2862	977
Nov 12, 2022	1140	8	2862	3385
Nov 13, 2022	1140	8	2862	800
Nov 14, 2022	1594	8	2862	856
Nov 15, 2022	1594	8	2862	1010
Nov 16, 2022	1594	8	2862	790
Nov 17, 2022	1594	8	2862	0
Nov 18, 2022	1594	8	2862	1572
Nov 19, 2022	1594	8	2862	481
Nov 20, 2022	1594	8	2861	482
Nov 21, 2022	3502	8	2861	518
Nov 22, 2022	3502	8	2861	568
Nov 23, 2022	3502	8	2861	709
Nov 24, 2022	3502	8	2861	506
Nov 25, 2022	3502	8	2861	471
Nov 26, 2022	3502	8	2861	429
Nov 27, 2022	3502	8	2861	355
Nov 28, 2022	3502	8	2861	401
Nov 29, 2022	7754	8	2861	377
Nov 30, 2022	7754	8	2861	368
Dec 01, 2022	7754	8	2861	325
Dec 02, 2022	7754	8	2861	293
Dec 03, 2022	7754	8	2861	319
Dec 04, 2022	7754	8	2861	251
Dec 05, 2022	9626	8	2861	251
Dec 06, 2022	9626	8	2861	243
Dec 07, 2022	9626	8	1413	259
Dec 08, 2022	9626	8	1413	390
Dec 09, 2022	9626	8	1413	303
Dec 10, 2022	9626	8	1413	166
Dec 11, 2022	9626	8	1413	175
Dec 12, 2022	9342	8	1413	151
Dec 13, 2022	9342	8	1413	274
Dec 14, 2022	9342	7	1413	238
Dec 15, 2022	9342	7	1413	246
Dec 16, 2022	9342	7	1413	227
Dec 17, 2022	9342	7	1413	126
Dec 18, 2022	9342	7	1413	178
Dec 19, 2022	6761	7	1413	210
Dec 20, 2022	6761	7	1413	190
Dec 21, 2022	6761	7	1413	176
Dec 22, 2022	6761	7	1413	183
Dec 23, 2022	6761	7	1413	198
Dec 24, 2022	6761	7	1413	190
Dec 25, 2022	6761	7	1413	163
Dec 26, 2022	6761	7	1413	141
Dec 27, 2022	4076	7	1413	182
Dec 28, 2022	4076	7	1413	185
Dec 29, 2022	4076	7	1413	179
Dec 30, 2022	4076	7	1413	1209
Dec 31, 2022	4076	4	1413	207
Jan 01, 2023	4076	4	1413	222
Jan 02, 2023	4076	4	1413	187
Jan 03, 2023	2999	4	1413	0
Jan 04, 2023	2999	4	1413	476
Jan 05, 2023	2999	4	1412	204
Jan 06, 2023	2999	4	1412	247
Jan 07, 2023	2999	4	565	221
Jan 08, 2023	2999	4	565	172
Jan 09, 2023	2999	4	565	148
Jan 10, 2023	2086	4	565	0
Jan 11, 2023	2086	3	565	0
Jan 12, 2023	2086	3	565	661
Jan 13, 2023	2086	3	565	182
Jan 14, 2023	2086	3	565	144
Jan 15, 2023	2086	3	565	163
Jan 16, 2023	1538	3	565	173
Jan 17, 2023	1538	3	565	170
Jan 18, 2023	1538	3	565	161
Jan 19, 2023	1538	3	565	135
Jan 20, 2023	1538	3	565	117
Jan 21, 2023	1538	3	565	118
Jan 22, 2023	1538	3	565	0
Jan 23, 2023	1122	3	565	201
Jan 24, 2023	1122	3	565	147
Jan 25, 2023	1122	3	565	108
Jan 26, 2023	1122	3	564	147
Jan 27, 2023	1122	3	564	108
Jan 28, 2023	1122	3	564	74
Jan 29, 2023	1122	3	564	158
Jan 30, 2023	1122	3	564	83
Jan 31, 2023	899	3	564	0
Feb 01, 2023	899	3	564	245
Feb 02, 2023	899	3	564	96
Feb 03, 2023	899	3	564	88
Feb 04, 2023	899	3	1002	91
Feb 05, 2023	899	3	1002	135
Feb 06, 2023	747	3	1002	81
Feb 07, 2023	747	3	1002	111
Feb 08, 2023	747	3	1002	96
Feb 09, 2023	747	3	1002	109
Feb 10, 2023	747	3	1002	101
Feb 11, 2023	747	3	1002	85
Feb 12, 2023	747	3	1002	93
Feb 13, 2023	617	3	1002	94
Feb 14, 2023	617	3	1002	113
Feb 15, 2023	617	3	1002	129
Feb 16, 2023	617	3	1002	112
Feb 17, 2023	617	3	1002	107
Feb 18, 2023	617	3	1002	102
Feb 19, 2023	617	3	1002	90
Feb 20, 2023	617	2	1002	110
Feb 21, 2023	617	2	1002	127
Feb 22, 2023	617	2	1002	152
Feb 23, 2023	525	2	1002	106
Feb 24, 2023	525	2	1002	154
Feb 25, 2023	525	2	1002	104
Feb 26, 2023	525	2	1002	140
Feb 27, 2023	370	2	1001	161
Feb 28, 2023	370	0	1001	164
Mar 01, 2023	370	0	1001	197
Mar 02, 2023	370	0	1001	170
Mar 03, 2023	370	0	1001	219
Mar 04, 2023	370	0	1001	171
Mar 05, 2023	370	0	1001	197
Mar 06, 2023	598	0	1001	220
Mar 07, 2023	598	0	0	277
Mar 08, 2023	598	0	0	320
Mar 09, 2023	598	0	0	0
Mar 10, 2023	598	0	0	654
Mar 11, 2023	598	0	0	252
Mar 12, 2023	598	0	0	306
Mar 13, 2023	598	0	0	319
Mar 14, 2023	697	0	0	327
Mar 15, 2023	697	0	0	388
Mar 16, 2023	697	0	0	476
Mar 17, 2023	697	0	0	542
Mar 18, 2023	697	0	0	479
Mar 19, 2023	697	0	0	435
Mar 20, 2023	888	0	0	662
Mar 21, 2023	888	0	0	718
Mar 22, 2023	888	0	0	925
Mar 23, 2023	888	0	0	910
Mar 24, 2023	888	0	0	1051
Mar 25, 2023	888	0	0	932
Mar 26, 2023	888	0	0	888
Mar 27, 2023	888	0	0	1222
Mar 28, 2023	888	0	0	1396
Mar 29, 2023	888	0	0	1390
Mar 30, 2023	1093	0	0	1840
Mar 31, 2023	1093	0	0	1784
Apr 01, 2023	1093	0	0	1800
Apr 02, 2023	1093	0	0	2069
Apr 03, 2023	1093	0	0	2508
Apr 04, 2023	1093	0	0	2826
Apr 05, 2023	951	0	0	3320
Apr 06, 2023	951	0	0	3253
Apr 07, 2023	951	0	0	3726
Apr 08, 2023	951	0	0	3481
Apr 09, 2023	951	0	0	3761
Apr 10, 2023	951	0	0	4692
Apr 11, 2023	951	0	0	5356
Apr 12, 2023	951	0	0	6456
Apr 13, 2023	548	0	0	6628
Apr 14, 2023	548	0	0	6248
Apr 15, 2023	548	0	0	6313
Apr 16, 2023	548	0	0	6702
Apr 17, 2023	548	0	0	8175
Apr 18, 2023	548	0	0	10827
Apr 19, 2023	548	0	0	10780
Apr 20, 2023	614	0	0	10765
Apr 21, 2023	614	0	0	9833
Apr 22, 2023	614	0	0	9011
Apr 23, 2023	614	0	0	9213
Apr 24, 2023	614	0	0	11967
Apr 25, 2023	614	0	0	12932
Apr 26, 2023	614	0	0	11047
Apr 27, 2023	558	0	0	9669
Apr 28, 2023	558	0	0	8148
Apr 29, 2023	558	0	0	6037
Apr 30, 2023	558	0	0	6379
May 01, 2023	558	0	0	7698
May 02, 2023	558	0	0	7873
May 03, 2023	521	0	0	6587
May 04, 2023	521	0	0	6135
May 05, 2023	521	0	0	5188
May 06, 2023	521	0	0	3861
May 07, 2023	521	0	0	3752
May 08, 2023	521	0	0	3430
May 09, 2023	521	0	0	3469
May 10, 2023	583	0	0	3167
May 11, 2023	583	0	0	2720
May 12, 2023	583	0	0	2252
May 13, 2023	583	0	0	1815
May 14, 2023	583	0	0	2100
May 15, 2023	583	0	0	2661
May 16, 2023	583	0	0	2100
May 17, 2023	585	0	0	1948
May 18, 2023	585	0	0	1193
May 19, 2023	585	0	0	1308
May 20, 2023	585	0	0	958
May 21, 2023	585	0	0	920
May 22, 2023	585	0	0	1059
May 23, 2023	585	0	0	953
May 24, 2023	585	0	0	949
May 25, 2023	585	0	0	870
May 26, 2023	585	0	0	685
May 27, 2023	585	0	0	571
May 28, 2023	585	0	0	429
May 29, 2023	585	0	0	588
May 30, 2023	585	0	0	583
May 31, 2023	751	0	0	454
Jun 01, 2023	751	0	0	467
Jun 02, 2023	751	0	0	359
Jun 03, 2023	751	0	0	322
Jun 04, 2023	751	0	0	314
Jun 05, 2023	751	0	0	384
Jun 06, 2023	751	0	0	341
Jun 07, 2023	1123	0	0	299
Jun 08, 2023	1123	0	0	240
Jun 09, 2023	1123	0	0	188
Jun 10, 2023	1123	0	0	0
Jun 11, 2023	1123	0	0	373
Jun 12, 2023	1123	0	0	220
Jun 13, 2023	1123	0	0	186
Jun 14, 2023	1152	0	0	146
Jun 15, 2023	1152	0	0	142
Jun 16, 2023	1152	0	0	146
Jun 17, 2023	1152	0	0	77
Jun 18, 2023	1152	0	0	101
Jun 19, 2023	1152	0	0	149
Jun 20, 2023	1152	0	0	95
Jun 21, 2023	1152	0	0	121
Jun 22, 2023	1152	0	0	113
Jun 23, 2023	1152	0	0	63
Jun 24, 2023	1152	0	0	62
Jun 25, 2023	1152	0	0	0
Jun 26, 2023	1152	0	0	82
Jun 27, 2023	1152	0	0	167
Jun 28, 2023	1152	0	0	0
Jun 29, 2023	1152	0	0	119
Jun 30, 2023	1152	0	0	75
Jul 01, 2023	1152	0	0	0
Jul 02, 2023	1152	0	0	91
Jul 03, 2023	779	0	0	69
Jul 04, 2023	779	0	0	0
Jul 05, 2023	779	0	0	83
Jul 06, 2023	779	0	0	0
Jul 07, 2023	779	0	0	81
Jul 08, 2023	779	0	0	47
Jul 09, 2023	779	0	0	31
Jul 10, 2023	779	0	0	53
Jul 11, 2023	779	0	0	0
Jul 12, 2023	544	0	0	116
Jul 13, 2023	544	0	0	42
Jul 14, 2023	544	0	0	34
Jul 15, 2023	544	0	0	34
Jul 16, 2023	544	0	0	0
Jul 17, 2023	544	0	0	0
Jul 18, 2023	544	0	0	99
Jul 19, 2023	422	0	0	0
Jul 20, 2023	422	0	0	0
Jul 21, 2023	422	0	0	0
Jul 22, 2023	422	0	0	268
Jul 23, 2023	422	0	0	0
Jul 24, 2023	422	0	0	76
Jul 25, 2023	422	0	0	59
Jul 26, 2023	244	0	0	49
Jul 27, 2023	244	0	0	49
Jul 28, 2023	244	0	0	43
Jul 29, 2023	244	0	0	37
Jul 30, 2023	244	0	0	29
Jul 31, 2023	244	0	0	0
Aug 01, 2023	244	0	0	77
Aug 02, 2023	169	0	0	0
Aug 03, 2023	169	0	0	111
Aug 04, 2023	169	0	0	48
Aug 05, 2023	169	0	0	32
Aug 06, 2023	169	0	0	0
Aug 07, 2023	169	0	0	113
Aug 08, 2023	169	0	0	71
Aug 09, 2023	152	0	0	47
Aug 10, 2023	152	0	0	56
Aug 11, 2023	152	0	0	54
Aug 12, 2023	152	0	0	37
Aug 13, 2023	152	0	0	41
Aug 14, 2023	152	0	0	60
Aug 15, 2023	152	0	0	45
Aug 16, 2023	152	0	0	45
Aug 17, 2023	116	0	0	60
Aug 18, 2023	116	0	0	35
Aug 19, 2023	116	0	0	46
Aug 20, 2023	116	0	0	28
Aug 21, 2023	116	0	0	51
Aug 22, 2023	116	0	0	45
Aug 23, 2023	116	0	0	48
Aug 24, 2023	91	0	0	64
Aug 25, 2023	91	0	0	45
Aug 26, 2023	91	0	0	47
Aug 27, 2023	91	0	0	38
Aug 28, 2023	91	0	0	48
Aug 29, 2023	91	0	0	51
Aug 30, 2023	196	0	0	0
Aug 31, 2023	196	0	0	0
Sep 01, 2023	196	0	0	1076
Sep 02, 2023	196	0	0	0
Sep 03, 2023	196	0	0	0
Sep 04, 2023	196	0	0	158
Sep 05, 2023	196	0	0	68
Sep 06, 2023	196	0	0	55
Sep 07, 2023	196	0	0	64
Sep 08, 2023	196	0	0	56
Sep 09, 2023	196	0	0	52
Sep 10, 2023	196	0	0	42
Sep 11, 2023	196	0	0	64
Sep 12, 2023	196	0	0	63
Sep 13, 2023	84	0	0	50
Sep 14, 2023	84	0	0	59
Sep 15, 2023	84	0	0	59
Sep 16, 2023	84	0	0	60
Sep 17, 2023	84	0	0	50
Sep 18, 2023	84	0	0	90
Sep 19, 2023	84	0	0	53
Sep 20, 2023	76	0	0	65
Sep 21, 2023	76	0	0	65
Sep 22, 2023	76	0	0	59
Sep 23, 2023	76	0	0	53
Sep 24, 2023	76	0	0	31
Sep 25, 2023	76	0	0	44
Sep 26, 2023	76	0	0	41
Sep 27, 2023	75	0	0	50
Sep 28, 2023	75	0	0	63
Sep 29, 2023	75	0	0	59
Sep 30, 2023	75	0	0	45
Oct 01, 2023	75	0	0	47
Oct 02, 2023	75	0	0	66
Oct 03, 2023	75	0	0	267
Oct 04, 2023	75	0	0	55
Oct 05, 2023	75	0	0	44
Oct 06, 2023	75	0	0	35
Oct 07, 2023	75	0	0	43
Oct 08, 2023	75	0	0	52
Oct 09, 2023	75	0	0	35
Oct 10, 2023	75	0	0	0
Oct 11, 2023	75	0	0	69
Oct 12, 2023	75	0	0	41
Oct 13, 2023	75	0	0	0
Oct 14, 2023	75	0	0	0
Oct 15, 2023	75	0	0	0
Oct 16, 2023	75	0	0	172
Oct 17, 2023	75	0	0	47
Oct 18, 2023	75	0	0	41
Oct 19, 2023	75	0	0	0
Oct 20, 2023	75	0	0	0
Oct 21, 2023	75	0	0	0
Oct 22, 2023	155	0	0	0
Oct 23, 2023	155	0	0	0
Oct 24, 2023	155	0	0	183
Oct 25, 2023	155	0	0	0
Oct 26, 2023	155	0	0	36
Oct 27, 2023	155	0	0	0
Oct 28, 2023	155	0	0	75
Oct 29, 2023	155	0	0	0
Oct 30, 2023	155	0	0	0
Oct 31, 2023	155	0	0	0
Nov 01, 2023	155	0	0	0
Nov 02, 2023	155	0	0	0
Nov 03, 2023	155	0	0	0
Nov 04, 2023	155	0	0	0
Nov 05, 2023	155	0	0	0
Nov 06, 2023	155	0	0	0
Nov 07, 2023	155	0	0	218
Nov 08, 2023	155	0	0	0
Nov 09, 2023	155	0	0	0
Nov 10, 2023	155	0	0	0
Nov 11, 2023	155	0	0	84
Nov 12, 2023	155	0	0	0
Nov 13, 2023	155	0	0	24
Nov 14, 2023	155	0	0	12
Nov 15, 2023	155	0	0	0
Nov 16, 2023	155	0	0	0
Nov 17, 2023	155	0	0	0
Nov 18, 2023	155	0	0	55
Nov 19, 2023	82	0	0	14
Nov 20, 2023	82	0	0	0
Nov 21, 2023	82	0	0	27
Nov 22, 2023	82	0	0	26
Nov 23, 2023	82	0	0	16
Nov 24, 2023	82	0	0	0
Nov 25, 2023	82	0	0	41
Nov 26, 2023	82	0	0	16
Nov 27, 2023	82	0	0	0
Nov 28, 2023	82	0	0	76
Nov 29, 2023	82	0	0	37
Nov 30, 2023	82	0	0	0
Dec 01, 2023	82	0	0	0
Dec 02, 2023	82	0	0	0
Dec 03, 2023	82	0	0	143
Dec 04, 2023	82	0	0	0
Dec 05, 2023	82	0	0	115
Dec 06, 2023	82	0	0	0
Dec 07, 2023	82	0	0	0
Dec 08, 2023	82	0	0	0
Dec 09, 2023	82	0	0	0
Dec 10, 2023	82	0	0	398
Dec 11, 2023	82	0	0	0
Dec 12, 2023	82	0	0	315
Dec 13, 2023	82	0	0	0
Dec 14, 2023	82	0	0	0
Dec 15, 2023	82	0	0	0
Dec 16, 2023	82	0	0	0
Dec 17, 2023	82	0	0	0
Dec 18, 2023	82	0	0	0
Dec 19, 2023	82	0	0	0
Dec 20, 2023	82	0	0	0
Dec 21, 2023	82	0	0	1551
Dec 22, 2023	82	0	0	325
Dec 23, 2023	82	0	0	333
Dec 24, 2023	2082	0	0	0
Dec 25, 2023	2082	0	0	608
Dec 26, 2023	2082	0	0	0
Dec 27, 2023	2082	0	0	0
Dec 28, 2023	2082	0	0	0
Dec 29, 2023	2082	0	0	2923
Dec 30, 2023	2082	0	0	526
Dec 31, 2023	2388	0	0	548
Jan 01, 2024	2388	0	0	400
Jan 02, 2024	2388	0	0	722
Jan 03, 2024	2388	0	0	775
Jan 04, 2024	2388	0	0	838
Jan 05, 2024	2388	0	0	919
Jan 06, 2024	2388	0	0	889
Jan 07, 2024	4291	0	0	731
Jan 08, 2024	4291	0	0	469
Jan 09, 2024	4291	0	0	1098
Jan 10, 2024	4291	0	0	511
Jan 11, 2024	4291	0	0	660
Jan 12, 2024	4291	0	0	571
Jan 13, 2024	4291	0	0	536
Jan 14, 2024	5323	0	0	357
Jan 15, 2024	5323	0	0	372
Jan 16, 2024	5323	0	0	514
Jan 17, 2024	5323	0	0	419
Jan 18, 2024	5323	0	0	461
Jan 19, 2024	5323	0	0	600
Jan 20, 2024	5323	0	0	266
Jan 21, 2024	5323	0	0	226
Jan 22, 2024	5323	0	0	236
Jan 23, 2024	5323	0	0	303
Jan 24, 2024	5323	0	0	319
Jan 25, 2024	5323	0	0	276
Jan 26, 2024	5323	0	0	209
Jan 27, 2024	5323	0	0	279
Jan 28, 2024	5323	0	0	177
Jan 29, 2024	5323	0	0	169
Jan 30, 2024	5323	0	0	157
Jan 31, 2024	5323	0	0	210
Feb 01, 2024	5323	0	0	141
Feb 02, 2024	5323	0	0	0
Feb 03, 2024	5323	0	0	252
Feb 04, 2024	108	0	0	73
Feb 05, 2024	108	0	0	137
Feb 06, 2024	108	0	0	167
Feb 07, 2024	108	0	0	228
Feb 08, 2024	108	0	0	0
Feb 09, 2024	108	0	0	623
Feb 10, 2024	108	0	0	379
Feb 11, 2024	108	0	0	73
Feb 12, 2024	108	0	0	114
Feb 13, 2024	108	0	0	149
Feb 14, 2024	108	0	0	148
Feb 15, 2024	108	0	0	122
Feb 16, 2024	108	0	0	161
Feb 17, 2024	108	0	0	128
Feb 18, 2024	108	0	0	84
Feb 19, 2024	108	0	0	122
Feb 20, 2024	108	0	0	155
Feb 21, 2024	108	0	0	159
Feb 22, 2024	108	NA	0	0
Feb 23, 2024	64	NA	0	294
Feb 24, 2024	64	NA	0	132
Feb 25, 2024	64	NA	0	0
Feb 26, 2024	64	NA	0	196
Feb 27, 2024	64	NA	0	200
Feb 28, 2024	64	NA	0	151
Feb 29, 2024	64	NA	NA	153
Mar 01, 2024	64	NA	NA	133
Mar 02, 2024	64	NA	NA	141
Mar 03, 2024	64	NA	NA	92
Mar 04, 2024	64	NA	NA	189
Mar 05, 2024	64	NA	NA	0
Mar 06, 2024	64	NA	NA	0
Mar 07, 2024	64	NA	NA	0
Mar 08, 2024	64	NA	NA	0
Mar 09, 2024	64	NA	NA	862
Mar 10, 2024	64	NA	NA	117
Mar 11, 2024	64	NA	NA	220
Mar 12, 2024	64	NA	NA	213
Mar 13, 2024	64	NA	NA	219
Mar 14, 2024	64	NA	NA	0
Mar 15, 2024	64	NA	NA	0
Mar 16, 2024	64	NA	NA	452
Mar 17, 2024	64	NA	NA	95
Mar 18, 2024	64	NA	NA	143
Mar 19, 2024	64	NA	NA	0
Mar 20, 2024	64	NA	NA	430
Mar 21, 2024	64	NA	NA	139
Mar 22, 2024	64	NA	NA	180
Mar 23, 2024	64	NA	NA	204
Mar 24, 2024	64	NA	NA	NA
