Dates	Active	Deaths	Newcases	recover
Feb 15, 2020	9	0	0	0
Feb 16, 2020	9	0	0	1
Feb 17, 2020	9	0	0	2
Feb 18, 2020	9	0	0	0
Feb 19, 2020	2	0	0	0
Feb 20, 2020	2	0	0	2
Feb 21, 2020	1	0	0	1
Feb 22, 2020	1	0	0	1
Feb 23, 2020	1	0	0	-6
Feb 24, 2020	1	0	0	7
Feb 25, 2020	0	0	0	0
Feb 26, 2020	0	0	0	6
Feb 27, 2020	0	0	0	0
Feb 28, 2020	0	0	0	0
Feb 29, 2020	0	0	0	2
Mar 01, 2020	0	0	0	0
Mar 02, 2020	0	0	0	0
Mar 03, 2020	0	0	0	0
Mar 04, 2020	0	0	0	1
Mar 05, 2020	0	0	1	0
Mar 06, 2020	1	0	3	0
Mar 07, 2020	4	0	11	2
Mar 08, 2020	15	0	1	0
Mar 09, 2020	16	0	3	0
Mar 10, 2020	19	0	5	1
Mar 11, 2020	24	0	5	1
Mar 12, 2020	29	0	0	0
Mar 13, 2020	29	0	9	0
Mar 14, 2020	38	0	4	0
Mar 15, 2020	42	0	4	0
Mar 16, 2020	46	0	5	6
Mar 17, 2020	51	0	11	1
Mar 18, 2020	62	0	9	0
Mar 19, 2020	71	0	6	0
Mar 20, 2020	76	0	3	2
Mar 21, 2020	79	0	23	0
Mar 22, 2020	102	0	11	8
Mar 23, 2020	113	0	12	0
Mar 24, 2020	125	0	17	18
Mar 25, 2020	142	0	5	18
Mar 26, 2020	144	0	11	9
Mar 27, 2020	155	0	12	0
Mar 28, 2020	166	0	25	132
Mar 29, 2020	187	0	11	0
Mar 30, 2020	168	0	8	113
Mar 31, 2020	173	0	6	163
Apr 01, 2020	174	0	18	0
Apr 02, 2020	180	0	6	107
Apr 03, 2020	176	0	1	62
Apr 04, 2020	172	0	1	119
Apr 05, 2020	173	0	4	0
Apr 06, 2020	172	0	6	95
Apr 07, 2020	150	0	0	0
Apr 08, 2020	147	0	4	52
Apr 09, 2020	149	0	2	73
Apr 10, 2020	135	0	1	122
Apr 11, 2020	136	0	4	83
Apr 12, 2020	140	0	3	70
Apr 13, 2020	141	0	1	117
Apr 14, 2020	119	0	2	92
Apr 15, 2020	119	0	0	96
Apr 16, 2020	113	0	0	96
Apr 17, 2020	92	0	0	98
Apr 18, 2020	89	0	0	141
Apr 19, 2020	88	0	0	71
Apr 20, 2020	76	0	0	109
Apr 21, 2020	74	0	0	244
Apr 22, 2020	74	0	0	78
Apr 23, 2020	74	0	2	60
Apr 24, 2020	72	0	0	57
Apr 25, 2020	72	0	0	47
Apr 26, 2020	72	0	0	15
Apr 27, 2020	72	0	0	43
Apr 28, 2020	72	0	0	13
Apr 29, 2020	70	0	0	22
Apr 30, 2020	70	0	0	32
May 01, 2020	70	0	0	13
May 02, 2020	70	0	1	7
May 03, 2020	71	0	0	1
May 04, 2020	71	0	0	7
May 05, 2020	61	0	0	14
May 06, 2020	61	0	20	11
May 07, 2020	80	0	0	12
May 08, 2020	72	0	0	3
May 09, 2020	72	0	0	7
May 10, 2020	72	0	0	2
May 11, 2020	64	0	0	2
May 12, 2020	61	0	0	46
May 13, 2020	61	0	31	6
May 14, 2020	84	0	2	4
May 15, 2020	86	0	4	1
May 16, 2020	90	0	2	1
May 17, 2020	92	0	4	1
May 18, 2020	93	0	0	0
May 19, 2020	93	0	0	31
May 20, 2020	93	0	0	9
May 21, 2020	92	0	0	13
May 22, 2020	89	0	0	6
May 23, 2020	89	0	1	5
May 24, 2020	90	0	1	7
May 25, 2020	86	0	1	1
May 26, 2020	87	0	0	2
May 27, 2020	81	0	0	14
May 28, 2020	81	0	0	0
May 29, 2020	80	0	1	16
May 30, 2020	81	0	0	2
May 31, 2020	81	0	0	2
Jun 01, 2020	67	0	0	1
Jun 02, 2020	62	0	0	2
Jun 03, 2020	58	0	0	0
Jun 04, 2020	58	0	0	3
Jun 05, 2020	53	0	1	0
Jun 06, 2020	54	0	0	1
Jun 07, 2020	54	0	3	1
Jun 08, 2020	48	0	0	0
Jun 09, 2020	48	0	0	8
Jun 10, 2020	44	0	0	6
Jun 11, 2020	43	0	1	0
Jun 12, 2020	42	0	1	0
Jun 13, 2020	43	0	0	0
Jun 14, 2020	43	0	0	0
Jun 15, 2020	43	0	0	6
Jun 16, 2020	41	0	1	3
Jun 17, 2020	42	0	7	1
Jun 18, 2020	49	0	7	11
Jun 19, 2020	55	0	0	10
Jun 20, 2020	54	0	0	0
Jun 21, 2020	54	0	0	4
Jun 22, 2020	53	0	0	1
Jun 23, 2020	52	0	3	3
Jun 24, 2020	55	0	0	12
Jun 25, 2020	55	0	1	2
Jun 26, 2020	55	0	2	13
Jun 27, 2020	57	0	0	0
Jun 28, 2020	57	0	0	0
Jun 29, 2020	52	0	0	3
Jun 30, 2020	52	0	0	3
Jul 01, 2020	51	0	0	0
Jul 02, 2020	47	0	0	7
Jul 03, 2020	47	0	0	0
Jul 04, 2020	47	0	0	5
Jul 05, 2020	47	0	17	1
Jul 06, 2020	63	0	0	0
Jul 07, 2020	62	0	0	2
Jul 08, 2020	57	0	0	11
Jul 09, 2020	57	0	0	2
Jul 10, 2020	54	0	1	1
Jul 11, 2020	55	0	2	0
Jul 12, 2020	57	0	0	2
Jul 13, 2020	57	0	1	1
Jul 14, 2020	56	0	8	1
Jul 15, 2020	63	0	0	3
Jul 16, 2020	60	0	1	1
Jul 17, 2020	61	0	0	0
Jul 18, 2020	60	0	1	0
Jul 19, 2020	61	0	1	0
Jul 20, 2020	59	0	20	9
Jul 21, 2020	74	0	7	0
Jul 22, 2020	81	0	4	0
Jul 23, 2020	85	0	1	2
Jul 24, 2020	86	0	4	2
Jul 25, 2020	90	2	3	0
Jul 26, 2020	93	1	12	2
Jul 27, 2020	105	3	18	0
Jul 28, 2020	119	0	16	0
Jul 29, 2020	135	2	74	0
Jul 30, 2020	207	0	53	14
Jul 31, 2020	255	2	66	10
Aug 01, 2020	318	0	41	7
Aug 02, 2020	359	0	46	0
Aug 03, 2020	402	1	25	0
Aug 04, 2020	423	4	68	2
Aug 05, 2020	486	1	41	4
Aug 06, 2020	516	1	63	0
Aug 07, 2020	576	4	30	2
Aug 08, 2020	605	1	40	1
Aug 09, 2020	641	1	6	9
Aug 10, 2020	642	1	23	3
Aug 11, 2020	664	0	20	6
Aug 12, 2020	670	1	39	0
Aug 13, 2020	692	0	23	4
Aug 14, 2020	702	0	26	20
Aug 15, 2020	717	0	12	1
Aug 16, 2020	720	1	26	0
Aug 17, 2020	734	1	6	4
Aug 18, 2020	681	0	5	1
Aug 19, 2020	679	0	16	19
Aug 20, 2020	686	2	2	1
Aug 21, 2020	684	1	5	1
Aug 22, 2020	670	0	2	1
Aug 23, 2020	672	2	6	1
Aug 24, 2020	654	0	7	7
Aug 25, 2020	654	2	5	8
Aug 26, 2020	618	0	2	0
Aug 27, 2020	615	0	2	0
Aug 28, 2020	589	1	2	5
Aug 29, 2020	577	0	0	10
Aug 30, 2020	557	0	4	0
Aug 31, 2020	549	0	0	22
Sep 01, 2020	521	0	2	0
Sep 02, 2020	511	0	0	3
Sep 03, 2020	502	0	3	0
Sep 04, 2020	488	0	0	2
Sep 05, 2020	455	0	0	2
Sep 06, 2020	445	0	0	0
Sep 07, 2020	407	0	5	3
Sep 08, 2020	397	0	5	2
Sep 09, 2020	380	0	0	24
Sep 10, 2020	377	0	1	2
Sep 11, 2020	369	0	0	0
Sep 12, 2020	361	0	3	0
Sep 13, 2020	356	0	0	0
Sep 14, 2020	348	0	0	3
Sep 15, 2020	343	0	0	1
Sep 16, 2020	338	0	3	9
Sep 17, 2020	337	0	2	3
Sep 18, 2020	338	0	0	10
Sep 19, 2020	337	0	0	2
Sep 20, 2020	337	0	0	2
Sep 21, 2020	332	0	0	1
Sep 22, 2020	322	0	1	2
Sep 23, 2020	289	0	0	8
Sep 24, 2020	289	0	0	7
Sep 25, 2020	281	0	0	2
Sep 26, 2020	281	0	5	5
Sep 27, 2020	286	0	3	2
Sep 28, 2020	289	0	20	1
Sep 29, 2020	301	0	0	4
Sep 30, 2020	298	0	1	5
Oct 01, 2020	299	0	1	5
Oct 02, 2020	290	0	0	2
Oct 03, 2020	290	0	0	2
Oct 04, 2020	290	0	1	2
Oct 05, 2020	289	0	1	0
Oct 06, 2020	289	0	1	1
Oct 07, 2020	290	0	1	48
Oct 08, 2020	291	0	5	2
Oct 09, 2020	295	0	2	4
Oct 10, 2020	297	0	2	6
Oct 11, 2020	299	0	1	3
Oct 12, 2020	299	0	3	3
Oct 13, 2020	302	0	9	0
Oct 14, 2020	307	0	2	6
Oct 15, 2020	308	0	0	4
Oct 16, 2020	307	0	2	11
Oct 17, 2020	309	0	8	3
Oct 18, 2020	317	0	6	7
Oct 19, 2020	308	0	1	3
Oct 20, 2020	309	0	3	4
Oct 21, 2020	312	0	4	19
Oct 22, 2020	313	0	0	4
Oct 23, 2020	313	0	13	11
Oct 24, 2020	324	0	8	1
Oct 25, 2020	326	0	1	13
Oct 26, 2020	323	0	3	8
Oct 27, 2020	325	0	1	10
Oct 28, 2020	326	0	4	9
Oct 29, 2020	330	0	0	15
Oct 30, 2020	330	0	3	5
Oct 31, 2020	333	0	0	2
Nov 01, 2020	332	0	13	3
Nov 02, 2020	343	0	11	10
Nov 03, 2020	350	0	1	7
Nov 04, 2020	351	0	4	11
Nov 05, 2020	355	0	5	16
Nov 06, 2020	359	0	1	5
Nov 07, 2020	360	0	0	10
Nov 08, 2020	360	0	2	7
Nov 09, 2020	345	0	12	9
Nov 10, 2020	357	0	33	15
Nov 11, 2020	390	0	1	8
Nov 12, 2020	385	0	3	4
Nov 13, 2020	380	0	0	10
Nov 14, 2020	378	0	32	8
Nov 15, 2020	410	0	2	6
Nov 16, 2020	391	0	5	3
Nov 17, 2020	396	0	13	5
Nov 18, 2020	409	0	4	13
Nov 19, 2020	395	0	1	3
Nov 20, 2020	396	0	1	11
Nov 21, 2020	397	0	1	5
Nov 22, 2020	398	0	5	5
Nov 23, 2020	394	0	4	6
Nov 24, 2020	396	0	5	8
Nov 25, 2020	401	0	11	8
Nov 26, 2020	399	0	8	2
Nov 27, 2020	403	0	2	8
Nov 28, 2020	396	0	2	2
Nov 29, 2020	398	0	4	3
Nov 30, 2020	402	0	4	8
Dec 01, 2020	390	0	7	11
Dec 02, 2020	391	0	3	10
Dec 03, 2020	386	0	0	7
Dec 04, 2020	375	0	4	9
Dec 05, 2020	379	0	1	5
Dec 06, 2020	380	0	1	15
Dec 07, 2020	377	0	11	6
Dec 08, 2020	388	0	4	6
Dec 09, 2020	391	0	4	8
Dec 10, 2020	395	0	6	15
Dec 11, 2020	388	0	4	12
Dec 12, 2020	392	0	2	8
Dec 13, 2020	391	0	5	17
Dec 14, 2020	391	0	3	9
Dec 15, 2020	388	0	0	28
Dec 16, 2020	388	0	2	12
Dec 17, 2020	379	0	3	16
Dec 18, 2020	379	0	1	19
Dec 19, 2020	377	0	2	17
Dec 20, 2020	379	0	1	12
Dec 21, 2020	380	0	6	25
Dec 22, 2020	374	0	1	17
Dec 23, 2020	375	0	12	21
Dec 24, 2020	387	0	7	14
Dec 25, 2020	372	0	1	22
Dec 26, 2020	373	0	1	9
Dec 27, 2020	374	0	11	19
Dec 28, 2020	385	0	3	4
Dec 29, 2020	372	0	2	28
Dec 30, 2020	370	0	9	28
Dec 31, 2020	377	0	9	33
Jan 01, 2021	386	0	8	26
Jan 02, 2021	382	0	13	38
Jan 03, 2021	393	0	3	15
Jan 04, 2021	396	0	7	45
Jan 05, 2021	403	0	1	21
Jan 06, 2021	390	0	4	103
Jan 07, 2021	394	0	3	734
Jan 08, 2021	393	0	1	291
Jan 09, 2021	390	0	1	882
Jan 10, 2021	391	0	1	138
Jan 11, 2021	392	0	5	166
Jan 12, 2021	397	0	1	211
Jan 13, 2021	390	0	11	717
Jan 14, 2021	401	0	5	628
Jan 15, 2021	395	0	1	618
Jan 16, 2021	396	0	0	109
Jan 17, 2021	396	0	2	191
Jan 18, 2021	376	0	1	150
Jan 19, 2021	377	0	4	265
Jan 20, 2021	377	0	2	221
Jan 21, 2021	374	0	2	382
Jan 22, 2021	376	0	0	224
Jan 23, 2021	376	0	0	119
Jan 24, 2021	376	0	1	95
Jan 25, 2021	363	0	2	230
Jan 26, 2021	360	0	0	162
Jan 27, 2021	360	0	147	233
Jan 28, 2021	507	0	97	109
Jan 29, 2021	586	0	96	109
Jan 30, 2021	674	0	74	110
Jan 31, 2021	747	0	48	899
Feb 01, 2021	792	0	46	703
Feb 02, 2021	838	0	40	784
Feb 03, 2021	877	0	69	797
Feb 04, 2021	942	0	23	533
Feb 05, 2021	965	0	5	943
Feb 06, 2021	967	0	25	668
Feb 07, 2021	988	0	73	468
Feb 08, 2021	1061	0	17	956
Feb 09, 2021	1078	0	36	548
Feb 10, 2021	1106	0	73	885
Feb 11, 2021	1131	0	2	411
Feb 12, 2021	1132	0	78	970
Feb 13, 2021	1210	0	48	931
Feb 14, 2021	1255	0	62	772
Feb 15, 2021	1308	0	63	680
Feb 16, 2021	1339	0	21	134
Feb 17, 2021	1359	0	21	249
Feb 18, 2021	1349	0	18	124
Feb 19, 2021	1345	0	6	59
Feb 20, 2021	1351	0	18	156
Feb 21, 2021	1294	0	9	76
Feb 22, 2021	1288	0	9	85
Feb 23, 2021	1297	0	12	96
Feb 24, 2021	1236	0	8	192
Feb 25, 2021	1230	0	6	218
Feb 26, 2021	1201	0	6	70
Feb 27, 2021	1202	0	19	106
Feb 28, 2021	1189	0	0	196
Mar 01, 2021	1189	0	31	96
Mar 02, 2021	1198	0	11	63
Mar 03, 2021	1209	0	6	79
Mar 04, 2021	1193	0	6	79
Mar 05, 2021	1199	0	7	45
Mar 06, 2021	1206	0	12	58
Mar 07, 2021	1218	0	13	33
Mar 08, 2021	1231	0	2	74
Mar 09, 2021	1149	0	3	95
Mar 10, 2021	1152	0	4	54
Mar 11, 2021	1112	0	20	56
Mar 12, 2021	1094	0	3	30
Mar 13, 2021	1097	0	1	68
Mar 14, 2021	1098	0	3	80
Mar 15, 2021	1072	0	3	65
Mar 16, 2021	1032	0	7	40
Mar 17, 2021	999	0	3	38
Mar 18, 2021	1002	0	1	73
Mar 19, 2021	1003	0	1	62
Mar 20, 2021	1004	0	0	86
Mar 21, 2021	1004	0	3	65
Mar 22, 2021	972	0	0	103
Mar 23, 2021	959	0	1	107
Mar 24, 2021	941	0	3	73
Mar 25, 2021	944	0	7	86
Mar 26, 2021	951	0	0	104
Mar 27, 2021	908	0	5	103
Mar 28, 2021	913	0	3	74
Mar 29, 2021	916	0	0	66
Mar 30, 2021	865	0	9	47
Mar 31, 2021	874	0	17	122
Apr 01, 2021	891	0	3	58
Apr 02, 2021	870	0	6	62
Apr 03, 2021	876	0	5	106
Apr 04, 2021	881	0	6	66
Apr 05, 2021	854	0	12	108
Apr 06, 2021	860	0	12	121
Apr 07, 2021	865	0	9	32
Apr 08, 2021	874	0	18	27
Apr 09, 2021	892	0	9	33
Apr 10, 2021	901	0	1	53
Apr 11, 2021	902	0	13	34
Apr 12, 2021	899	0	9	40
Apr 13, 2021	908	0	23	34
Apr 14, 2021	931	0	32	61
Apr 15, 2021	963	0	17	97
Apr 16, 2021	980	0	9	270
Apr 17, 2021	959	0	3	0
Apr 18, 2021	962	0	7	37
Apr 19, 2021	969	0	9	171
Apr 20, 2021	963	0	6	413
Apr 21, 2021	969	0	11	477
Apr 22, 2021	980	0	17	341
Apr 23, 2021	997	0	3	377
Apr 24, 2021	1000	0	11	547
Apr 25, 2021	985	0	9	480
Apr 26, 2021	994	0	5	1958
Apr 27, 2021	999	0	8	851
Apr 28, 2021	1007	0	68	992
Apr 29, 2021	1075	0	21	860
Apr 30, 2021	1096	0	17	1821
May 01, 2021	1081	0	25	1406
May 02, 2021	1105	0	23	1503
May 03, 2021	1117	0	18	1490
May 04, 2021	1135	0	33	1886
May 05, 2021	1168	0	107	2435
May 06, 2021	1275	0	71	2377
May 07, 2021	1346	0	150	2247
May 08, 2021	1454	0	168	2186
May 09, 2021	1622	1	216	1603
May 10, 2021	1838	0	123	1829
May 11, 2021	1945	1	135	2006
May 12, 2021	2062	0	136	1572
May 13, 2021	2177	0	175	1701
May 14, 2021	2351	2	278	1351
May 15, 2021	2618	2	315	2136
May 16, 2021	2932	0	303	1397
May 17, 2021	3235	1	251	2718
May 18, 2021	3467	2	290	4450
May 19, 2021	3755	0	199	2268
May 20, 2021	3952	1	221	2868
May 21, 2021	4171	1	240	2900
May 22, 2021	4378	1	220	2131
May 23, 2021	4596	0	311	1565
May 24, 2021	4834	0	604	3094
May 25, 2021	5437	0	516	2571
May 26, 2021	5893	1	379	2063
May 27, 2021	6271	1	413	4044
May 28, 2021	6641	0	469	4439
May 29, 2021	7110	2	407	2933
May 30, 2021	7463	2	355	3101
May 31, 2021	7738	0	407	3390
Jun 01, 2021	8130	0	393	2843
Jun 02, 2021	8481	2	405	3626
Jun 03, 2021	8884	0	372	2493
Jun 04, 2021	9097	0	413	3396
Jun 05, 2021	9442	2	341	2424
Jun 06, 2021	9725	1	387	2999
Jun 07, 2021	9969	1	284	2483
Jun 08, 2021	10215	0	671	4253
Jun 09, 2021	10797	2	365	3035
Jun 10, 2021	11088	0	325	5711
Jun 11, 2021	11316	0	427	5273
Jun 12, 2021	11719	1	486	4143
Jun 13, 2021	12034	2	449	3530
Jun 14, 2021	12243	2	665	4774
Jun 15, 2021	12605	3	696	4947
Jun 16, 2021	13250	0	847	4651
Jun 17, 2021	14033	1	432	4094
Jun 18, 2021	14383	2	796	4948
Jun 19, 2021	14856	2	513	2401
Jun 20, 2021	15191	0	449	2030
Jun 21, 2021	15416	2	396	2047
Jun 22, 2021	15718	0	366	1941
Jun 23, 2021	15944	4	468	1578
Jun 24, 2021	16335	1	1427	1751
Jun 25, 2021	17572	0	284	3569
Jun 26, 2021	17666	3	603	2253
Jun 27, 2021	18087	0	660	3343
Jun 28, 2021	18543	2	610	2793
Jun 29, 2021	18907	4	738	2415
Jun 30, 2021	19569	7	1177	3223
Jul 01, 2021	20336	5	895	3638
Jul 02, 2021	21083	3	1519	3159
Jul 03, 2021	22352	5	1468	3404
Jul 04, 2021	23640	2	1812	2534
Jul 05, 2021	25242	7	1698	3586
Jul 06, 2021	26880	6	1657	4148
Jul 07, 2021	28054	7	2167	4978
Jul 08, 2021	29823	6	2679	3928
Jul 09, 2021	32466	69	3052	3841
Jul 10, 2021	35291	18	3219	4053
Jul 11, 2021	38433	0	3926	3687
Jul 12, 2021	42296	29	3794	3797
Jul 13, 2021	45862	80	4837	5129
Jul 14, 2021	50559	0	5635	5543
Jul 15, 2021	56112	36	5500	5730
Jul 16, 2021	61280	26	6126	6327
Jul 17, 2021	67085	32	9777	5726
Jul 18, 2021	76427	34	6922	5741
Jul 19, 2021	82969	31	7913	6557
Jul 20, 2021	90450	31	8841	8248
Jul 21, 2021	98737	0	10213	7921
Jul 22, 2021	107468	106	12054	7775
Jul 23, 2021	117373	233	15268	7637
Jul 24, 2021	130563	299	12427	6904
Jul 25, 2021	141200	145	13002	6782
Jul 26, 2021	152200	192	13053	9168
Jul 27, 2021	163545	197	10817	10051
Jul 28, 2021	169618	377	12521	9798
Jul 29, 2021	177517	257	14264	10678
Jul 30, 2021	187932	394	14225	10750
Jul 31, 2021	198715	297	14220	13402
Aug 01, 2021	208315	234	12296	13919
Aug 02, 2021	216426	147	13901	18590
Aug 03, 2021	226204	361	12572	17975
Aug 04, 2021	234881	389	11948	17926
Aug 05, 2021	242824	343	13727	22172
Aug 06, 2021	252025	327	12099	21108
Aug 07, 2021	259672	276	15987	18503
Aug 08, 2021	270438	350	15406	19819
Aug 09, 2021	281032	338	13840	22806
Aug 10, 2021	290101	368	14456	22012
Aug 11, 2021	299424	332	15948	23649
Aug 12, 2021	311105	299	15140	20083
Aug 13, 2021	322302	381	16029	23672
Aug 14, 2021	333746	391	15806	21106
Aug 15, 2021	343665	369	14271	20984
Aug 16, 2021	353131	370	15846	20791
Aug 17, 2021	364347	390	14276	22682
Aug 18, 2021	374491	349	17574	22208
Aug 19, 2021	386674	336	21073	20478
Aug 20, 2021	394622	319	18902	23159
Aug 21, 2021	405882	387	18694	20672
Aug 22, 2021	416606	353	16959	22134
Aug 23, 2021	426271	345	17831	20059
Aug 24, 2021	436103	316	19952	21186
Aug 25, 2021	448090	365	26532	20606
Aug 26, 2021	455668	440	21316	20163
Aug 27, 2021	466505	272	19964	20535
Aug 28, 2021	473749	309	21112	20927
Aug 29, 2021	485732	348	23460	17281
Aug 30, 2021	499813	282	20797	19245
Aug 31, 2021	510126	312	18862	18996
Sep 01, 2021	518854	317	21770	17936
Sep 02, 2021	529713	425	24613	18262
Sep 03, 2021	542634	346	15704	20351
Sep 04, 2021	546208	276	21668	18257
Sep 05, 2021	558353	274	20592	17284
Sep 06, 2021	568898	262	23436	16737
Sep 07, 2021	581656	382	20918	16769
Sep 08, 2021	588291	277	20483	15417
Sep 09, 2021	595975	251	21972	15610
Sep 10, 2021	604922	239	19685	18721
Sep 11, 2021	611804	212	19844	15742
Sep 12, 2021	620150	220	18432	16304
Sep 13, 2021	627105	233	17337	14738
Sep 14, 2021	631508	215	17461	14133
Sep 15, 2021	634541	240	17304	13527
Sep 16, 2021	640732	236	19002	13691
Sep 17, 2021	649600	236	15464	13280
Sep 18, 2021	649928	203	16563	12492
Sep 19, 2021	657139	180	14318	11125
Sep 20, 2021	664396	184	19291	11694
Sep 21, 2021	672434	174	19018	13695
Sep 22, 2021	679297	178	15630	13829
Sep 23, 2021	688498	162	14079	13540
Sep 24, 2021	690026	203	16007	14700
Sep 25, 2021	695259	136	16511	14305
Sep 26, 2021	700119	164	15442	12494
Sep 27, 2021	704855	114	13203	12805
Sep 28, 2021	696409	130	14443	11580
Sep 29, 2021	687081	134	13098	10887
Sep 30, 2021	674721	119	11475	12473
Oct 01, 2021	658782	125	9060	13127
Oct 02, 2021	638871	114	8872	11894
Oct 03, 2021	618754	105	8882	12336
Oct 04, 2021	599819	113	7200	11152
Oct 05, 2021	581327	115	7200	10115
Oct 06, 2021	578369	93	6852	10087
Oct 07, 2021	583705	106	7892	9933
Oct 08, 2021	590498	81	7448	10542
Oct 09, 2021	596514	93	5820	9981
Oct 10, 2021	580821	88	5970	10590
Oct 11, 2021	584149	63	4861	11452
Oct 12, 2021	587557	75	5709	10988
Oct 13, 2021	591994	75	6853	10407
Oct 14, 2021	598035	72	6261	10711
Oct 15, 2021	603290	71	5310	10794
Oct 16, 2021	606956	56	5264	10383
Oct 17, 2021	610805	77	5222	10612
Oct 18, 2021	614816	53	5000	10731
Oct 19, 2021	617878	65	6011	10878
Oct 20, 2021	622081	64	5996	10075
Oct 21, 2021	626480	54	6574	10513
Oct 22, 2021	627775	54	5562	10182
Oct 23, 2021	631946	56	6675	10098
Oct 24, 2021	637242	64	5999	9589
Oct 25, 2021	641854	53	5926	9532
Oct 26, 2021	644737	48	7276	8449
Oct 27, 2021	649935	74	8067	8526
Oct 28, 2021	656297	78	8083	8747
Oct 29, 2021	662147	59	8631	8305
Oct 30, 2021	668521	70	9105	8253
Oct 31, 2021	675580	58	9235	9574
Nov 01, 2021	683010	61	9295	8279
Nov 02, 2021	689486	67	11720	8482
Nov 03, 2021	692278	88	10855	8029
Nov 04, 2021	701332	79	12374	8238
Nov 05, 2021	711707	84	12354	8288
Nov 06, 2021	722246	81	12616	6950
Nov 07, 2021	733494	88	13173	7495
Nov 08, 2021	745506	64	13414	8024
Nov 09, 2021	757516	101	13084	7697
Nov 10, 2021	769262	87	13462	7452
Nov 11, 2021	780749	67	14812	7900
Nov 12, 2021	785210	139	13968	7393
Nov 13, 2021	797271	102	13483	6917
Nov 14, 2021	805396	107	14214	7663
Nov 15, 2021	818318	76	16923	7943
Nov 16, 2021	828693	190	16244	7191
Nov 17, 2021	840925	167	16860	7556
Nov 18, 2021	850960	125	15875	7655
Nov 19, 2021	864757	164	15716	8478
Nov 20, 2021	863624	137	16315	7591
Nov 21, 2021	874586	148	17033	7882
Nov 22, 2021	886676	190	17916	7748
Nov 23, 2021	903433	173	18999	7318
Nov 24, 2021	896317	197	20027	7218
Nov 25, 2021	910580	196	21094	6875
Nov 26, 2021	919158	210	25845	6538
Nov 27, 2021	943145	200	20818	6354
Nov 28, 2021	962078	203	22154	6165
Nov 29, 2021	967947	199	22476	6407
Nov 30, 2021	975603	223	23342	6326
Dec 01, 2021	996031	217	22035	5402
Dec 02, 2021	1004608	230	21975	5844
Dec 03, 2021	1025231	257	22511	5666
Dec 04, 2021	1046436	216	23011	6149
Dec 05, 2021	1067513	209	23456	6450
Dec 06, 2021	1089622	228	22251	6109
Dec 07, 2021	1110394	243	23465	5775
Dec 08, 2021	1108865	253	24613	7939
Dec 09, 2021	1118676	284	23856	7863
Dec 10, 2021	1140961	241	25950	7302
Dec 11, 2021	1165599	247	23533	5606
Dec 12, 2021	1187594	249	24719	5467
Dec 13, 2021	1210868	215	24471	4818
Dec 14, 2021	1230531	225	24960	4557
Dec 15, 2021	1252258	251	24235	4531
Dec 16, 2021	1275213	210	24184	5459
Dec 17, 2021	1268091	281	25228	3278
Dec 18, 2021	1291459	235	25574	4389
Dec 19, 2021	1306009	241	23778	4190
Dec 20, 2021	1327599	207	25913	3649
Dec 21, 2021	1303111	204	26279	3191
Dec 22, 2021	1315715	214	25994	2798
Dec 23, 2021	1330530	245	25644	2766
Dec 24, 2021	1325100	240	24735	3805
Dec 25, 2021	1335205	226	24155	3771
Dec 26, 2021	1340600	216	23609	3845
Dec 27, 2021	1352621	221	22921	3070
Dec 28, 2021	1370629	190	22045	2695
Dec 29, 2021	1354174	224	31531	3115
Dec 30, 2021	1351377	229	26213	3241
Dec 31, 2021	1358732	170	23543	3315
Jan 01, 2022	1362063	233	26899	2921
Jan 02, 2022	1357351	240	25294	2903
Jan 03, 2022	1340959	202	23494	2688
Jan 04, 2022	1330996	212	26906	2508
Jan 05, 2022	1318069	256	25909	2673
Jan 06, 2022	1298375	177	25605	2895
Jan 07, 2022	1292106	206	26039	2865
Jan 08, 2022	1291952	171	24721	2605
Jan 09, 2022	1287250	139	23218	3612
Jan 10, 2022	1203365	129	25126	3306
Jan 11, 2022	1204447	179	25124	3350
Jan 12, 2022	1173425	184	26041	3845
Jan 13, 2022	1156263	142	24972	3942
Jan 14, 2022	1159805	152	25498	5202
Jan 15, 2022	1116429	177	24418	4887
Jan 16, 2022	1114341	153	25434	5255
Jan 17, 2022	1102418	123	26147	6637
Jan 18, 2022	1102730	165	24783	7460
Jan 19, 2022	1077326	126	25957	6978
Jan 20, 2022	1080369	155	24745	8641
Jan 21, 2022	1085704	126	24390	7582
Jan 22, 2022	1089458	141	23259	7445
Jan 23, 2022	1091394	115	22303	8100
Jan 24, 2022	1060239	121	24450	7659
Jan 25, 2022	1004644	109	24777	7801
Jan 26, 2022	991754	95	24418	6595
Jan 27, 2022	978028	96	23181	7484
Jan 28, 2022	979460	95	23524	8358
Jan 29, 2022	973509	84	21115	7829
Jan 30, 2022	922496	114	19542	8215
Jan 31, 2022	920107	63	16994	8715
Feb 01, 2022	880396	100	13479	8485
Feb 02, 2022	869984	97	13259	7832
Feb 03, 2022	841064	93	17880	7827
Feb 04, 2022	833320	74	18761	8479
Feb 05, 2022	831560	96	21754	8285
Feb 06, 2022	829410	78	25923	8711
Feb 07, 2022	828569	84	33780	8922
Feb 08, 2022	840857	91	36931	8571
Feb 09, 2022	790887	85	40137	8503
Feb 10, 2022	803934	66	40839	8955
Feb 11, 2022	821618	90	42105	9205
Feb 12, 2022	840367	80	40672	9482
Feb 13, 2022	856131	65	45346	9810
Feb 14, 2022	878197	78	49055	11551
Feb 15, 2022	900858	104	53560	10868
Feb 16, 2022	930444	77	55812	11561
Feb 17, 2022	963364	91	65428	12511
Feb 18, 2022	1005510	111	64412	10946
Feb 19, 2022	1046002	78	72425	13962
Feb 20, 2022	1087907	88	72348	14914
Feb 21, 2022	1129941	94	85742	15651
Feb 22, 2022	1188178	108	91509	16662
Feb 23, 2022	1246933	86	105284	16131
Feb 24, 2022	1316075	114	119998	15774
Feb 25, 2022	1403148	95	117967	14641
Feb 26, 2022	1483592	97	130990	16875
Feb 27, 2022	1561606	82	140935	17470
Feb 28, 2022	1658414	87	146813	18297
Mar 01, 2022	1747179	78	162070	19093
Mar 02, 2022	1855250	86	171886	18939
Mar 03, 2022	1976297	109	179502	19351
Mar 04, 2022	2099804	71	186502	18462
Mar 05, 2022	2242651	71	198287	21448
Mar 06, 2022	2358413	62	205571	23159
Mar 07, 2022	2509903	95	225015	25005
Mar 08, 2022	2646905	92	223304	24747
Mar 09, 2022	2787264	68	215511	24161
Mar 10, 2022	2932551	62	226002	22065
Mar 11, 2022	3066632	76	214243	21371
Mar 12, 2022	3178967	57	210504	22333
Mar 13, 2022	3276839	77	199923	23508
Mar 14, 2022	3351285	63	217551	24125
Mar 15, 2022	3440608	69	220912	23339
Mar 16, 2022	3480096	65	212441	22217
Mar 17, 2022	3536978	61	193827	21522
Mar 18, 2022	3537755	70	201188	18801
Mar 19, 2022	3592444	51	161653	22292
Mar 20, 2022	3625391	62	150846	23153
Mar 21, 2022	3579530	48	147562	24824
Mar 22, 2022	3523892	0	144118	24770
Mar 23, 2022	3458473	52	135238	23721
Mar 24, 2022	3411904	55	122069	22219
Mar 25, 2022	3341369	41	114790	20013
Mar 26, 2022	3274556	39	102310	24066
Mar 27, 2022	3174003	33	90990	25753
Mar 28, 2022	3125209	37	96205	27183
Mar 29, 2022	3021359	37	93359	26084
Mar 30, 2022	2999992	42	87892	25077
Mar 31, 2022	2837363	39	78773	23843
Apr 01, 2022	2828640	31	71244	23352
Apr 02, 2022	2792969	21	54788	23412
Apr 03, 2022	2773112	35	52614	27254
Apr 04, 2022	2769811	26	59393	27519
Apr 05, 2022	2525710	19	53003	26225
Apr 06, 2022	2448409	17	49291	26011
Apr 07, 2022	2380176	28	42145	24854
Apr 08, 2022	2361677	20	36578	22003
Apr 09, 2022	2356372	23	30332	25509
Apr 10, 2022	2351694	23	24772	27680
Apr 11, 2022	2354049	10	24366	28057
Apr 12, 2022	2176203	10	26310	27626
Apr 13, 2022	2188606	13	24587	26997
Apr 14, 2022	2127537	18	21340	24969
Apr 15, 2022	2142437	7	19627	22220
Apr 16, 2022	2093724	9	15576	24545
Apr 17, 2022	2103818	7	12725	25910
Apr 18, 2022	2112312	6	14299	24927
Apr 19, 2022	2001963	9	14056	25933
Apr 20, 2022	2013472	8	12721	24619
Apr 21, 2022	2017491	8	11800	19826
Apr 22, 2022	2026946	5	10959	22361
Apr 23, 2022	2035670	3	9320	22846
Apr 24, 2022	2040400	1	7844	23524
Apr 25, 2022	2041551	3	8882	21072
Apr 26, 2022	2026960	1	8429	18919
Apr 27, 2022	1988477	2	7496	18509
Apr 28, 2022	1916799	0	6392	16782
Apr 29, 2022	1919965	3	5378	17105
Apr 30, 2022	1908613	2	3913	22022
May 01, 2022	1910414	6	3287	21168
May 02, 2022	1912609	0	2850	20145
May 03, 2022	1913634	1	3250	19119
May 04, 2022	1874826	1	4531	17109
May 05, 2022	1874271	1	4019	11252
May 06, 2022	1876467	2	3520	12224
May 07, 2022	1877699	3	2388	10588
May 08, 2022	1878020	0	2289	12755
May 09, 2022	1878734	2	3005	11132
May 10, 2022	1878969	0	2901	9322
May 11, 2022	1879279	2	4156	8807
May 12, 2022	1875991	4	2342	9286
May 13, 2022	1869268	1	1994	9213
May 14, 2022	1865697	1	1678	8601
May 15, 2022	1861927	2	1631	9168
May 16, 2022	1858833	0	1878	7323
May 17, 2022	1855613	0	1926	8042
May 18, 2022	1849101	1	1805	7567
May 19, 2022	1841318	0	1669	7091
May 20, 2022	1835834	2	1533	5775
May 21, 2022	1834298	0	1388	7391
May 22, 2022	1826741	0	1240	8856
May 23, 2022	1824118	0	1392	7235
May 24, 2022	1819015	0	1414	5591
May 25, 2022	1817968	0	1341	5560
May 26, 2022	1812086	1	1303	5198
May 27, 2022	1804024	0	1172	3921
May 28, 2022	1796733	1	936	5622
May 29, 2022	1789230	0	1176	6031
May 30, 2022	1782217	0	1062	6607
May 31, 2022	1777521	0	1101	5125
Jun 01, 2022	1769080	1	1144	5605
Jun 02, 2022	1764403	0	1093	4238
Jun 03, 2022	1756350	0	926	3813
Jun 04, 2022	1747675	0	721	5011
Jun 05, 2022	1739848	1	847	4879
Jun 06, 2022	1731668	1	1010	4824
Jun 07, 2022	1723369	0	960	4130
Jun 08, 2022	1715966	0	843	3326
Jun 09, 2022	1712464	0	1011	3518
Jun 10, 2022	1708874	0	747	2917
Jun 11, 2022	1702299	0	597	4236
Jun 12, 2022	1697622	0	649	2330
Jun 13, 2022	1688941	0	900	2155
Jun 14, 2022	1683476	0	910	2109
Jun 15, 2022	1679004	0	814	2512
Jun 16, 2022	1670983	1	760	2123
Jun 17, 2022	1663362	0	735	1964
Jun 18, 2022	1658208	0	561	1874
Jun 19, 2022	1654514	0	547	2166
Jun 20, 2022	1645291	0	787	2137
Jun 21, 2022	1640297	0	994	1683
Jun 22, 2022	1635634	0	778	1783
Jun 23, 2022	1631325	3	686	1489
Jun 24, 2022	1622660	0	691	1892
Jun 25, 2022	1618112	0	586	1834
Jun 26, 2022	1611398	0	670	2138
Jun 27, 2022	1605415	0	809	2185
Jun 28, 2022	1596716	0	817	1984
Jun 29, 2022	1588146	1	882	1779
Jun 30, 2022	1583069	1	975	2154
Jul 01, 2022	1575699	0	768	1883
Jul 02, 2022	1566773	0	537	2043
Jul 03, 2022	1557683	0	721	2148
Jul 04, 2022	1552224	0	1041	2282
Jul 05, 2022	1543505	0	960	2049
Jul 06, 2022	1536839	0	962	2234
Jul 07, 2022	1529239	1	841	1946
Jul 08, 2022	1521325	0	720	2417
Jul 09, 2022	1515523	0	489	2159
Jul 10, 2022	1507535	0	597	2268
Jul 11, 2022	1501975	1	920	2115
Jul 12, 2022	1493743	0	1052	1901
Jul 13, 2022	1489712	0	980	2120
Jul 14, 2022	1482147	0	1006	1920
Jul 15, 2022	1477984	0	741	2181
Jul 16, 2022	1471365	0	784	2578
Jul 17, 2022	1464201	1	896	2361
Jul 18, 2022	1461016	0	1142	2501
Jul 19, 2022	1456941	0	1220	2029
Jul 20, 2022	1449089	0	1358	2318
Jul 21, 2022	1445448	0	1202	1816
Jul 22, 2022	1442118	0	1126	1877
Jul 23, 2022	1433916	0	787	2358
Jul 24, 2022	1424931	1	942	2425
Jul 25, 2022	1420181	0	1537	2173
Jul 26, 2022	1414611	0	1855	2099
Jul 27, 2022	1408950	0	1787	2129
Jul 28, 2022	1403860	1	1899	1853
Jul 29, 2022	1396681	0	1756	2157
Jul 30, 2022	1390463	0	1554	2800
Jul 31, 2022	1384140	0	1467	2540
Aug 01, 2022	1375959	0	2104	2514
Aug 02, 2022	1368394	0	2205	2472
Aug 03, 2022	1362849	0	2042	2700
Aug 04, 2022	1357179	0	2104	2483
Aug 05, 2022	1349802	1	1610	2209
Aug 06, 2022	1344534	0	1382	1939
Aug 07, 2022	1337327	1	1706	2015
Aug 08, 2022	1329810	1	2341	2294
Aug 09, 2022	1322631	1	2011	2151
Aug 10, 2022	1319370	0	2637	2076
Aug 11, 2022	1315589	2	2192	2142
Aug 12, 2022	1311883	3	1816	1898
Aug 13, 2022	1308512	0	1428	2576
Aug 14, 2022	1304007	0	1695	2335
Aug 15, 2022	1296445	1	2984	2023
Aug 16, 2022	1294213	1	2814	2243
Aug 17, 2022	1291726	1	3296	2023
Aug 18, 2022	1286145	0	2984	2028
Aug 19, 2022	1282154	2	2704	1986
Aug 20, 2022	1278462	2	1561	2252
Aug 21, 2022	1270150	0	2254	2298
Aug 22, 2022	1264179	1	3196	2394
Aug 23, 2022	1258008	1	3596	2100
Aug 24, 2022	1247470	1	3343	1742
Aug 25, 2022	1238064	4	3196	1601
Aug 26, 2022	1231922	0	2197	1667
Aug 27, 2022	1220179	0	1705	2305
Aug 28, 2022	1211965	1	2409	2198
Aug 29, 2022	1207366	1	3242	2111
Aug 30, 2022	1197462	1	2727	1917
Aug 31, 2022	1191700	2	2680	1743
Sep 01, 2022	1185353	1	1549	1565
Sep 02, 2022	1178814	2	1596	1643
Sep 03, 2022	1171110	1	1390	2143
Sep 04, 2022	1166109	0	1896	2106
Sep 05, 2022	1147285	0	3966	1963
Sep 06, 2022	1145560	3	3878	1618
Sep 07, 2022	1134509	1	3197	1969
Sep 08, 2022	1129202	2	3645	1327
Sep 09, 2022	1115271	0	2498	1201
Sep 10, 2022	1109603	5	1643	2101
Sep 11, 2022	1076383	0	2013	1966
Sep 12, 2022	1063261	1	3302	1827
Sep 13, 2022	1055394	1	3110	1251
Sep 14, 2022	1013176	2	2964	1024
Sep 15, 2022	960954	1	3081	1087
Sep 16, 2022	904112	4	2479	969
Sep 17, 2022	836936	0	1891	1170
Sep 18, 2022	838187	0	1778	1105
Sep 19, 2022	839404	0	3178	919
Sep 20, 2022	841147	0	2288	934
Sep 21, 2022	841765	0	1928	876
Sep 22, 2022	842434	1	2545	794
Sep 23, 2022	843660	0	1176	745
Sep 24, 2022	843906	1	961	1032
Sep 25, 2022	844202	0	1435	1145
Sep 26, 2022	844937	1	1585	801
Sep 27, 2022	845294	0	1587	674
Sep 28, 2022	845852	0	978	790
Sep 29, 2022	845729	2	1471	733
Sep 30, 2022	846252	0	671	811
Oct 01, 2022	846195	0	490	625
Oct 02, 2022	846366	1	796	625
Oct 03, 2022	846892	1	1021	625
Oct 04, 2022	847106	0	1194	625
Oct 05, 2022	847442	0	1130	625
Oct 06, 2022	848057	1	702	625
Oct 07, 2022	848321	1	682	631
Oct 08, 2022	848611	0	371	0
Oct 09, 2022	848833	0	1045	0
Oct 10, 2022	849705	0	1228	0
Oct 11, 2022	850305	0	1195	0
Oct 12, 2022	851093	2	1070	0
Oct 13, 2022	851752	1	589	0
Oct 14, 2022	851850	1	732	2234
Oct 15, 2022	852293	0	325	0
Oct 16, 2022	852377	0	674	374
Oct 17, 2022	852822	0	623	373
Oct 18, 2022	853085	0	1336	374
Oct 19, 2022	854055	2	541	374
Oct 20, 2022	854297	0	582	374
Oct 21, 2022	854523	1	475	373
Oct 22, 2022	854721	0	158	374
Oct 23, 2022	854771	0	546	364
Oct 24, 2022	855191	1	514	365
Oct 25, 2022	855259	0	826	364
Oct 26, 2022	855684	0	484	365
Oct 27, 2022	855844	1	641	364
Oct 28, 2022	856198	1	264	365
Oct 29, 2022	856171	0	305	364
Oct 30, 2022	856316	0	410	394
Oct 31, 2022	856510	0	450	394
Nov 01, 2022	856573	1	756	394
Nov 02, 2022	856984	0	819	395
Nov 03, 2022	857559	0	339	394
Nov 04, 2022	857703	0	359	394
Nov 05, 2022	857852	0	241	394
Nov 06, 2022	858020	0	365	452
Nov 07, 2022	858267	0	442	453
Nov 08, 2022	858482	0	468	452
Nov 09, 2022	858643	0	416	452
Nov 10, 2022	858906	0	630	452
Nov 11, 2022	859335	1	277	453
Nov 12, 2022	859414	0	242	452
Nov 13, 2022	859586	1	204	0
Nov 14, 2022	859724	1	580	565
Nov 15, 2022	860151	0	502	566
Nov 16, 2022	860509	0	509	565
Nov 17, 2022	860857	0	435	565
Nov 18, 2022	861118	0	259	565
Nov 19, 2022	861263	1	274	566
Nov 20, 2022	861382	0	370	565
Nov 21, 2022	861639	0	316	702
Nov 22, 2022	861803	0	546	702
Nov 23, 2022	862170	0	489	702
Nov 24, 2022	862321	2	574	702
Nov 25, 2022	862726	3	427	702
Nov 26, 2022	862945	1	358	702
Nov 27, 2022	863250	0	333	702
Nov 28, 2022	863482	1	558	612
Nov 29, 2022	863909	0	485	612
Nov 30, 2022	864245	0	581	612
Dec 01, 2022	864736	1	635	612
Dec 02, 2022	865226	0	394	612
Dec 03, 2022	865512	0	204	612
Dec 04, 2022	865623	0	427	612
Dec 05, 2022	865984	0	362	566
Dec 06, 2022	866194	0	500	566
Dec 07, 2022	866576	0	530	566
Dec 08, 2022	866993	1	496	565
Dec 09, 2022	867386	0	408	566
Dec 10, 2022	867694	0	194	566
Dec 11, 2022	867840	0	383	566
Dec 12, 2022	868167	0	366	4449
Dec 13, 2022	868426	0	320	489
Dec 14, 2022	868617	1	390	488
Dec 15, 2022	868884	0	333	489
Dec 16, 2022	869130	1	319	488
Dec 17, 2022	869354	1	177	489
Dec 18, 2022	869482	2	236	488
Dec 19, 2022	869693	0	204	414
Dec 20, 2022	869838	0	200	415
Dec 21, 2022	869905	0	214	414
Dec 22, 2022	870026	0	314	414
Dec 23, 2022	870219	0	107	414
Dec 24, 2022	870255	0	71	415
Dec 25, 2022	870285	2	163	414
Dec 26, 2022	870421	0	211	302
Dec 27, 2022	870546	0	132	301
Dec 28, 2022	870536	0	234	302
Dec 29, 2022	870715	0	132	301
Dec 30, 2022	870776	0	86	302
Dec 31, 2022	870770	0	53	301
Jan 01, 2023	870776	0	53	302
Jan 02, 2023	870826	0	71	0
Jan 03, 2023	870884	0	83	0
Jan 04, 2023	870916	0	80	0
Jan 05, 2023	870962	0	76	0
Jan 06, 2023	871003	0	64	0
Jan 07, 2023	871031	0	52	0
Jan 08, 2023	871069	0	71	0
Jan 09, 2023	871137	0	77	281
Jan 10, 2023	871178	0	35	281
Jan 11, 2023	871188	0	88	281
Jan 12, 2023	871198	0	55	280
Jan 13, 2023	870854	0	29	281
Jan 14, 2023	870843	0	22	281
Jan 15, 2023	870849	0	27	281
Jan 16, 2023	870864	0	46	90
Jan 17, 2023	870881	0	41	0
Jan 18, 2023	870848	0	30	0
Jan 19, 2023	870737	0	17	0
Jan 20, 2023	870723	0	17	0
Jan 21, 2023	870732	0	11	0
Jan 22, 2023	870734	0	3	0
Jan 23, 2023	870736	0	7	67
Jan 24, 2023	870740	0	9	68
Jan 25, 2023	870748	0	17	67
Jan 26, 2023	870753	0	12	68
Jan 27, 2023	870758	0	18	67
Jan 28, 2023	870771	0	13	68
Jan 29, 2023	870778	0	53	67
Jan 30, 2023	870828	0	36	0
Jan 31, 2023	870849	0	11	0
Feb 01, 2023	870843	0	14	0
Feb 02, 2023	870142	0	21	0
Feb 03, 2023	870158	0	16	0
Feb 04, 2023	868792	0	7	0
Feb 05, 2023	868794	0	11	0
Feb 06, 2023	868800	0	14	0
Feb 07, 2023	868812	0	19	0
Feb 08, 2023	868826	0	17	0
Feb 09, 2023	868797	0	13	0
Feb 10, 2023	868800	0	11	0
Feb 11, 2023	868805	0	41	0
Feb 12, 2023	868835	0	12	0
Feb 13, 2023	868839	0	50	0
Feb 14, 2023	868858	0	19	0
Feb 15, 2023	868875	0	13	0
Feb 16, 2023	868884	0	13	0
Feb 17, 2023	868897	0	7	0
Feb 18, 2023	868899	0	4	0
Feb 19, 2023	868902	0	15	0
Feb 20, 2023	868917	0	9	0
Feb 21, 2023	868920	0	24	0
Feb 22, 2023	868937	0	12	0
Feb 23, 2023	868944	0	11	0
Feb 24, 2023	868940	0	10	0
Feb 25, 2023	868946	0	10	0
Feb 26, 2023	868955	0	4	0
Feb 27, 2023	868956	0	12	0
Feb 28, 2023	868962	0	9	0
Mar 01, 2023	868963	0	11	0
Mar 02, 2023	868968	0	13	0
Mar 03, 2023	868976	0	12	0
Mar 04, 2023	868988	0	4	0
Mar 05, 2023	868990	0	0	0
Mar 06, 2023	868990	0	20	0
Mar 07, 2023	868998	0	8	0
Mar 08, 2023	869001	0	18	0
Mar 09, 2023	869017	0	14	0
Mar 10, 2023	869025	0	7	0
Mar 11, 2023	869030	0	4	0
Mar 12, 2023	869033	0	9	0
Mar 13, 2023	869041	0	8	0
Mar 14, 2023	869045	0	25	0
Mar 15, 2023	869064	0	20	0
Mar 16, 2023	869078	0	11	0
Mar 17, 2023	869083	0	6	0
Mar 18, 2023	869083	0	23	0
Mar 19, 2023	869096	0	7	0
Mar 20, 2023	869103	0	11	0
Mar 21, 2023	869110	0	18	0
Mar 22, 2023	869114	0	12	0
Mar 23, 2023	869115	0	8	0
Mar 24, 2023	869113	0	8	0
Mar 25, 2023	869118	0	7	0
Mar 26, 2023	869125	0	10	0
Mar 27, 2023	869091	0	16	0
Mar 28, 2023	869104	0	19	0
Mar 29, 2023	869118	0	30	0
Mar 30, 2023	869143	0	16	0
Mar 31, 2023	869149	0	15	0
Apr 01, 2023	869153	0	10	0
Apr 02, 2023	869152	0	40	0
Apr 03, 2023	869192	0	37	0
Apr 04, 2023	869226	0	51	0
Apr 05, 2023	869254	0	43	0
Apr 06, 2023	869283	0	82	0
Apr 07, 2023	869361	0	122	0
Apr 08, 2023	869462	0	44	0
Apr 09, 2023	869480	0	114	0
Apr 10, 2023	869575	0	183	0
Apr 11, 2023	869722	0	261	0
Apr 12, 2023	869937	0	497	0
Apr 13, 2023	870397	0	781	0
Apr 14, 2023	871074	0	775	0
Apr 15, 2023	871827	0	716	0
Apr 16, 2023	872493	0	1031	0
Apr 17, 2023	873522	1	1522	0
Apr 18, 2023	874906	0	2162	0
Apr 19, 2023	876859	0	2461	0
Apr 20, 2023	879075	1	2474	0
Apr 21, 2023	881343	0	2337	0
Apr 22, 2023	883147	0	1718	0
Apr 23, 2023	884498	0	1908	0
Apr 24, 2023	886179	0	2501	0
Apr 25, 2023	887860	3	2731	0
Apr 26, 2023	889978	0	2958	0
Apr 27, 2023	891874	4	3094	0
Apr 28, 2023	894205	0	1893	0
Apr 29, 2023	895201	0	1986	0
Apr 30, 2023	896530	1	1243	0
May 01, 2023	897156	0	1202	0
May 02, 2023	897607	0	1202	0
May 03, 2023	898268	1	2233	0
May 04, 2023	899692	0	3399	0
May 05, 2023	902093	1	2804	0
May 06, 2023	904211	2	1952	0
May 07, 2023	905425	1	2055	0
May 08, 2023	907005	0	2122	0
May 09, 2023	908185	0	2507	0
May 10, 2023	910034	0	2823	0
May 11, 2023	911930	0	2439	0
May 12, 2023	913404	0	1738	0
May 13, 2023	914317	0	1050	0
May 14, 2023	915082	0	1987	0
May 15, 2023	916827	1	2015	0
May 16, 2023	918567	1	2043	0
May 17, 2023	919757	1	1927	0
May 18, 2023	921215	1	1980	0
May 19, 2023	922753	0	1190	0
May 20, 2023	923640	1	979	0
May 21, 2023	924470	0	1222	0
May 22, 2023	925387	0	1438	0
May 23, 2023	926281	0	1081	0
May 24, 2023	926840	0	1175	0
May 25, 2023	927575	0	1043	0
May 26, 2023	928353	0	840	0
May 27, 2023	928995	0	341	0
May 28, 2023	929149	0	846	0
May 29, 2023	929864	0	652	0
May 30, 2023	930243	0	1232	0
May 31, 2023	931234	0	951	0
Jun 01, 2023	931983	0	744	0
Jun 02, 2023	932548	0	280	0
Jun 03, 2023	932614	0	468	0
Jun 04, 2023	933034	0	326	0
Jun 05, 2023	933297	0	750	0
Jun 06, 2023	933943	0	575	0
Jun 07, 2023	934421	0	518	0
Jun 08, 2023	934834	0	277	0
Jun 09, 2023	935021	0	202	0
Jun 10, 2023	935154	0	115	0
Jun 11, 2023	935200	0	171	0
Jun 12, 2023	935332	0	199	0
Jun 13, 2023	935477	0	238	0
Jun 14, 2023	935575	0	329	0
Jun 15, 2023	935877	0	265	0
Jun 16, 2023	936092	0	251	0
Jun 17, 2023	936288	0	55	0
Jun 18, 2023	936311	0	129	0
Jun 19, 2023	936426	0	137	0
Jun 20, 2023	936525	0	115	0
Jun 21, 2023	936617	0	140	0
Jun 22, 2023	936713	0	147	0
Jun 23, 2023	936822	0	57	0
Jun 24, 2023	936871	0	29	0
Jun 25, 2023	936897	0	113	0
Jun 26, 2023	936997	0	75	0
Jun 27, 2023	937035	0	125	0
Jun 28, 2023	937134	0	93	0
Jun 29, 2023	937211	0	79	0
Jun 30, 2023	937280	0	35	0
Jul 01, 2023	937296	0	27	0
Jul 02, 2023	937315	0	85	0
Jul 03, 2023	937398	0	61	0
Jul 04, 2023	937441	0	64	0
Jul 05, 2023	937489	0	57	0
Jul 06, 2023	937535	0	57	0
Jul 07, 2023	937577	0	86	0
Jul 08, 2023	937648	0	24	0
Jul 09, 2023	937657	0	39	0
Jul 10, 2023	937693	0	47	0
Jul 11, 2023	937735	0	49	0
Jul 12, 2023	937771	0	36	0
Jul 13, 2023	937796	0	60	0
Jul 14, 2023	937851	0	32	0
Jul 15, 2023	937876	0	27	0
Jul 16, 2023	937898	0	50	0
Jul 17, 2023	937937	0	29	0
Jul 18, 2023	937955	0	63	0
Jul 19, 2023	938012	0	33	0
Jul 20, 2023	938033	0	36	0
Jul 21, 2023	938063	0	41	0
Jul 22, 2023	938094	0	27	0
Jul 23, 2023	938118	0	55	0
Jul 24, 2023	938171	0	27	0
Jul 25, 2023	938194	0	20	0
Jul 26, 2023	938211	0	24	0
Jul 27, 2023	938228	0	37	0
Jul 28, 2023	938261	0	9	0
Jul 29, 2023	938270	0	14	0
Jul 30, 2023	938276	0	28	0
Jul 31, 2023	938303	0	43	0
Aug 01, 2023	938342	0	26	0
Aug 02, 2023	938358	0	25	0
Aug 03, 2023	938381	0	31	0
Aug 04, 2023	938409	0	13	0
Aug 05, 2023	938415	0	0	0
Aug 06, 2023	938415	0	43	0
Aug 07, 2023	938457	0	32	0
Aug 08, 2023	938480	0	39	0
Aug 09, 2023	938514	0	27	0
Aug 10, 2023	938535	0	59	0
Aug 11, 2023	938591	0	26	0
Aug 12, 2023	938612	0	14	0
Aug 13, 2023	938625	0	20	0
Aug 14, 2023	938644	0	38	0
Aug 15, 2023	938678	0	51	0
Aug 16, 2023	938726	0	39	0
Aug 17, 2023	938760	0	17	0
Aug 18, 2023	938770	0	21	0
Aug 19, 2023	938776	0	15	0
Aug 20, 2023	938786	0	44	0
Aug 21, 2023	938829	0	51	0
Aug 22, 2023	938869	0	50	0
Aug 23, 2023	938915	0	23	0
Aug 24, 2023	938929	0	73	0
Aug 25, 2023	938993	0	23	0
Aug 26, 2023	939004	0	14	0
Aug 27, 2023	939014	0	33	0
Aug 28, 2023	939045	0	39	0
Aug 29, 2023	939066	0	51	0
Aug 30, 2023	939098	0	38	0
Aug 31, 2023	939118	0	42	0
Sep 01, 2023	939147	0	12	0
Sep 02, 2023	939155	0	12	0
Sep 03, 2023	939163	0	19	0
Sep 04, 2023	939179	0	32	0
Sep 05, 2023	939207	0	49	0
Sep 06, 2023	939223	0	32	0
Sep 07, 2023	939238	0	63	0
Sep 08, 2023	939294	0	63	0
Sep 09, 2023	939352	0	5	0
Sep 10, 2023	939345	0	29	0
Sep 11, 2023	939370	0	43	0
Sep 12, 2023	939410	0	29	0
Sep 13, 2023	939419	0	30	0
Sep 14, 2023	939449	0	39	0
Sep 15, 2023	939477	0	15	0
Sep 16, 2023	939481	0	21	0
Sep 17, 2023	939487	0	27	0
Sep 18, 2023	939510	0	41	0
Sep 19, 2023	939544	0	24	0
Sep 20, 2023	939553	0	28	0
Sep 21, 2023	939571	0	47	0
Sep 22, 2023	939613	0	17	0
Sep 23, 2023	939611	0	0	0
Sep 24, 2023	939611	0	28	0
Sep 25, 2023	939634	0	26	0
Sep 26, 2023	939658	0	18	0
Sep 27, 2023	939666	0	18	0
Sep 28, 2023	939678	0	21	0
Sep 29, 2023	939695	0	10	0
Sep 30, 2023	939683	0	9	0
Oct 01, 2023	939686	0	17	0
Oct 02, 2023	939698	0	23	0
Oct 03, 2023	939713	0	27	0
Oct 04, 2023	939724	0	28	0
Oct 05, 2023	939745	0	32	0
Oct 06, 2023	939771	0	11	0
Oct 07, 2023	939777	0	0	0
Oct 08, 2023	939777	0	13	0
Oct 09, 2023	939778	0	36	0
Oct 10, 2023	939813	0	17	0
Oct 11, 2023	939815	0	27	0
Oct 12, 2023	939836	0	38	0
Oct 13, 2023	939869	0	11	0
Oct 14, 2023	939879	0	13	0
Oct 15, 2023	939877	0	25	0
Oct 16, 2023	939902	0	16	0
Oct 17, 2023	939910	0	13	0
Oct 18, 2023	939907	0	0	0
Oct 19, 2023	939907	0	18	0
Oct 20, 2023	939901	0	8	0
Oct 21, 2023	939903	0	0	0
Oct 22, 2023	939903	0	4	0
Oct 23, 2023	939907	0	5	0
Oct 24, 2023	939912	0	6	0
Oct 25, 2023	939918	0	1	0
Oct 26, 2023	939919	0	4	0
Oct 27, 2023	939923	0	0	0
Oct 28, 2023	939923	0	0	0
Oct 29, 2023	939923	0	5	0
Oct 30, 2023	939928	0	9	0
Oct 31, 2023	939937	0	0	0
Nov 01, 2023	939937	0	0	0
Nov 02, 2023	939937	0	0	0
Nov 03, 2023	939937	0	0	0
Nov 04, 2023	939937	0	0	0
Nov 05, 2023	939937	0	0	0
Nov 06, 2023	939937	0	0	0
Nov 07, 2023	939937	0	0	0
Nov 08, 2023	939937	0	0	0
Nov 09, 2023	939937	0	0	0
Nov 10, 2023	939937	0	0	0
Nov 11, 2023	939937	0	0	0
Nov 12, 2023	939937	0	0	0
Nov 13, 2023	939937	0	0	0
Nov 14, 2023	939937	0	0	0
Nov 15, 2023	939937	0	0	0
Nov 16, 2023	939937	0	0	0
Nov 17, 2023	939937	0	0	0
Nov 18, 2023	939937	0	0	0
Nov 19, 2023	939937	0	0	0
Nov 20, 2023	939937	0	0	0
Nov 21, 2023	939937	0	0	0
Nov 22, 2023	939937	0	0	0
Nov 23, 2023	939937	0	0	0
Nov 24, 2023	939937	0	0	0
Nov 25, 2023	939937	0	0	0
Nov 26, 2023	939937	0	0	0
Nov 27, 2023	939937	0	0	0
Nov 28, 2023	939937	0	0	0
Nov 29, 2023	939937	0	0	0
Nov 30, 2023	939937	0	0	0
Dec 01, 2023	939937	0	0	0
Dec 02, 2023	939937	0	0	0
Dec 03, 2023	939937	0	0	0
Dec 04, 2023	939937	0	0	0
Dec 05, 2023	939937	0	0	0
Dec 06, 2023	939937	0	0	0
Dec 07, 2023	939937	0	0	0
Dec 08, 2023	939937	0	0	0
Dec 09, 2023	939937	0	0	0
Dec 10, 2023	939937	0	0	0
Dec 11, 2023	939937	0	0	0
Dec 12, 2023	939937	0	0	0
Dec 13, 2023	939937	0	0	0
Dec 14, 2023	939937	0	0	0
Dec 15, 2023	939937	0	0	0
Dec 16, 2023	939937	0	0	0
Dec 17, 2023	939937	0	0	0
Dec 18, 2023	939937	0	0	0
Dec 19, 2023	939937	0	0	0
Dec 20, 2023	939937	0	0	0
Dec 21, 2023	939937	0	0	0
Dec 22, 2023	939937	0	0	0
Dec 23, 2023	939937	0	0	0
Dec 24, 2023	939937	0	0	0
Dec 25, 2023	939937	0	0	0
Dec 26, 2023	939937	0	0	0
Dec 27, 2023	939937	0	0	0
Dec 28, 2023	939937	0	0	0
Dec 29, 2023	939937	0	0	0
Dec 30, 2023	939937	0	0	0
Dec 31, 2023	939937	0	662	0
Jan 01, 2024	940599	0	0	0
Jan 02, 2024	940599	0	0	0
Jan 03, 2024	940599	0	0	0
Jan 04, 2024	940599	0	0	0
Jan 05, 2024	940599	0	0	0
Jan 06, 2024	940599	0	0	0
Jan 07, 2024	940599	0	0	0
Jan 08, 2024	940599	0	0	0
Jan 09, 2024	940599	0	0	0
Jan 10, 2024	940599	0	0	0
Jan 11, 2024	940599	0	0	0
Jan 12, 2024	940599	0	0	0
Jan 13, 2024	940599	0	0	0
Jan 14, 2024	940599	0	419	0
Jan 15, 2024	941018	0	0	0
Jan 16, 2024	941018	0	0	0
Jan 17, 2024	941018	0	0	0
Jan 18, 2024	941018	0	0	0
Jan 19, 2024	941018	0	0	0
Jan 20, 2024	941018	0	0	0
Jan 21, 2024	941018	0	0	0
Jan 22, 2024	941018	0	0	0
Jan 23, 2024	941018	0	0	0
Jan 24, 2024	941018	0	0	0
Jan 25, 2024	941018	0	0	0
Jan 26, 2024	941018	0	0	0
Jan 27, 2024	941018	0	0	0
Jan 28, 2024	941018	0	0	0
Jan 29, 2024	941018	0	0	0
Jan 30, 2024	941018	0	0	0
Jan 31, 2024	941018	0	0	0
Feb 01, 2024	941018	0	0	0
Feb 02, 2024	941018	0	0	0
Feb 03, 2024	941018	0	0	0
Feb 04, 2024	941018	0	0	0
Feb 05, 2024	941018	0	0	0
Feb 06, 2024	941018	0	0	0
Feb 07, 2024	941018	0	0	0
Feb 08, 2024	941018	0	0	0
Feb 09, 2024	941018	0	0	0
Feb 10, 2024	941018	0	0	0
Feb 11, 2024	941018	0	0	0
Feb 12, 2024	941018	0	0	0
Feb 13, 2024	941018	0	0	0
Feb 14, 2024	941018	0	0	0
Feb 15, 2024	941018	0	0	0
Feb 16, 2024	941018	0	0	0
Feb 17, 2024	941018	0	0	0
Feb 18, 2024	941018	0	0	0
Feb 19, 2024	941018	0	0	0
Feb 20, 2024	941018	0	0	0
Feb 21, 2024	941018	0	0	0
Feb 22, 2024	941018	0	0	0
Feb 23, 2024	941018	0	0	0
Feb 24, 2024	941018	0	0	0
Feb 25, 2024	941018	0	0	0
Feb 26, 2024	941018	0	0	0
Feb 27, 2024	941018	0	0	0
Feb 28, 2024	941018	0	0	0
Feb 29, 2024	941018	0	0	0
Mar 01, 2024	941018	0	0	0
Mar 02, 2024	941018	0	0	0
Mar 03, 2024	941018	0	0	0
Mar 04, 2024	941018	0	0	0
Mar 05, 2024	941018	0	0	0
Mar 06, 2024	941018	0	0	0
Mar 07, 2024	941018	0	0	0
Mar 08, 2024	941018	0	0	0
Mar 09, 2024	941018	0	0	0
Mar 10, 2024	941018	0	0	0
Mar 11, 2024	941018	0	0	0
Mar 12, 2024	941018	0	0	0
Mar 13, 2024	941018	0	0	0
Mar 14, 2024	941018	0	0	0
Mar 15, 2024	941018	0	0	0
Mar 16, 2024	941018	0	0	0
Mar 17, 2024	941018	0	0	0
Mar 18, 2024	941018	0	0	0
Mar 19, 2024	941018	0	0	0
Mar 20, 2024	941018	NA	0	0
Mar 21, 2024	941018	NA	0	0
Mar 22, 2024	941018	NA	0	0
Mar 23, 2024	941018	NA	0	0
Mar 24, 2024	941018	NA	NA	NA
