Dates	Active	Deaths	Newcases	recover
Feb 15, 2020	22	0	0	0
Feb 16, 2020	22	0	0	1
Feb 17, 2020	22	0	1	2
Feb 18, 2020	23	0	0	0
Feb 19, 2020	23	0	0	0
Feb 20, 2020	23	0	0	0
Feb 21, 2020	23	0	2	3
Feb 22, 2020	25	1	0	0
Feb 23, 2020	24	0	6	1
Feb 24, 2020	30	0	2	0
Feb 25, 2020	32	0	3	0
Feb 26, 2020	35	0	2	0
Feb 27, 2020	37	0	8	0
Feb 28, 2020	45	0	12	1
Feb 29, 2020	57	0	4	0
Mar 01, 2020	61	0	20	0
Mar 02, 2020	81	1	41	0
Mar 03, 2020	121	0	58	0
Mar 04, 2020	179	1	56	0
Mar 05, 2020	224	2	49	0
Mar 06, 2020	271	2	83	0
Mar 07, 2020	352	0	68	0
Mar 08, 2020	420	2	55	0
Mar 09, 2020	473	5	148	0
Mar 10, 2020	616	3	265	0
Mar 11, 2020	878	7	403	0
Mar 12, 2020	1274	13	484	0
Mar 13, 2020	1745	16	478	0
Mar 14, 2020	2207	21	352	0
Mar 15, 2020	2536	30	441	0
Mar 16, 2020	2915	50	602	590
Mar 17, 2020	3454	58	783	0
Mar 18, 2020	4179	73	984	693
Mar 19, 2020	5090	79	1040	292
Mar 20, 2020	6051	118	1253	0
Mar 21, 2020	7158	143	1183	613
Mar 22, 2020	8198	183	1361	0
Mar 23, 2020	9334	206	2289	1081
Mar 24, 2020	11417	263	2353	619
Mar 25, 2020	13507	337	2666	1048
Mar 26, 2020	15836	410	3039	752
Mar 27, 2020	18465	463	3155	0
Mar 28, 2020	21157	516	2774	1502
Mar 29, 2020	23415	585	2818	725
Mar 30, 2020	25648	710	4195	1517
Mar 31, 2020	29133	827	4463	1491
Apr 01, 2020	32769	922	4891	1493
Apr 02, 2020	36738	1006	4824	1580
Apr 03, 2020	40556	1056	4853	1430
Apr 04, 2020	44353	1146	3976	745
Apr 05, 2020	47183	1219	3556	1067
Apr 06, 2020	49520	1168	5273	2087
Apr 07, 2020	53625	1292	5477	1917
Apr 08, 2020	57810	1459	5146	1952
Apr 09, 2020	61497	1371	4875	1726
Apr 10, 2020	64792	1319	4327	1459
Apr 11, 2020	67800	1362	3585	795
Apr 12, 2020	70023	1376	3507	532
Apr 13, 2020	72154	1230	4203	1087
Apr 14, 2020	75127	1252	4335	2150
Apr 15, 2020	78210	1275	5070	1857
Apr 16, 2020	82005	1320	5292	1608
Apr 17, 2020	85977	1267	4977	1563
Apr 18, 2020	89687	1188	4744	595
Apr 19, 2020	93243	1122	3881	831
Apr 20, 2020	96002	1159	4441	1772
Apr 21, 2020	99284	1082	4796	1476
Apr 22, 2020	102998	1101	5517	1431
Apr 23, 2020	107414	1037	5166	1405
Apr 24, 2020	111543	1004	4961	1101
Apr 25, 2020	115500	918	3757	309
Apr 26, 2020	118339	894	3476	610
Apr 27, 2020	120921	866	4739	1373
Apr 28, 2020	124794	800	4719	1342
Apr 29, 2020	128713	817	5433	1248
Apr 30, 2020	133329	780	4961	736
May 01, 2020	137510	785	4766	350
May 02, 2020	141491	705	3258	222
May 03, 2020	144044	661	3002	587
May 04, 2020	146385	676	3398	1365
May 05, 2020	149107	642	3686	1236
May 06, 2020	152151	627	3832	1055
May 07, 2020	155356	629	3787	815
May 08, 2020	158514	568	3064	4206
May 09, 2020	161010	539	2170	4272
May 10, 2020	162641	493	2337	2851
May 11, 2020	164485	427	3612	1265
May 12, 2020	167670	441	3410	2590
May 13, 2020	170639	454	3330	5146
May 14, 2020	173515	465	2630	2529
May 15, 2020	175680	421	2530	2468
May 16, 2020	177789	419	2082	77
May 17, 2020	179452	377	1837	2361
May 18, 2020	180912	407	2581	1002
May 19, 2020	183086	371	3063	1941
May 20, 2020	185778	353	2719	2584
May 21, 2020	188144	342	2567	1753
May 22, 2020	186773	300	2057	1610
May 23, 2020	185207	284	1532	1738
May 24, 2020	183658	281	1373	1267
May 25, 2020	179693	279	1625	3800
May 26, 2020	177873	299	2070	520
May 27, 2020	177027	281	1825	532
May 28, 2020	174208	288	1757	351
May 29, 2020	172234	254	1531	138
May 30, 2020	166240	219	1132	394
May 31, 2020	162701	195	1080	628
Jun 01, 2020	159036	199	1439	366
Jun 02, 2020	156537	233	1492	499
Jun 03, 2020	153601	203	1369	480
Jun 04, 2020	151040	183	1249	301
Jun 05, 2020	148299	184	1123	81
Jun 06, 2020	144493	151	804	446
Jun 07, 2020	140567	163	722	435
Jun 08, 2020	135926	161	1099	302
Jun 09, 2020	132778	137	1165	273
Jun 10, 2020	130382	166	1196	339
Jun 11, 2020	127688	121	1013	205
Jun 12, 2020	124712	135	1053	83
Jun 13, 2020	121059	101	886	325
Jun 14, 2020	117623	136	826	228
Jun 15, 2020	114655	107	1045	67
Jun 16, 2020	111793	120	1103	3070
Jun 17, 2020	109280	105	1017	528
Jun 18, 2020	106924	89	1022	1689
Jun 19, 2020	102736	88	993	223
Jun 20, 2020	98293	87	683	308
Jun 21, 2020	94684	80	636	260
Jun 22, 2020	91382	83	899	273
Jun 23, 2020	88682	97	883	709
Jun 24, 2020	85713	101	777	552
Jun 25, 2020	81102	108	726	517
Jun 26, 2020	76773	79	666	314
Jun 27, 2020	73401	73	653	189
Jun 28, 2020	70603	70	449	360
Jun 29, 2020	67489	69	724	481
Jun 30, 2020	64679	81	623	381
Jul 01, 2020	62326	54	652	667
Jul 02, 2020	60145	61	606	476
Jul 03, 2020	57650	48	568	375
Jul 04, 2020	55078	52	399	136
Jul 05, 2020	52403	52	558	310
Jul 06, 2020	49741	54	714	417
Jul 07, 2020	47975	43	609	406
Jul 08, 2020	46470	47	713	747
Jul 09, 2020	45870	61	722	577
Jul 10, 2020	44237	44	568	263
Jul 11, 2020	41862	38	458	347
Jul 12, 2020	39676	32	366	467
Jul 13, 2020	37865	45	740	5
Jul 14, 2020	37102	42	705	-20
Jul 15, 2020	36039	41	777	1472
Jul 16, 2020	35039	21	712	476
Jul 17, 2020	34122	34	582	481
Jul 18, 2020	32850	31	505	255
Jul 19, 2020	31911	24	448	500
Jul 20, 2020	30612	31	830	848
Jul 21, 2020	30010	31	788	611
Jul 22, 2020	29321	34	816	536
Jul 23, 2020	28507	36	808	516
Jul 24, 2020	27683	19	774	596
Jul 25, 2020	26991	23	530	161
Jul 26, 2020	26123	32	563	437
Jul 27, 2020	25472	18	869	608
Jul 28, 2020	25242	26	856	568
Jul 29, 2020	24547	28	1062	601
Jul 30, 2020	24729	17	946	617
Jul 31, 2020	24543	31	698	624
Aug 01, 2020	23848	20	559	266
Aug 02, 2020	23113	17	564	458
Aug 03, 2020	22297	23	1060	388
Aug 04, 2020	22465	27	1066	492
Aug 05, 2020	22392	13	1091	778
Aug 06, 2020	22486	21	1105	800
Aug 07, 2020	22490	24	973	811
Aug 08, 2020	22246	22	710	327
Aug 09, 2020	21770	19	627	534
Aug 10, 2020	21283	25	1499	923
Aug 11, 2020	21899	20	1378	980
Aug 12, 2020	22448	24	1242	1043
Aug 13, 2020	23092	23	1156	939
Aug 14, 2020	23221	18	1185	951
Aug 15, 2020	23169	23	714	481
Aug 16, 2020	23069	15	602	656
Aug 17, 2020	22848	21	1298	1289
Aug 18, 2020	23391	15	1116	1275
Aug 19, 2020	23889	13	1282	1251
Aug 20, 2020	24441	16	1498	-23
Aug 21, 2020	25347	10	1218	2637
Aug 22, 2020	26052	12	842	521
Aug 23, 2020	26269	17	831	960
Aug 24, 2020	26570	9	1300	1575
Aug 25, 2020	27509	22	1270	1505
Aug 26, 2020	28192	16	1388	2115
Aug 27, 2020	28946	12	1591	1890
Aug 28, 2020	29899	12	1632	1903
Aug 29, 2020	31018	8	1230	733
Aug 30, 2020	31421	11	1171	1282
Aug 31, 2020	31935	18	1513	2343
Sep 01, 2020	32917	11	2288	2480
Sep 02, 2020	34810	15	3077	2671
Sep 03, 2020	37354	9	3152	3106
Sep 04, 2020	39874	15	3092	2817
Sep 05, 2020	42275	14	2551	460
Sep 06, 2020	43988	13	2465	2075
Sep 07, 2020	45719	24	3931	3506
Sep 08, 2020	49049	16	3370	4447
Sep 09, 2020	51970	14	3365	4285
Sep 10, 2020	54777	16	3628	3300
Sep 11, 2020	57626	19	3324	4579
Sep 12, 2020	60165	23	2670	1829
Sep 13, 2020	62063	20	2154	3067
Sep 14, 2020	63458	21	3428	5046
Sep 15, 2020	66184	26	3551	5689
Sep 16, 2020	69144	31	4399	6875
Sep 17, 2020	72765	38	4675	4964
Sep 18, 2020	76568	30	4973	5054
Sep 19, 2020	80640	25	4889	2881
Sep 20, 2020	84745	40	5340	4622
Sep 21, 2020	89303	30	5627	6507
Sep 22, 2020	93974	39	6441	6673
Sep 23, 2020	99709	58	7096	8371
Sep 24, 2020	105866	34	7682	7874
Sep 25, 2020	112577	40	7318	6597
Sep 26, 2020	118994	47	6810	3917
Sep 27, 2020	125011	56	7023	6060
Sep 28, 2020	130918	55	9983	7964
Sep 29, 2020	140033	48	10366	9174
Sep 30, 2020	149235	61	12717	8764
Oct 01, 2020	160890	71	13357	9781
Oct 02, 2020	173061	74	13854	6692
Oct 03, 2020	185407	70	11667	5747
Oct 04, 2020	195936	63	11953	7300
Oct 05, 2020	206791	68	16753	9116
Oct 06, 2020	222772	84	17250	9861
Oct 07, 2020	238876	110	18573	12326
Oct 08, 2020	256547	97	18425	12558
Oct 09, 2020	273714	96	15893	9864
Oct 10, 2020	288505	107	12648	4926
Oct 11, 2020	299785	128	12202	9297
Oct 12, 2020	310717	120	19671	12159
Oct 13, 2020	329426	119	19116	15001
Oct 14, 2020	347276	122	19920	14737
Oct 15, 2020	366063	152	18606	13347
Oct 16, 2020	383035	162	17915	10349
Oct 17, 2020	399547	186	14882	3734
Oct 18, 2020	413169	167	14311	7409
Oct 19, 2020	425615	193	25872	11792
Oct 20, 2020	449901	210	25613	12947
Oct 21, 2020	474080	232	25714	11238
Oct 22, 2020	498125	242	23475	15629
Oct 23, 2020	519682	225	21694	11655
Oct 24, 2020	539277	219	16434	4655
Oct 25, 2020	553728	255	15895	9586
Oct 26, 2020	566413	282	26807	17069
Oct 27, 2020	590009	285	24351	16769
Oct 28, 2020	611691	281	23901	18852
Oct 29, 2020	632722	320	23614	24695
Oct 30, 2020	653174	352	22890	14887
Oct 31, 2020	672260	340	16673	7750
Nov 01, 2020	685177	359	15970	11726
Nov 02, 2020	697523	338	31925	20294
Nov 03, 2020	726541	377	25943	28299
Nov 04, 2020	749145	340	24027	23127
Nov 05, 2020	768978	387	24063	29551
Nov 06, 2020	789397	417	23659	27644
Nov 07, 2020	808453	417	18766	12106
Nov 08, 2020	822436	432	20244	18660
Nov 09, 2020	838159	491	31510	24177
Nov 10, 2020	864821	410	27789	38732
Nov 11, 2020	887362	409	27757	39020
Nov 12, 2020	908002	430	24826	41694
Nov 13, 2020	925230	450	24388	48256
Nov 14, 2020	941874	459	18223	24623
Nov 15, 2020	952233	456	16233	30656
Nov 16, 2020	960448	431	26952	33569
Nov 17, 2020	982409	466	23488	44028
Nov 18, 2020	996682	514	21076	45504
Nov 19, 2020	1007397	485	18041	32813
Nov 20, 2020	1014186	485	17100	44868
Nov 21, 2020	1019321	498	12533	50752
Nov 22, 2020	1024612	512	11895	35274
Nov 23, 2020	1028176	507	19024	39288
Nov 24, 2020	1034235	496	16679	55723
Nov 25, 2020	1036273	499	16814	58054
Nov 26, 2020	1038918	461	14761	82743
Nov 27, 2020	1036056	459	14554	37743
Nov 28, 2020	1036643	484	11086	20431
Nov 29, 2020	1032492	501	10852	22123
Nov 30, 2020	1030127	465	18198	35022
Dec 01, 2020	1034084	422	16684	32523
Dec 02, 2020	1033644	414	16676	23708
Dec 03, 2020	1030779	503	15860	31540
Dec 04, 2020	1027734	498	15834	27043
Dec 05, 2020	1027796	407	12893	10358
Dec 06, 2020	1024574	436	13731	13150
Dec 07, 2020	1021056	466	21584	26145
Dec 08, 2020	1023584	472	21065	19445
Dec 09, 2020	1023445	448	21909	21073
Dec 10, 2020	1018751	496	22916	16368
Dec 11, 2020	1020429	491	24390	12033
Dec 12, 2020	1024308	488	19588	3907
Dec 13, 2020	1020737	480	22266	8099
Dec 14, 2020	1023131	506	35197	14852
Dec 15, 2020	1037138	506	34378	12321
Dec 16, 2020	1048733	484	35427	11316
Dec 17, 2020	1059671	567	34437	11432
Dec 18, 2020	1070973	586	36419	8888
Dec 19, 2020	1082922	548	25589	3522
Dec 20, 2020	1086527	550	33066	7129
Dec 21, 2020	1096002	601	48192	12711
Dec 22, 2020	1124848	628	46475	11555
Dec 23, 2020	1151280	629	42936	10157
Dec 24, 2020	1169061	616	32392	11885
Dec 25, 2020	1177110	655	14419	10114
Dec 26, 2020	1168091	691	41110	2944
Dec 27, 2020	1183950	717	48520	12422
Dec 28, 2020	1211412	722	46408	13229
Dec 29, 2020	1235920	712	83090	12527
Dec 30, 2020	1298502	760	72161	12256
Dec 31, 2020	1347486	822	53947	12881
Jan 01, 2021	1367657	807	32482	10592
Jan 02, 2021	1372456	832	61654	2683
Jan 03, 2021	1406937	806	56335	10369
Jan 04, 2021	1437648	896	77972	16111
Jan 05, 2021	1493593	973	66638	16743
Jan 06, 2021	1539713	1013	58784	14328
Jan 07, 2021	1578487	1053	53187	16103
Jan 08, 2021	1630621	1052	48105	11747
Jan 09, 2021	1635528	1091	40035	5192
Jan 10, 2021	1674472	1172	37174	10662
Jan 11, 2021	1710474	1244	58592	13558
Jan 12, 2021	1767822	1318	50647	19955
Jan 13, 2021	1817151	1306	46509	18614
Jan 14, 2021	1862354	1341	43472	2504
Jan 15, 2021	1807798	1322	41452	8015
Jan 16, 2021	1832476	1415	31250	2565
Jan 17, 2021	1846681	1360	29592	10219
Jan 18, 2021	1863074	1398	45957	24387
Jan 19, 2021	1895705	1487	40525	18280
Jan 20, 2021	1921727	1382	35986	17701
Jan 21, 2021	1941143	1347	32502	2824
Jan 22, 2021	1958383	1334	30330	11425
Jan 23, 2021	1971694	1287	22344	3537
Jan 24, 2021	1977658	1239	17554	18718
Jan 25, 2021	1977155	1262	30737	23400
Jan 26, 2021	1992364	1172	27730	19862
Jan 27, 2021	2007470	1232	26303	18095
Jan 28, 2021	2032541	1224	24773	18425
Jan 29, 2021	2056090	1156	22434	14641
Jan 30, 2021	2077368	1025	17167	3087
Jan 31, 2021	2093510	994	15783	18000
Feb 01, 2021	2014263	1003	22972	21899
Feb 02, 2021	2016498	962	20265	19445
Feb 03, 2021	2018594	976	19914	19486
Feb 04, 2021	2013935	826	18493	19675
Feb 05, 2021	1997467	869	16307	15355
Feb 06, 2021	1985678	787	12320	3263
Feb 07, 2021	1971454	752	11664	21625
Feb 08, 2021	1947109	779	16194	24627
Feb 09, 2021	1929760	721	14225	21038
Feb 10, 2021	1908070	711	13899	21390
Feb 11, 2021	1883841	675	13139	22022
Feb 12, 2021	1858559	635	12573	17044
Feb 13, 2021	1839173	586	9035	3753
Feb 14, 2021	1812438	602	8995	20255
Feb 15, 2021	1790940	614	14735	24849
Feb 16, 2021	1764268	568	12939	21916
Feb 17, 2021	1725135	504	11942	21099
Feb 18, 2021	1688275	521	11793	22481
Feb 19, 2021	1644894	469	10728	17838
Feb 20, 2021	1603114	452	8313	3916
Feb 21, 2021	1554450	411	8098	21537
Feb 22, 2021	1507734	378	11657	24398
Feb 23, 2021	1460635	379	9763	21635
Feb 24, 2021	1410552	366	8847	20422
Feb 25, 2021	1358033	355	8024	18940
Feb 26, 2021	1313999	303	6782	18287
Feb 27, 2021	1253439	308	4949	3926
Feb 28, 2021	1198971	280	4873	17304
Mar 01, 2021	1148997	296	7192	23494
Mar 02, 2021	1110057	243	6918	19377
Mar 03, 2021	1116732	218	6172	19067
Mar 04, 2021	1031842	234	5937	19619
Mar 05, 2021	989542	222	5467	15340
Mar 06, 2021	939789	209	4628	3960
Mar 07, 2021	944208	197	4410	18007
Mar 08, 2021	869357	197	6890	23162
Mar 09, 2021	838745	184	6488	20821
Mar 10, 2021	812494	161	6250	22335
Mar 11, 2021	780417	173	5933	20740
Mar 12, 2021	748740	135	5717	20497
Mar 13, 2021	717906	135	4381	4223
Mar 14, 2021	685735	138	4425	18472
Mar 15, 2021	660232	139	6703	29241
Mar 16, 2021	644780	114	5863	23539
Mar 17, 2021	630989	127	5978	23328
Mar 18, 2021	611975	100	5632	22157
Mar 19, 2021	589150	104	5180	18480
Mar 20, 2021	565493	101	4247	4243
Mar 21, 2021	546654	127	5390	21048
Mar 22, 2021	522547	107	6459	24792
Mar 23, 2021	453360	95	5484	23418
Mar 24, 2021	398383	70	6224	21775
Mar 25, 2021	349743	79	5616	21508
Mar 26, 2021	347633	75	4567	20281
Mar 27, 2021	342462	65	3731	4857
Mar 28, 2021	335572	50	5030	21497
Mar 29, 2021	327913	71	4196	28090
Mar 30, 2021	320091	56	3779	25169
Mar 31, 2021	311884	73	3966	23362
Apr 01, 2021	305468	63	3674	27623
Apr 02, 2021	299341	50	2747	24508
Apr 03, 2021	291457	42	2508	5888
Apr 04, 2021	285482	53	2412	27933
Apr 05, 2021	277974	45	2744	35717
Apr 06, 2021	270753	45	3313	32413
Apr 07, 2021	265581	46	3253	32537
Apr 08, 2021	261439	61	3147	32868
Apr 09, 2021	258573	38	2953	28520
Apr 10, 2021	256094	43	2380	35083
Apr 11, 2021	252071	41	2376	22965
Apr 12, 2021	248058	38	2881	30983
Apr 13, 2021	244378	47	2495	42528
Apr 14, 2021	240940	35	2512	38990
Apr 15, 2021	237430	43	2345	39682
Apr 16, 2021	234608	32	2347	34547
Apr 17, 2021	232264	42	1722	26703
Apr 18, 2021	228210	31	2584	26091
Apr 19, 2021	224863	22	2738	38981
Apr 20, 2021	220965	35	2541	47228
Apr 21, 2021	216990	36	2708	43521
Apr 22, 2021	214236	33	2409	18239
Apr 23, 2021	212109	29	2020	56955
Apr 24, 2021	209127	24	1564	11424
Apr 25, 2021	205471	27	2119	53836
Apr 26, 2021	201904	21	2626	28557
Apr 27, 2021	198325	25	2178	14570
Apr 28, 2021	195785	21	2499	38391
Apr 29, 2021	192789	17	2230	40344
Apr 30, 2021	189792	16	1825	32552
May 01, 2021	186355	16	1433	7895
May 02, 2021	182775	19	1521	36390
May 03, 2021	178764	17	2084	40580
May 04, 2021	174717	15	2553	35451
May 05, 2021	171752	22	2569	33972
May 06, 2021	169675	17	2326	33418
May 07, 2021	168201	18	1982	27359
May 08, 2021	165592	20	1609	6728
May 09, 2021	163211	11	2307	39586
May 10, 2021	161527	8	2809	32575
May 11, 2021	159943	21	2329	32021
May 12, 2021	158915	15	2335	30218
May 13, 2021	157878	15	2182	30451
May 14, 2021	157801	14	1938	22837
May 15, 2021	157014	15	1628	5495
May 16, 2021	156291	14	1923	28245
May 17, 2021	155486	13	2858	29400
May 18, 2021	155358	11	2812	24763
May 19, 2021	155062	4	2813	22803
May 20, 2021	155325	7	2517	23947
May 21, 2021	156138	18	2367	9166
May 22, 2021	154979	4	2000	3440
May 23, 2021	154543	16	2326	22801
May 24, 2021	154401	16	3369	24320
May 25, 2021	155158	11	3427	20172
May 26, 2021	155890	14	3922	17803
May 27, 2021	157651	8	3747	19308
May 28, 2021	159560	14	3589	8459
May 29, 2021	160245	12	3000	3021
May 30, 2021	160772	9	3164	18529
May 31, 2021	161587	11	3897	20044
Jun 01, 2021	162807	10	5431	18134
Jun 02, 2021	165623	12	6168	6469
Jun 03, 2021	169781	16	6258	14673
Jun 04, 2021	174358	14	5861	13005
Jun 05, 2021	178186	7	4731	3087
Jun 06, 2021	180396	13	5534	16126
Jun 07, 2021	183912	6	7946	17811
Jun 08, 2021	189557	15	7896	15342
Jun 09, 2021	195204	17	8210	12735
Jun 10, 2021	201761	16	8043	12540
Jun 11, 2021	208318	13	7619	9604
Jun 12, 2021	214492	12	6284	2195
Jun 13, 2021	219059	12	7135	3171
Jun 14, 2021	224274	13	10362	12583
Jun 15, 2021	232219	21	10800	13853
Jun 16, 2021	240674	16	11052	11224
Jun 17, 2021	249970	9	11106	10607
Jun 18, 2021	259556	17	10320	8485
Jun 19, 2021	267781	20	8447	1189
Jun 20, 2021	274058	22	10087	9834
Jun 21, 2021	282112	13	16308	8703
Jun 22, 2021	295921	18	17402	8110
Jun 23, 2021	311283	9	18351	6920
Jun 24, 2021	327870	29	18714	6610
Jun 25, 2021	344650	22	18169	5037
Jun 26, 2021	316685	17	16301	1154
Jun 27, 2021	328651	24	18502	5999
Jun 28, 2021	341858	18	28418	5501
Jun 29, 2021	364044	24	28199	4442
Jun 30, 2021	386468	26	28923	3846
Jul 01, 2021	410046	28	28794	3943
Jul 02, 2021	433156	31	26339	2831
Jul 03, 2021	453433	31	24010	672
Jul 04, 2021	469888	30	25170	3226
Jul 05, 2021	487645	27	34919	3022
Jul 06, 2021	514450	35	36060	2010
Jul 07, 2021	542771	35	38597	3153
Jul 08, 2021	573879	42	34020	2599
Jul 09, 2021	600145	53	32804	1797
Jul 10, 2021	625258	45	28379	468
Jul 11, 2021	644564	35	30503	2200
Jul 12, 2021	664033	42	44511	2292
Jul 13, 2021	698077	50	47707	1953
Jul 14, 2021	735463	47	54910	1980
Jul 15, 2021	781106	54	62000	2112
Jul 16, 2021	832469	55	55264	1556
Jul 17, 2021	876096	59	38476	493
Jul 18, 2021	898515	72	36182	2309
Jul 19, 2021	918136	87	47924	2437
Jul 20, 2021	951042	68	39876	2631
Jul 21, 2021	972900	60	35548	2654
Jul 22, 2021	993912	86	31278	2995
Jul 23, 2021	1002687	83	27817	2523
Jul 24, 2021	1010468	68	22852	771
Jul 25, 2021	1007647	73	22187	3579
Jul 26, 2021	1002217	79	29981	4036
Jul 27, 2021	1005495	76	29582	4414
Jul 28, 2021	1010578	84	30237	4540
Jul 29, 2021	1016961	88	28432	4667
Jul 30, 2021	1018547	105	24749	4196
Jul 31, 2021	1015020	91	20570	1217
Aug 01, 2021	1003570	97	20985	6932
Aug 02, 2021	992433	92	29840	8824
Aug 03, 2021	987102	80	30473	3560
Aug 04, 2021	985697	92	32338	10855
Aug 05, 2021	986751	101	31660	10897
Aug 06, 2021	984488	98	28035	12472
Aug 07, 2021	976478	106	22540	4119
Aug 08, 2021	957309	83	22887	18151
Aug 09, 2021	932224	84	32162	21471
Aug 10, 2021	913143	85	31518	21841
Aug 11, 2021	890482	88	33350	19507
Aug 12, 2021	876198	106	31726	25547
Aug 13, 2021	868548	98	28974	15168
Aug 14, 2021	851639	103	25057	5256
Aug 15, 2021	833168	91	25327	26827
Aug 16, 2021	819117	89	36907	27837
Aug 17, 2021	820253	102	37920	25079
Aug 18, 2021	826847	111	38739	24197
Aug 19, 2021	836701	115	36501	23344
Aug 20, 2021	848510	127	32231	19517
Aug 21, 2021	857507	116	28536	5103
Aug 22, 2021	858662	128	28743	26785
Aug 23, 2021	856568	120	39715	28676
Aug 24, 2021	867035	118	37682	26307
Aug 25, 2021	878871	106	38777	24984
Aug 26, 2021	893494	125	37613	25432
Aug 27, 2021	909454	139	33745	20355
Aug 28, 2021	921874	134	27601	5701
Aug 29, 2021	920461	139	26136	28523
Aug 30, 2021	916639	108	34774	30822
Aug 31, 2021	919865	128	45212	28418
Sep 01, 2021	936807	125	43532	26320
Sep 02, 2021	953237	136	42328	24324
Sep 03, 2021	970692	151	38633	21079
Sep 04, 2021	986130	145	31810	5746
Sep 05, 2021	988604	163	31803	28065
Sep 06, 2021	987553	157	44929	28303
Sep 07, 2021	1000146	165	38619	23821
Sep 08, 2021	1009532	143	35849	22219
Sep 09, 2021	1018896	180	33974	22533
Sep 10, 2021	1024651	150	29187	17220
Sep 11, 2021	1027279	145	23533	5120
Sep 12, 2021	1017109	141	24060	24824
Sep 13, 2021	1004800	118	34658	23620
Sep 14, 2021	1002463	170	31435	19536
Sep 15, 2021	1002108	168	30414	18170
Sep 16, 2021	1000503	162	29710	17525
Sep 17, 2021	998585	184	29479	13564
Sep 18, 2021	997521	137	26645	3753
Sep 19, 2021	988560	137	31084	19397
Sep 20, 2021	981575	159	40768	17553
Sep 21, 2021	984606	139	38848	15758
Sep 22, 2021	991319	158	36756	13408
Sep 23, 2021	995126	149	35851	13274
Sep 24, 2021	1004784	139	32108	10361
Sep 25, 2021	1004869	127	28567	3013
Sep 26, 2021	998088	111	32083	14520
Sep 27, 2021	992415	127	41589	12736
Sep 28, 2021	992563	121	36548	10909
Sep 29, 2021	991950	141	34837	9924
Sep 30, 2021	990159	129	32604	9545
Oct 01, 2021	982001	139	29058	7633
Oct 02, 2021	974179	117	26316	2032
Oct 03, 2021	962139	106	32059	10318
Oct 04, 2021	956813	113	43733	9094
Oct 05, 2021	963563	135	39279	8053
Oct 06, 2021	973788	114	39264	7339
Oct 07, 2021	984427	133	38465	7380
Oct 08, 2021	992634	122	35612	5776
Oct 09, 2021	1002178	121	32306	1500
Oct 10, 2021	1004345	114	36418	7843
Oct 11, 2021	1014315	138	50304	6764
Oct 12, 2021	1032572	136	48321	6161
Oct 13, 2021	1051232	137	47775	5856
Oct 14, 2021	1069993	161	46419	5974
Oct 15, 2021	1081058	140	43560	4672
Oct 16, 2021	1093669	150	37878	1294
Oct 17, 2021	1097835	141	43752	6760
Oct 18, 2021	1105486	139	57743	5794
Oct 19, 2021	1126950	142	52529	5155
Oct 20, 2021	1148981	154	51661	4914
Oct 21, 2021	1168892	164	45194	4913
Oct 22, 2021	1176933	150	40664	3715
Oct 23, 2021	1184176	172	35103	1115
Oct 24, 2021	1183326	167	35764	5554
Oct 25, 2021	1183362	149	47466	4905
Oct 26, 2021	1196190	178	42124	4568
Oct 27, 2021	1208839	177	43045	4436
Oct 28, 2021	1222364	199	41390	4701
Oct 29, 2021	1229643	185	40251	3964
Oct 30, 2021	1237096	165	33569	1098
Oct 31, 2021	1231833	195	34814	5868
Nov 01, 2021	1226905	190	45109	5572
Nov 02, 2021	1231333	165	38019	5113
Nov 03, 2021	1235309	184	35986	6060
Nov 04, 2021	1237722	169	33662	4852
Nov 05, 2021	1232070	166	30318	3752
Nov 06, 2021	1224700	170	27436	1032
Nov 07, 2021	1209851	160	30586	5924
Nov 08, 2021	1195845	161	44126	5981
Nov 09, 2021	1195628	157	42246	6069
Nov 10, 2021	1194933	168	42942	6333
Nov 11, 2021	1193236	158	40999	6274
Nov 12, 2021	1185563	145	37763	4957
Nov 13, 2021	1180151	152	32885	1279
Nov 14, 2021	1164159	134	35532	6586
Nov 15, 2021	1148177	171	50948	6458
Nov 16, 2021	1150418	166	46430	6414
Nov 17, 2021	1152449	127	45895	6383
Nov 18, 2021	1158605	131	44062	7308
Nov 19, 2021	1166399	142	39606	6279
Nov 20, 2021	1165473	143	35335	1843
Nov 21, 2021	1157377	121	37250	2024
Nov 22, 2021	1194506	131	50733	9956
Nov 23, 2021	1205738	149	48197	9404
Nov 24, 2021	1210913	123	46772	8917
Nov 25, 2021	1216785	141	43425	9562
Nov 26, 2021	1222610	132	39330	8487
Nov 27, 2021	1222399	124	33303	2163
Nov 28, 2021	1222357	143	39706	12453
Nov 29, 2021	1221201	144	56289	11761
Nov 30, 2021	1240558	122	55695	12488
Dec 01, 2021	1262709	138	54820	3764
Dec 02, 2021	1287246	123	50319	14543
Dec 03, 2021	1307504	147	45667	12369
Dec 04, 2021	1320959	162	38784	3192
Dec 05, 2021	1327086	117	41051	19749
Dec 06, 2021	1329467	143	59694	20102
Dec 07, 2021	1347499	131	56258	20194
Dec 08, 2021	1363934	133	58827	21087
Dec 09, 2021	1384853	132	56995	-136
Dec 10, 2021	1405764	122	52492	42277
Dec 11, 2021	1418822	109	48594	5201
Dec 12, 2021	1430329	137	53158	30406
Dec 13, 2021	1445443	112	87169	32348
Dec 14, 2021	1486268	150	102788	33306
Dec 15, 2021	1545511	119	112703	34285
Dec 16, 2021	1617661	118	106055	37030
Dec 17, 2021	1684314	131	95897	31486
Dec 18, 2021	1735885	107	88883	8194
Dec 19, 2021	1783160	115	89133	47102
Dec 20, 2021	1828992	134	133966	49386
Dec 21, 2021	1916267	111	150293	48187
Dec 22, 2021	2017067	136	161560	49688
Dec 23, 2021	2139602	135	160633	51445
Dec 24, 2021	2258779	117	137268	42085
Dec 25, 2021	2354609	111	70363	11224
Dec 26, 2021	2383540	116	116287	58923
Dec 27, 2021	2458387	133	195011	61084
Dec 28, 2021	2600023	162	212469	56564
Dec 29, 2021	2762667	132	272798	55155
Dec 30, 2021	2993188	176	236576	53540
Dec 31, 2021	3186568	155	188567	43659
Jan 01, 2022	3324444	176	118275	11926
Jan 02, 2022	3397532	170	181068	63314
Jan 03, 2022	3528044	178	229901	65443
Jan 04, 2022	3707805	204	275647	60515
Jan 05, 2022	3926197	182	222174	57882
Jan 06, 2022	4095133	222	172980	58332
Jan 07, 2022	4219971	228	120287	48280
Jan 08, 2022	4286336	215	93615	14933
Jan 09, 2022	4321179	240	95790	72742
Jan 10, 2022	4339116	244	132959	83992
Jan 11, 2022	4384469	232	115245	91267
Jan 12, 2022	4407576	239	103219	93878
Jan 13, 2022	4421383	243	96412	104386
Jan 14, 2022	4435804	235	86325	27506
Jan 15, 2022	4431221	259	77950	30235
Jan 16, 2022	4419105	256	98097	179709
Jan 17, 2022	4408525	232	131514	207803
Jan 18, 2022	4420378	233	118857	205868
Jan 19, 2022	4417710	221	111760	231969
Jan 20, 2022	4416698	201	100324	218881
Jan 21, 2022	4410256	248	91730	58199
Jan 22, 2022	4404447	224	81733	67294
Jan 23, 2022	4318314	218	102365	271571
Jan 24, 2022	4237865	229	127364	331859
Jan 25, 2022	4176724	193	113202	261014
Jan 26, 2022	4101665	196	108668	327956
Jan 27, 2022	4029604	220	96201	303401
Jan 28, 2022	3977736	202	84026	295834
Jan 29, 2022	3904405	181	73512	93718
Jan 30, 2022	3759656	190	87702	368022
Jan 31, 2022	3248748	207	105051	361371
Feb 01, 2022	2756074	207	93949	304941
Feb 02, 2022	2849816	188	88418	329095
Feb 03, 2022	2787472	191	76644	324316
Feb 04, 2022	2718270	160	63264	277774
Feb 05, 2022	2636034	172	52305	101974
Feb 06, 2022	2563660	158	60552	464640
Feb 07, 2022	2490524	140	76483	435750
Feb 08, 2022	2453760	158	69661	412530
Feb 09, 2022	2420102	144	64339	412530
Feb 10, 2022	2399703	124	52293	389010
Feb 11, 2022	2289984	141	44559	301285
Feb 12, 2022	2246516	144	37529	108320
Feb 13, 2022	2185285	127	41755	501528
Feb 14, 2022	2114109	158	54745	427623
Feb 15, 2022	2056325	133	52502	391778
Feb 16, 2022	2021000	133	51572	353227
Feb 17, 2022	1952920	124	44716	332111
Feb 18, 2022	1939879	128	33241	249144
Feb 19, 2022	1880743	122	34647	82509
Feb 20, 2022	1816939	127	37720	416896
Feb 21, 2022	1747736	110	45132	319295
Feb 22, 2022	1691367	120	39188	269738
Feb 23, 2022	1637077	119	36476	240836
Feb 24, 2022	1597126	127	30631	214261
Feb 25, 2022	1562554	120	27837	155251
Feb 26, 2022	1491427	103	25089	45900
Feb 27, 2022	1417569	119	31360	235191
Feb 28, 2022	1350101	105	44649	179382
Mar 01, 2022	1307081	106	44795	152816
Mar 02, 2022	1270785	146	46179	131190
Mar 03, 2022	1235833	105	43761	118431
Mar 04, 2022	1198504	112	41408	86381
Mar 05, 2022	1158815	101	38759	26355
Mar 06, 2022	1116488	95	49026	142221
Mar 07, 2022	1084569	123	68520	98559
Mar 08, 2022	1089247	119	70112	92178
Mar 09, 2022	1107592	106	73531	82398
Mar 10, 2022	1136891	114	70510	76531
Mar 11, 2022	1160452	120	67030	58854
Mar 12, 2022	1177876	123	62078	17144
Mar 13, 2022	1190345	112	75739	97353
Mar 14, 2022	1215886	141	99834	66648
Mar 15, 2022	1264321	122	93708	66586
Mar 16, 2022	1313570	146	91751	57965
Mar 17, 2022	1372144	136	82853	53507
Mar 18, 2022	1420415	171	75285	42488
Mar 19, 2022	1455000	165	67417	13421
Mar 20, 2022	1481723	175	81054	79764
Mar 21, 2022	1521267	163	109286	57545
Mar 22, 2022	1594148	167	99095	60092
Mar 23, 2022	1662591	158	94185	57688
Mar 24, 2022	1728960	166	82905	53554
Mar 25, 2022	1786747	182	72430	45207
Mar 26, 2022	1858995	162	61456	14429
Mar 27, 2022	1860045	160	68336	93009
Mar 28, 2022	1867909	177	92857	69041
Mar 29, 2022	1914500	196	80126	74654
Mar 30, 2022	1948369	181	73643	72250
Mar 31, 2022	1980600	192	54791	72304
Apr 01, 2022	1996610	204	47462	60288
Apr 02, 2022	1981454	192	37592	18785
Apr 03, 2022	1956440	188	42179	116587
Apr 04, 2022	1936021	179	53727	108683
Apr 05, 2022	1916164	202	49101	101618
Apr 06, 2022	1894920	196	44750	97451
Apr 07, 2022	1875465	231	38709	97999
Apr 08, 2022	1852274	238	32988	81144
Apr 09, 2022	1795528	173	27885	24092
Apr 10, 2022	1733744	197	30952	180732
Apr 11, 2022	1675001	185	37371	145382
Apr 12, 2022	1620739	199	33771	148476
Apr 13, 2022	1571837	222	31685	143419
Apr 14, 2022	1528735	192	26639	139384
Apr 15, 2022	1555182	172	21617	110023
Apr 16, 2022	1509636	164	19925	29394
Apr 17, 2022	1448408	162	20144	217445
Apr 18, 2022	1359178	174	25223	168976
Apr 19, 2022	1191166	159	25772	169129
Apr 20, 2022	1134476	161	21457	148402
Apr 21, 2022	1083889	162	18464	131929
Apr 22, 2022	1041423	155	15703	102120
Apr 23, 2022	1056971	146	13210	27573
Apr 24, 2022	1002036	131	14715	202981
Apr 25, 2022	843895	129	17109	161753
Apr 26, 2022	787614	125	14560	158622
Apr 27, 2022	747818	135	13055	148616
Apr 28, 2022	712467	130	11608	141558
Apr 29, 2022	686365	108	10012	107496
Apr 30, 2022	696269	107	8354	25431
May 01, 2022	662526	113	9034	190730
May 02, 2022	617727	110	11907	146246
May 03, 2022	536103	107	13318	137222
May 04, 2022	510806	90	11672	125280
May 05, 2022	489650	87	10221	111461
May 06, 2022	472310	98	8954	86540
May 07, 2022	481166	103	7517	19748
May 08, 2022	457790	85	9062	25411
May 09, 2022	395394	83	10702	155579
May 10, 2022	374458	101	9748	103884
May 11, 2022	357517	79	8725	88293
May 12, 2022	344582	69	7642	80487
May 13, 2022	332541	72	6942	58856
May 14, 2022	339411	66	6120	13984
May 15, 2022	300178	73	7973	97403
May 16, 2022	276773	66	9417	67585
May 17, 2022	264871	72	8286	59670
May 18, 2022	273085	46	7638	52839
May 19, 2022	262228	46	6820	49415
May 20, 2022	238481	72	5821	36661
May 21, 2022	244230	49	5019	8737
May 22, 2022	234574	59	5997	66962
May 23, 2022	223407	63	7313	47843
May 24, 2022	203067	51	6679	44137
May 25, 2022	198353	34	6293	40173
May 26, 2022	194713	45	5753	37930
May 27, 2022	192159	45	5409	29279
May 28, 2022	186148	34	4988	7354
May 29, 2022	179727	30	5680	56412
May 30, 2022	177928	51	7115	40214
May 31, 2022	173364	51	7093	35971
Jun 01, 2022	170328	25	7011	32715
Jun 02, 2022	177314	47	6209	30418
Jun 03, 2022	174649	28	6635	22806
Jun 04, 2022	173742	38	7492	5936
Jun 05, 2022	172155	30	9815	43727
Jun 06, 2022	161651	43	11747	29942
Jun 07, 2022	164687	33	11411	27768
Jun 08, 2022	168589	43	11784	24255
Jun 09, 2022	173531	27	11319	-42
Jun 10, 2022	178821	44	10784	39433
Jun 11, 2022	181056	32	10077	4386
Jun 12, 2022	182596	43	12693	32029
Jun 13, 2022	186778	41	15272	21914
Jun 14, 2022	194424	36	15141	21177
Jun 15, 2022	202830	45	14837	4762
Jun 16, 2022	211903	57	14225	23533
Jun 17, 2022	221172	45	13919	-43
Jun 18, 2022	228533	44	13623	16440
Jun 19, 2022	235598	47	16997	39793
Jun 20, 2022	246076	48	19942	26099
Jun 21, 2022	260622	58	20896	25309
Jun 22, 2022	278623	73	20873	25064
Jun 23, 2022	293892	62	19590	25132
Jun 24, 2022	307888	48	18350	-49
Jun 25, 2022	326190	71	16800	20542
Jun 26, 2022	337379	69	20778	17770
Jun 27, 2022	346775	64	25104	53754
Jun 28, 2022	365221	72	25041	40114
Jun 29, 2022	383685	83	24601	17104
Jun 30, 2022	401698	75	24240	-42
Jul 01, 2022	419326	79	23650	-52
Jul 02, 2022	430135	90	21961	79397
Jul 03, 2022	439244	69	27780	73899
Jul 04, 2022	454193	91	33704	51813
Jul 05, 2022	475044	102	31415	53006
Jul 06, 2022	493592	116	29698	50552
Jul 07, 2022	523174	102	26454	50177
Jul 08, 2022	538827	109	24611	-74
Jul 09, 2022	553291	109	21246	40125
Jul 10, 2022	561771	116	25096	106783
Jul 11, 2022	571550	128	29826	77805
Jul 12, 2022	586187	154	26946	79726
Jul 13, 2022	598201	135	23856	79153
Jul 14, 2022	590885	126	21100	80872
Jul 15, 2022	611859	105	18359	66193
Jul 16, 2022	616496	122	15017	17601
Jul 17, 2022	614408	159	17236	147163
Jul 18, 2022	611546	127	18718	124550
Jul 19, 2022	609250	225	16670	133202
Jul 20, 2022	604839	191	16169	124941
Jul 21, 2022	601245	126	14158	122506
Jul 22, 2022	598095	117	12378	96078
Jul 23, 2022	593584	127	9934	24418
Jul 24, 2022	582626	132	11275	206474
Jul 25, 2022	568687	114	13299	154485
Jul 26, 2022	556855	120	11725	161146
Jul 27, 2022	543879	115	10544	140894
Jul 28, 2022	507499	126	9329	116293
Jul 29, 2022	516702	118	8508	110500
Jul 30, 2022	503148	77	7325	24343
Jul 31, 2022	482626	98	8426	181931
Aug 01, 2022	457279	93	9835	127521
Aug 02, 2022	435636	102	9170	119184
Aug 03, 2022	415098	107	8353	22937
Aug 04, 2022	398029	85	7296	123922
Aug 05, 2022	380676	87	6548	73588
Aug 06, 2022	365924	65	5420	17733
Aug 07, 2022	346241	100	6547	134123
Aug 08, 2022	322944	100	8068	89873
Aug 09, 2022	304144	90	7309	80758
Aug 10, 2022	267091	76	6748	74260
Aug 11, 2022	273791	98	6193	68452
Aug 12, 2022	261602	107	5339	49958
Aug 13, 2022	251881	92	4495	11195
Aug 14, 2022	239108	90	5363	87562
Aug 15, 2022	225770	89	6424	58573
Aug 16, 2022	215501	71	5559	51481
Aug 17, 2022	204882	56	5032	45422
Aug 18, 2022	195789	63	4564	41182
Aug 19, 2022	188229	69	4012	31461
Aug 20, 2022	182294	76	3502	7249
Aug 21, 2022	174487	61	4085	54479
Aug 22, 2022	165383	65	5224	38712
Aug 23, 2022	159007	78	4778	33711
Aug 24, 2022	144159	52	4554	30535
Aug 25, 2022	149404	49	3796	28474
Aug 26, 2022	144750	44	3451	21477
Aug 27, 2022	140885	58	3112	5090
Aug 28, 2022	135546	61	3439	38198
Aug 29, 2022	129205	54	4662	27003
Aug 30, 2022	124733	43	5226	24240
Aug 31, 2022	114659	75	4616	22584
Sep 01, 2022	118780	44	4350	21134
Sep 02, 2022	116557	48	3808	16292
Sep 03, 2022	114907	54	3417	4564
Sep 04, 2022	111739	45	4288	6314
Sep 05, 2022	107970	39	5125	35678
Sep 06, 2022	105787	40	4578	23545
Sep 07, 2022	103609	61	4235	20190
Sep 08, 2022	101611	47	3747	19812
Sep 09, 2022	99991	38	3553	14789
Sep 10, 2022	99564	48	3268	4012
Sep 11, 2022	97426	31	4347	28967
Sep 12, 2022	95334	43	5308	21249
Sep 13, 2022	95069	50	5148	19788
Sep 14, 2022	95186	45	4973	18083
Sep 15, 2022	91869	49	4634	17800
Sep 16, 2022	97954	39	4134	14082
Sep 17, 2022	98781	40	3521	3806
Sep 18, 2022	98194	40	4339	27345
Sep 19, 2022	97345	49	6166	19182
Sep 20, 2022	98747	50	7828	18598
Sep 21, 2022	101999	37	7553	16366
Sep 22, 2022	105741	50	6815	15567
Sep 23, 2022	109072	54	6485	12861
Sep 24, 2022	112854	49	5719	3443
Sep 25, 2022	115095	41	7240	26896
Sep 26, 2022	117647	66	8618	20091
Sep 27, 2022	121012	68	8254	19826
Sep 28, 2022	124630	62	8414	19042
Sep 29, 2022	128752	67	7895	19484
Sep 30, 2022	129609	64	7615	16388
Oct 01, 2022	137030	81	7065	4579
Oct 02, 2022	139727	64	9204	41826
Oct 03, 2022	143747	83	11692	33513
Oct 04, 2022	150788	92	10965	33189
Oct 05, 2022	157434	99	10231	28639
Oct 06, 2022	160276	97	9389	33112
Oct 07, 2022	170139	101	8950	23084
Oct 08, 2022	175731	92	7053	5219
Oct 09, 2022	178369	101	8558	51782
Oct 10, 2022	181605	93	10497	38171
Oct 11, 2022	186913	110	9461	38379
Oct 12, 2022	191344	127	8769	37469
Oct 13, 2022	195384	112	8134	37962
Oct 14, 2022	199303	116	7970	31286
Oct 15, 2022	204444	109	6442	7489
Oct 16, 2022	206455	107	7780	73587
Oct 17, 2022	207974	117	10002	53298
Oct 18, 2022	210089	109	8235	51265
Oct 19, 2022	210787	101	7598	48155
Oct 20, 2022	211667	123	6576	46527
Oct 21, 2022	211873	112	6297	37372
Oct 22, 2022	213518	112	4968	8690
Oct 23, 2022	211353	103	5523	89135
Oct 24, 2022	209062	106	6807	66442
Oct 25, 2022	208741	117	5665	65406
Oct 26, 2022	209420	92	5449	61061
Oct 27, 2022	205861	107	4855	57199
Oct 28, 2022	192775	88	4401	42565
Oct 29, 2022	195808	97	3583	9373
Oct 30, 2022	190132	98	4271	94703
Oct 31, 2022	182644	83	5129	67836
Nov 01, 2022	176788	85	4549	64165
Nov 02, 2022	171082	80	4014	58598
Nov 03, 2022	165659	84	3678	55339
Nov 04, 2022	153262	98	3107	41895
Nov 05, 2022	157283	79	2665	0
Nov 06, 2022	151314	58	3267	97044
Nov 07, 2022	144037	77	4321	62922
Nov 08, 2022	138829	65	3829	56676
Nov 09, 2022	133838	64	3576	49015
Nov 10, 2022	129240	55	3205	43693
Nov 11, 2022	124439	73	2893	31437
Nov 12, 2022	120832	46	2433	6907
Nov 13, 2022	116279	56	2912	59636
Nov 14, 2022	109162	62	3923	41085
Nov 15, 2022	104810	67	3534	36979
Nov 16, 2022	100709	54	3260	25712
Nov 17, 2022	97361	55	3037	22636
Nov 18, 2022	94077	58	2773	16382
Nov 19, 2022	91843	59	2431	3768
Nov 20, 2022	89283	62	2890	29444
Nov 21, 2022	85323	53	3938	5597
Nov 22, 2022	83577	59	3805	41936
Nov 23, 2022	81898	60	3616	-84
Nov 24, 2022	80603	52	3329	56218
Nov 25, 2022	75907	42	2902	21110
Nov 26, 2022	78812	49	2551	3645
Nov 27, 2022	77052	56	3448	40554
Nov 28, 2022	75327	61	4639	28607
Nov 29, 2022	75385	54	4386	26980
Nov 30, 2022	75717	47	3980	26262
Dec 01, 2022	75982	55	3505	5501
Dec 02, 2022	76332	52	3596	27088
Dec 03, 2022	77252	57	2748	6017
Dec 04, 2022	77134	48	3786	48923
Dec 05, 2022	76559	64	5325	34774
Dec 06, 2022	78001	75	5241	33214
Dec 07, 2022	79620	64	5195	37084
Dec 08, 2022	81568	71	4537	47026
Dec 09, 2022	83155	71	4216	14110
Dec 10, 2022	84872	70	3570	29335
Dec 11, 2022	85340	71	4631	64680
Dec 12, 2022	85984	70	6986	49021
Dec 13, 2022	89387	67	7111	50392
Dec 14, 2022	93176	97	6533	48515
Dec 15, 2022	96584	59	6094	48225
Dec 16, 2022	99851	88	6084	37544
Dec 17, 2022	100557	92	4743	9304
Dec 18, 2022	105728	100	5772	91734
Dec 19, 2022	107465	115	9073	68204
Dec 20, 2022	112630	113	8631	69123
Dec 21, 2022	117544	110	7802	58881
Dec 22, 2022	121927	114	6877	52788
Dec 23, 2022	123256	119	5741	39848
Dec 24, 2022	129426	145	4132	0
Dec 25, 2022	129981	131	3694	10591
Dec 26, 2022	128918	129	4950	105516
Dec 27, 2022	129363	142	6605	147349
Dec 28, 2022	131859	134	8419	64946
Dec 29, 2022	136663	133	7718	61350
Dec 30, 2022	140669	157	6126	46307
Dec 31, 2022	143902	150	4287	10878
Jan 01, 2023	144259	131	3663	96957
Jan 02, 2023	142475	129	5057	70052
Jan 03, 2023	142200	139	6260	62378
Jan 04, 2023	143161	140	5590	56238
Jan 05, 2023	144107	146	4683	52401
Jan 06, 2023	144477	116	3850	37264
Jan 07, 2023	140103	121	2732	8213
Jan 08, 2023	144569	125	2821	71010
Jan 09, 2023	140328	133	3606	54468
Jan 10, 2023	136718	116	3118	49402
Jan 11, 2023	133212	97	2645	43678
Jan 12, 2023	129695	119	2480	40691
Jan 13, 2023	121344	106	2131	23580
Jan 14, 2023	123590	103	1498	5429
Jan 15, 2023	119231	114	1851	30953
Jan 16, 2023	111942	110	2564	26001
Jan 17, 2023	105827	93	2206	24337
Jan 18, 2023	100173	93	2120	23726
Jan 19, 2023	89602	84	2029	21772
Jan 20, 2023	91547	82	1868	14961
Jan 21, 2023	85508	75	1522	2246
Jan 22, 2023	87991	77	1906	22853
Jan 23, 2023	84884	76	2655	13971
Jan 24, 2023	80864	83	2771	11478
Jan 25, 2023	75144	67	2651	10383
Jan 26, 2023	70023	72	2544	8933
Jan 27, 2023	66376	79	2452	6513
Jan 28, 2023	60813	73	1961	1702
Jan 29, 2023	63622	77	2454	11715
Jan 30, 2023	60962	61	3556	7539
Jan 31, 2023	58197	63	3551	7102
Feb 01, 2023	56109	72	3476	6185
Feb 02, 2023	54851	76	3221	0
Feb 03, 2023	54175	71	2971	5429
Feb 04, 2023	51573	66	2397	4166
Feb 05, 2023	54581	73	2816	9616
Feb 06, 2023	53771	57	3979	5753
Feb 07, 2023	54594	67	3717	4950
Feb 08, 2023	55606	72	3664	4444
Feb 09, 2023	56747	64	3356	4307
Feb 10, 2023	57937	76	3296	3457
Feb 11, 2023	57839	61	2577	1027
Feb 12, 2023	60961	70	3183	7263
Feb 13, 2023	61524	54	4885	5297
Feb 14, 2023	64162	79	4698	5252
Feb 15, 2023	66676	71	4251	4646
Feb 16, 2023	68837	76	4290	4486
Feb 17, 2023	69667	84	4072	3774
Feb 18, 2023	74339	78	3145	982
Feb 19, 2023	75505	60	3700	6860
Feb 20, 2023	76502	80	4908	4459
Feb 21, 2023	78577	61	4701	3989
Feb 22, 2023	80596	84	4212	3580
Feb 23, 2023	82216	75	3775	3293
Feb 24, 2023	83474	81	3402	2603
Feb 25, 2023	84850	77	2737	718
Feb 26, 2023	85060	85	3165	4999
Feb 27, 2023	84591	79	4743	3939
Feb 28, 2023	85716	74	4548	3619
Mar 01, 2023	86734	83	4378	3341
Mar 02, 2023	87819	103	3945	3166
Mar 03, 2023	86328	81	3722	2448
Mar 04, 2023	90372	100	2816	0
Mar 05, 2023	90285	97	3497	5692
Mar 06, 2023	89721	91	5093	-43
Mar 07, 2023	91033	93	4909	3972
Mar 08, 2023	92225	97	4738	4021
Mar 09, 2023	90307	94	4350	7825
Mar 10, 2023	95265	93	4015	2909
Mar 11, 2023	96634	100	3430	898
Mar 12, 2023	96795	102	4445	5774
Mar 13, 2023	96292	96	5878	4534
Mar 14, 2023	97424	94	5620	4462
Mar 15, 2023	98726	106	4875	3893
Mar 16, 2023	99240	104	4905	3819
Mar 17, 2023	100018	111	4188	2916
Mar 18, 2023	101710	99	3457	841
Mar 19, 2023	101394	91	4117	5651
Mar 20, 2023	100560	96	5292	4462
Mar 21, 2023	101117	128	5298	4161
Mar 22, 2023	102145	103	4871	3181
Mar 23, 2023	103192	108	4441	3984
Mar 24, 2023	101508	114	4173	-15
Mar 25, 2023	106486	115	3059	953
Mar 26, 2023	106326	86	3513	0
Mar 27, 2023	105393	98	4414	-65
Mar 28, 2023	105539	113	4002	-39
Mar 29, 2023	105406	96	3863	-36
Mar 30, 2023	105562	108	3461	12260
Mar 31, 2023	105485	75	2860	4489
Apr 01, 2023	105681	76	2348	1235
Apr 02, 2023	104796	78	2517	9937
Apr 03, 2023	102620	87	2785	-58
Apr 04, 2023	100863	99	2513	16280
Apr 05, 2023	98994	67	2603	7170
Apr 06, 2023	97654	104	2290	7175
Apr 07, 2023	96380	94	1838	5431
Apr 08, 2023	95129	84	1715	1470
Apr 09, 2023	92855	70	1874	11519
Apr 10, 2023	89864	74	2440	9762
Apr 11, 2023	89367	75	2640	9249
Apr 12, 2023	91931	76	2345	8780
Apr 13, 2023	94200	91	2141	8435
Apr 14, 2023	96250	80	1762	6103
Apr 15, 2023	97932	70	1438	7
Apr 16, 2023	99300	79	1989	12933
Apr 17, 2023	101210	65	2334	10885
Apr 18, 2023	103479	67	2011	-140
Apr 19, 2023	105423	81	1885	9211
Apr 20, 2023	107227	72	1665	8455
Apr 21, 2023	108820	86	1501	5902
Apr 22, 2023	63302	55	1315	1453
Apr 23, 2023	61054	73	1585	0
Apr 24, 2023	58159	49	1906	9922
Apr 25, 2023	56033	61	1796	9238
Apr 26, 2023	53919	62	1740	8786
Apr 27, 2023	52158	52	1657	7739
Apr 28, 2023	50916	54	1493	6343
Apr 29, 2023	50031	53	1349	1342
Apr 30, 2023	48817	42	1393	1884
May 01, 2023	44968	51	1788	14207
May 02, 2023	47936	59	1963	10589
May 03, 2023	47242	49	1674	9467
May 04, 2023	46587	54	1624	8595
May 05, 2023	46324	46	1312	5639
May 06, 2023	45881	47	1021	1411
May 07, 2023	44989	54	1200	10616
May 08, 2023	43698	38	1441	8807
May 09, 2023	42475	36	1571	8150
May 10, 2023	41684	41	1409	0
May 11, 2023	40953	55	1304	14196
May 12, 2023	40488	49	1032	4900
May 13, 2023	40071	32	871	1185
May 14, 2023	38987	30	1108	8895
May 15, 2023	38125	32	1246	7490
May 16, 2023	37697	50	1161	6527
May 17, 2023	37804	49	1111	0
May 18, 2023	38866	37	1055	6144
May 19, 2023	39884	47	941	5642
May 20, 2023	40778	30	782	4030
May 21, 2023	35376	33	964	2163
May 22, 2023	34399	39	1192	8639
May 23, 2023	33757	31	1130	6082
May 24, 2023	33119	34	1027	5505
May 25, 2023	32457	25	888	5103
May 26, 2023	31832	44	776	3245
May 27, 2023	31221	37	622	759
May 28, 2023	30418	25	666	1044
May 29, 2023	29276	24	818	6708
May 30, 2023	28129	34	866	-48
May 31, 2023	27316	22	909	9003
Jun 01, 2023	26606	32	736	3706
Jun 02, 2023	26033	25	644	2501
Jun 03, 2023	25648	32	530	623
Jun 04, 2023	23701	26	669	5118
Jun 05, 2023	24729	22	881	4149
Jun 06, 2023	24021	24	856	-51
Jun 07, 2023	23443	24	772	0
Jun 08, 2023	22890	24	640	0
Jun 09, 2023	22479	19	547	-56
Jun 10, 2023	22140	23	426	677
Jun 11, 2023	21445	29	572	5901
Jun 12, 2023	20765	31	675	4905
Jun 13, 2023	20263	27	580	4192
Jun 14, 2023	19734	30	524	3724
Jun 15, 2023	19203	23	450	3317
Jun 16, 2023	18709	24	393	2244
Jun 17, 2023	18317	15	381	592
Jun 18, 2023	17750	19	387	902
Jun 19, 2023	17060	21	467	5210
Jun 20, 2023	16569	19	436	3690
Jun 21, 2023	16458	17	409	3204
Jun 22, 2023	16850	9	398	2797
Jun 23, 2023	17239	15	326	2059
Jun 24, 2023	17550	13	285	443
Jun 25, 2023	17822	21	333	3590
Jun 26, 2023	18134	10	347	2762
Jun 27, 2023	18471	18	330	2577
Jun 28, 2023	18783	8	340	2357
Jun 29, 2023	19115	14	289	2135
Jun 30, 2023	19390	19	270	0
Jul 01, 2023	19641	13	239	1282
Jul 02, 2023	19867	14	300	332
Jul 03, 2023	20153	7	389	2631
Jul 04, 2023	20535	10	352	2069
Jul 05, 2023	10049	12	399	545
Jul 06, 2023	9796	12	375	2895
Jul 07, 2023	9618	7	401	1482
Jul 08, 2023	9586	9	341	1080
Jul 09, 2023	9349	8	428	270
Jul 10, 2023	9106	11	502	2071
Jul 11, 2023	9019	9	502	1702
Jul 12, 2023	8998	8	478	1420
Jul 13, 2023	9026	15	474	1232
Jul 14, 2023	9099	5	389	1217
Jul 15, 2023	9111	10	385	776
Jul 16, 2023	9111	8	425	213
Jul 17, 2023	9151	8	582	1680
Jul 18, 2023	9481	11	599	1148
Jul 19, 2023	10069	13	538	1106
Jul 20, 2023	10000	3	576	1106
Jul 21, 2023	10251	12	513	0
Jul 22, 2023	10471	8	467	0
Jul 23, 2023	10600	11	552	0
Jul 24, 2023	10801	9	716	0
Jul 25, 2023	11185	11	756	0
Jul 26, 2023	11600	16	732	0
Jul 27, 2023	12028	13	713	0
Jul 28, 2023	12464	16	741	0
Jul 29, 2023	12959	13	720	0
Jul 30, 2023	13373	10	870	0
Jul 31, 2023	13880	17	969	0
Aug 01, 2023	14621	18	970	0
Aug 02, 2023	15528	20	946	0
Aug 03, 2023	16369	12	930	0
Aug 04, 2023	16257	13	908	0
Aug 05, 2023	16813	22	794	0
Aug 06, 2023	17159	20	963	0
Aug 07, 2023	17602	13	1186	0
Aug 08, 2023	18274	14	1294	0
Aug 09, 2023	19076	14	1249	0
Aug 10, 2023	19838	34	1185	0
Aug 11, 2023	20604	24	1106	0
Aug 12, 2023	20885	37	1027	0
Aug 13, 2023	21971	22	1127	0
Aug 14, 2023	22495	27	1335	0
Aug 15, 2023	23207	24	1315	0
Aug 16, 2023	23964	33	1307	0
Aug 17, 2023	24665	35	1261	0
Aug 18, 2023	25382	28	1174	0
Aug 19, 2023	26067	46	1027	0
Aug 20, 2023	26502	33	1168	0
Aug 21, 2023	26195	30	1454	0
Aug 22, 2023	27632	33	1448	0
Aug 23, 2023	28319	26	1361	0
Aug 24, 2023	28225	29	1317	0
Aug 25, 2023	29551	31	1213	0
Aug 26, 2023	30013	23	1033	0
Aug 27, 2023	30156	31	1111	0
Aug 28, 2023	30270	22	1337	0
Aug 29, 2023	30624	38	1654	0
Aug 30, 2023	31322	36	1818	0
Aug 31, 2023	32229	22	1750	0
Sep 01, 2023	33103	25	1768	0
Sep 02, 2023	34069	35	1569	0
Sep 03, 2023	34654	37	1916	0
Sep 04, 2023	35385	33	2304	0
Sep 05, 2023	36426	46	2240	0
Sep 06, 2023	37457	44	2153	0
Sep 07, 2023	38523	40	1962	0
Sep 08, 2023	39069	52	1789	0
Sep 09, 2023	39787	44	1534	0
Sep 10, 2023	40156	47	1767	0
Sep 11, 2023	40544	38	2098	0
Sep 12, 2023	41294	39	1899	0
Sep 13, 2023	41861	48	1705	0
Sep 14, 2023	42272	44	1717	0
Sep 15, 2023	42782	43	1553	0
Sep 16, 2023	43278	27	1434	0
Sep 17, 2023	43528	36	1754	0
Sep 18, 2023	42412	43	2161	0
Sep 19, 2023	44544	43	2202	0
Sep 20, 2023	45348	42	2120	0
Sep 21, 2023	46113	34	2006	0
Sep 22, 2023	46887	41	1885	0
Sep 23, 2023	47704	37	1718	0
Sep 24, 2023	48281	40	2185	0
Sep 25, 2023	49099	41	2783	0
Sep 26, 2023	50203	33	2970	0
Sep 27, 2023	51341	50	2895	0
Sep 28, 2023	52466	48	2544	0
Sep 29, 2023	53250	40	2327	0
Sep 30, 2023	54017	48	2095	0
Oct 01, 2023	54227	50	2559	0
Oct 02, 2023	54850	46	2716	0
Oct 03, 2023	55909	40	2735	0
Oct 04, 2023	57536	50	2504	0
Oct 05, 2023	59990	54	2300	0
Oct 06, 2023	56534	56	2174	0
Oct 07, 2023	57187	61	1695	0
Oct 08, 2023	57127	54	2111	0
Oct 09, 2023	56519	51	2310	0
Oct 10, 2023	57532	53	2087	0
Oct 11, 2023	57880	63	1952	0
Oct 12, 2023	58058	48	1581	0
Oct 13, 2023	58050	34	1524	0
Oct 14, 2023	58120	50	1144	0
Oct 15, 2023	57473	53	1237	0
Oct 16, 2023	56525	44	1482	0
Oct 17, 2023	55803	58	1446	0
Oct 18, 2023	55107	59	1427	0
Oct 19, 2023	52676	64	1356	0
Oct 20, 2023	54295	60	1179	0
Oct 21, 2023	53698	0	881	0
Oct 22, 2023	52398	0	1004	0
Oct 23, 2023	50626	0	1203	0
Oct 24, 2023	48888	0	1193	0
Oct 25, 2023	47194	0	1042	0
Oct 26, 2023	43411	0	1040	0
Oct 27, 2023	44581	0	962	0
Oct 28, 2023	43450	0	756	0
Oct 29, 2023	41649	0	868	0
Oct 30, 2023	39804	0	1042	0
Oct 31, 2023	38116	0	969	0
Nov 01, 2023	36583	0	879	0
Nov 02, 2023	35165	0	822	0
Nov 03, 2023	33816	0	752	0
Nov 04, 2023	30770	0	511	0
Nov 05, 2023	31551	0	0	0
Nov 06, 2023	29249	0	0	0
Nov 07, 2023	27171	0	0	0
Nov 08, 2023	25221	0	0	0
Nov 09, 2023	22130	0	0	0
Nov 10, 2023	22440	0	0	0
Nov 11, 2023	21310	0	4879	0
Nov 12, 2023	24955	0	0	0
Nov 13, 2023	23475	0	0	0
Nov 14, 2023	22050	0	0	0
Nov 15, 2023	20635	0	0	0
Nov 16, 2023	19284	0	0	0
Nov 17, 2023	18106	0	0	0
Nov 18, 2023	17231	0	5217	0
Nov 19, 2023	21452	0	0	0
Nov 20, 2023	20260	0	0	0
Nov 21, 2023	19089	0	0	0
Nov 22, 2023	18062	0	0	0
Nov 23, 2023	17258	0	0	0
Nov 24, 2023	16297	0	0	0
Nov 25, 2023	14672	0	4721	0
Nov 26, 2023	19792	0	0	0
Nov 27, 2023	18750	0	0	0
Nov 28, 2023	17781	0	0	0
Nov 29, 2023	16902	0	0	0
Nov 30, 2023	16080	0	0	0
Dec 01, 2023	15328	0	0	0
Dec 02, 2023	14734	0	5350	0
Dec 03, 2023	19394	0	0	0
Dec 04, 2023	18605	0	0	0
Dec 05, 2023	17808	0	0	0
Dec 06, 2023	17122	0	0	0
Dec 07, 2023	16707	0	0	0
Dec 08, 2023	16539	0	0	0
Dec 09, 2023	16315	0	7595	0
Dec 10, 2023	23370	0	0	0
Dec 11, 2023	22750	0	0	0
Dec 12, 2023	22373	0	0	0
Dec 13, 2023	22373	0	0	0
Dec 14, 2023	22373	0	0	0
Dec 15, 2023	22373	0	0	0
Dec 16, 2023	22373	0	9471	0
Dec 17, 2023	31844	0	0	0
Dec 18, 2023	31844	0	0	0
Dec 19, 2023	31844	0	0	0
Dec 20, 2023	31844	0	0	0
Dec 21, 2023	31844	0	0	0
Dec 22, 2023	31844	0	0	0
Dec 23, 2023	31844	0	10690	0
Dec 24, 2023	42534	0	0	0
Dec 25, 2023	42534	0	0	0
Dec 26, 2023	42534	0	0	0
Dec 27, 2023	42534	0	0	0
Dec 28, 2023	42534	0	0	0
Dec 29, 2023	42534	0	0	0
Dec 30, 2023	42534	0	10091	0
Dec 31, 2023	52625	0	0	0
Jan 01, 2024	52625	0	0	0
Jan 02, 2024	52625	0	0	0
Jan 03, 2024	52625	0	0	0
Jan 04, 2024	52625	0	0	0
Jan 05, 2024	52625	0	0	0
Jan 06, 2024	52625	0	8821	0
Jan 07, 2024	61446	0	0	0
Jan 08, 2024	61446	0	0	0
Jan 09, 2024	61446	0	0	0
Jan 10, 2024	61446	0	0	0
Jan 11, 2024	61446	0	0	0
Jan 12, 2024	61446	0	0	0
Jan 13, 2024	61446	0	6742	0
Jan 14, 2024	68188	0	0	0
Jan 15, 2024	68188	0	0	0
Jan 16, 2024	68188	0	0	0
Jan 17, 2024	36566	0	0	0
Jan 18, 2024	36566	0	0	0
Jan 19, 2024	36566	0	0	0
Jan 20, 2024	26275	0	6548	0
Jan 21, 2024	32823	0	0	0
Jan 22, 2024	32468	0	0	0
Jan 23, 2024	32468	0	0	0
Jan 24, 2024	32468	0	0	0
Jan 25, 2024	32468	0	0	0
Jan 26, 2024	32468	0	0	0
Jan 27, 2024	22692	0	6117	0
Jan 28, 2024	28809	0	0	0
Jan 29, 2024	28565	0	0	0
Jan 30, 2024	28565	0	0	0
Jan 31, 2024	28565	0	0	0
Feb 01, 2024	28565	0	0	0
Feb 02, 2024	28565	0	0	0
Feb 03, 2024	19923	0	5116	0
Feb 04, 2024	25039	0	0	0
Feb 05, 2024	25039	0	0	0
Feb 06, 2024	25039	0	0	0
Feb 07, 2024	25039	0	0	0
Feb 08, 2024	25039	0	0	0
Feb 09, 2024	25039	0	0	0
Feb 10, 2024	18447	0	4014	0
Feb 11, 2024	22461	0	0	0
Feb 12, 2024	22461	0	0	0
Feb 13, 2024	22461	0	0	0
Feb 14, 2024	22461	0	0	0
Feb 15, 2024	22461	0	0	0
Feb 16, 2024	22461	0	0	0
Feb 17, 2024	15739	0	2838	0
Feb 18, 2024	18577	0	0	0
Feb 19, 2024	18577	0	0	0
Feb 20, 2024	18121	0	0	0
Feb 21, 2024	18121	0	0	0
Feb 22, 2024	18121	0	0	0
Feb 23, 2024	18121	0	0	0
Feb 24, 2024	11566	0	1921	0
Feb 25, 2024	13487	0	0	0
Feb 26, 2024	13487	0	0	0
Feb 27, 2024	13487	0	0	0
Feb 28, 2024	13411	0	0	0
Feb 29, 2024	13411	0	0	0
Mar 01, 2024	13411	0	0	0
Mar 02, 2024	8280	0	1402	0
Mar 03, 2024	9682	0	0	0
Mar 04, 2024	9682	0	0	0
Mar 05, 2024	9682	0	0	0
Mar 06, 2024	9682	0	0	0
Mar 07, 2024	9682	0	0	0
Mar 08, 2024	9682	0	0	0
Mar 09, 2024	5755	0	0	0
Mar 10, 2024	5755	0	0	0
Mar 11, 2024	5755	0	0	0
Mar 12, 2024	5755	0	0	0
Mar 13, 2024	5755	0	0	0
Mar 14, 2024	5755	0	0	0
Mar 15, 2024	5755	0	0	0
Mar 16, 2024	5755	0	0	0
Mar 17, 2024	5755	0	0	0
Mar 18, 2024	5755	0	0	0
Mar 19, 2024	5755	0	0	0
Mar 20, 2024	5755	0	0	0
Mar 21, 2024	5755	0	0	0
Mar 22, 2024	5755	0	0	0
Mar 23, 2024	5755	0	0	0
Mar 24, 2024	5755	NA	NA	NA
