Dates	Active	Deaths	Newcases	recover
Feb 15, 2020	1	0	0	0
Feb 16, 2020	1	0	0	0
Feb 17, 2020	1	0	0	0
Feb 18, 2020	1	0	0	0
Feb 19, 2020	1	0	0	0
Feb 20, 2020	0	0	0	0
Feb 21, 2020	0	0	0	0
Feb 22, 2020	0	0	0	0
Feb 23, 2020	0	0	0	0
Feb 24, 2020	0	0	0	0
Feb 25, 2020	0	0	0	0
Feb 26, 2020	0	0	0	0
Feb 27, 2020	0	0	0	0
Feb 28, 2020	0	0	0	0
Feb 29, 2020	0	0	1	0
Mar 01, 2020	1	0	0	0
Mar 02, 2020	1	0	0	0
Mar 03, 2020	1	1	0	0
Mar 04, 2020	1	0	1	0
Mar 05, 2020	2	0	12	0
Mar 06, 2020	14	0	33	0
Mar 07, 2020	47	1	7	0
Mar 08, 2020	53	0	4	0
Mar 09, 2020	57	0	0	0
Mar 10, 2020	32	0	8	0
Mar 11, 2020	39	2	13	0
Mar 12, 2020	51	2	13	0
Mar 13, 2020	64	0	17	0
Mar 14, 2020	81	1	16	0
Mar 15, 2020	92	1	40	0
Mar 16, 2020	130	2	30	0
Mar 17, 2020	164	4	14	0
Mar 18, 2020	176	5	46	0
Mar 19, 2020	207	1	29	6
Mar 20, 2020	235	1	9	2
Mar 21, 2020	242	3	33	0
Mar 22, 2020	257	6	39	3
Mar 23, 2020	279	6	36	6
Mar 24, 2020	302	4	54	5
Mar 25, 2020	340	1	39	0
Mar 26, 2020	369	5	41	21
Mar 27, 2020	390	6	40	18
Mar 28, 2020	419	6	33	14
Mar 29, 2020	437	8	47	81
Mar 30, 2020	465	5	54	0
Mar 31, 2020	507	7	69	78
Apr 01, 2020	548	7	86	101
Apr 02, 2020	606	9	120	92
Apr 03, 2020	703	9	85	101
Apr 04, 2020	758	15	103	90
Apr 05, 2020	848	17	149	110
Apr 06, 2020	978	11	128	170
Apr 07, 2020	1080	13	110	217
Apr 08, 2020	1152	5	139	159
Apr 09, 2020	1233	14	95	297
Apr 10, 2020	1275	5	145	293
Apr 11, 2020	1367	13	126	195
Apr 12, 2020	1317	9	125	308
Apr 13, 2020	1437	19	160	279
Apr 14, 2020	1583	15	155	291
Apr 15, 2020	1733	11	168	362
Apr 16, 2020	1881	14	171	322
Apr 17, 2020	1993	12	188	414
Apr 18, 2020	2107	11	112	303
Apr 19, 2020	2173	7	189	338
Apr 20, 2020	2262	13	157	293
Apr 21, 2020	2356	10	169	417
Apr 22, 2020	2448	20	232	418
Apr 23, 2020	2600	22	201	523
Apr 24, 2020	2723	21	227	419
Apr 25, 2020	2898	12	215	278
Apr 26, 2020	3041	14	248	303
Apr 27, 2020	3209	9	260	383
Apr 28, 2020	3379	14	226	347
Apr 29, 2020	3553	7	269	523
Apr 30, 2020	3764	16	358	438
May 01, 2020	4029	17	298	554
May 02, 2020	4256	13	272	469
May 03, 2020	4474	21	348	374
May 04, 2020	4745	11	388	295
May 05, 2020	5019	11	387	479
May 06, 2020	5304	8	393	475
May 07, 2020	5612	11	495	496
May 08, 2020	6028	12	488	507
May 09, 2020	6448	15	436	445
May 10, 2020	6800	21	346	493
May 11, 2020	7041	20	347	520
May 12, 2020	7223	18	338	740
May 13, 2020	7389	15	398	790
May 14, 2020	7632	14	399	959
May 15, 2020	7837	21	491	1400
May 16, 2020	8157	16	510	1199
May 17, 2020	8427	11	535	952
May 18, 2020	8679	28	720	1342
May 19, 2020	9083	29	745	997
May 20, 2020	9555	19	774	1488
May 21, 2020	10090	14	783	1350
May 22, 2020	10705	19	727	1204
May 23, 2020	11150	29	752	1602
May 24, 2020	11694	34	702	1154
May 25, 2020	12284	34	789	1613
May 26, 2020	12932	46	910	2625
May 27, 2020	13645	46	1127	2610
May 28, 2020	14589	47	1289	2448
May 29, 2020	15692	36	1367	1833
May 30, 2020	16843	38	1536	2296
May 31, 2020	17989	40	1399	2219
Jun 01, 2020	18932	32	1152	0
Jun 02, 2020	19657	39	1079	41227
Jun 03, 2020	20177	34	1152	4575
Jun 04, 2020	20885	35	1348	4883
Jun 05, 2020	21791	36	1497	0
Jun 06, 2020	22876	35	1467	0
Jun 07, 2020	23881	45	1365	0
Jun 08, 2020	24798	62	1385	0
Jun 09, 2020	25737	91	1455	0
Jun 10, 2020	26653	97	1442	30813
Jun 11, 2020	27658	94	1577	4914
Jun 12, 2020	28773	84	1677	5938
Jun 13, 2020	29967	88	1618	6408
Jun 14, 2020	31092	79	1691	5088
Jun 15, 2020	32288	89	1567	7440
Jun 16, 2020	33360	87	1363	0
Jun 17, 2020	34228	85	1218	30209
Jun 18, 2020	34971	87	1774	5050
Jun 19, 2020	36266	85	1547	5118
Jun 20, 2020	37325	83	1475	3960
Jun 21, 2020	38304	87	1576	4828
Jun 22, 2020	39398	88	1332	5173
Jun 23, 2020	40241	81	1420	4523
Jun 24, 2020	41176	83	1569	4234
Jun 25, 2020	42259	81	1625	4104
Jun 26, 2020	43398	81	1168	4624
Jun 27, 2020	44075	86	1265	4155
Jun 28, 2020	44860	81	1566	3944
Jun 29, 2020	45931	79	1557	5075
Jun 30, 2020	46898	63	1503	4214
Jul 01, 2020	47899	79	1485	3804
Jul 02, 2020	48891	67	1412	4096
Jul 03, 2020	49820	75	1324	4102
Jul 04, 2020	50652	53	1218	3587
Jul 05, 2020	51184	85	969	3339
Jul 06, 2020	51562	67	1057	3874
Jul 07, 2020	52072	89	1025	3458
Jul 08, 2020	52499	77	950	3219
Jul 09, 2020	52884	73	981	3131
Jul 10, 2020	53259	59	923	3061
Jul 11, 2020	53513	53	912	2788
Jul 12, 2020	53793	68	931	2654
Jul 13, 2020	54091	63	929	2664
Jul 14, 2020	54378	51	913	2865
Jul 15, 2020	54641	50	928	3216
Jul 16, 2020	54960	47	703	1513
Jul 17, 2020	54984	41	698	2635
Jul 18, 2020	55053	40	603	2345
Jul 19, 2020	55093	38	627	2198
Jul 20, 2020	55126	40	676	2824
Jul 21, 2020	55206	48	667	2425
Jul 22, 2020	55230	46	668	2190
Jul 23, 2020	54867	39	659	2265
Jul 24, 2020	54584	37	511	2473
Jul 25, 2020	54122	46	479	1926
Jul 26, 2020	53625	31	420	1859
Jul 27, 2020	52992	29	465	2378
Jul 28, 2020	52297	31	409	2225
Jul 29, 2020	51603	23	401	2071
Jul 30, 2020	50747	24	321	1699
Jul 31, 2020	49635	18	238	2180
Aug 01, 2020	48345	21	167	1904
Aug 02, 2020	47163	20	157	1565
Aug 03, 2020	45686	21	112	2354
Aug 04, 2020	44271	17	123	1961
Aug 05, 2020	42763	26	131	1877
Aug 06, 2020	41157	24	141	2000
Aug 07, 2020	39623	26	167	1965
Aug 08, 2020	38650	22	178	1693
Aug 09, 2020	37805	17	174	1516
Aug 10, 2020	36852	17	168	2199
Aug 11, 2020	35887	19	129	1878
Aug 12, 2020	34977	13	145	1712
Aug 13, 2020	34111	11	112	1906
Aug 14, 2020	33238	13	116	1914
Aug 15, 2020	32360	15	139	1877
Aug 16, 2020	31572	19	115	1557
Aug 17, 2020	30766	12	163	2055
Aug 18, 2020	30007	19	161	1845
Aug 19, 2020	29164	18	111	1778
Aug 20, 2020	28351	18	123	1834
Aug 21, 2020	27599	19	89	1833
Aug 22, 2020	26876	25	103	1449
Aug 23, 2020	26151	20	138	1285
Aug 24, 2020	25381	14	141	1999
Aug 25, 2020	24604	23	206	1805
Aug 26, 2020	23795	22	237	1654
Aug 27, 2020	23108	19	223	1530
Aug 28, 2020	22504	21	212	1731
Aug 29, 2020	21819	18	230	1401
Aug 30, 2020	21208	16	212	1295
Aug 31, 2020	20589	16	176	1911
Sep 01, 2020	19847	19	165	1893
Sep 02, 2020	19193	11	145	1726
Sep 03, 2020	18531	19	157	1839
Sep 04, 2020	17782	17	130	1719
Sep 05, 2020	16993	13	151	1432
Sep 06, 2020	16225	17	178	1318
Sep 07, 2020	15492	20	187	2013
Sep 08, 2020	14782	21	175	1825
Sep 09, 2020	14137	13	154	1801
Sep 10, 2020	13370	18	151	1708
Sep 11, 2020	12628	17	148	1855
Sep 12, 2020	11968	19	153	1407
Sep 13, 2020	11200	18	168	1399
Sep 14, 2020	10547	17	163	2219
Sep 15, 2020	9916	20	160	1909
Sep 16, 2020	9255	17	141	2075
Sep 17, 2020	8768	19	131	2053
Sep 18, 2020	8081	16	128	2120
Sep 19, 2020	7484	13	115	1645
Sep 20, 2020	6713	18	126	1365
Sep 21, 2020	6022	16	113	2065
Sep 22, 2020	5305	14	121	1989
Sep 23, 2020	4710	18	138	1711
Sep 24, 2020	4034	13	112	1704
Sep 25, 2020	3241	16	111	4390
Sep 26, 2020	2493	16	104	1429
Sep 27, 2020	1877	10	115	2113
Sep 28, 2020	1468	14	124	1764
Sep 29, 2020	1071	11	119	1842
Sep 30, 2020	774	9	119	1700
Oct 01, 2020	516	11	149	1839
Oct 02, 2020	367	9	109	1402
Oct 03, 2020	331	7	108	1165
Oct 04, 2020	347	12	98	1981
Oct 05, 2020	393	11	121	1580
Oct 06, 2020	452	12	133	1436
Oct 07, 2020	533	10	121	1617
Oct 08, 2020	615	9	106	1665
Oct 09, 2020	641	6	125	1275
Oct 10, 2020	704	11	129	1093
Oct 11, 2020	776	11	132	1638
Oct 12, 2020	843	10	139	1619
Oct 13, 2020	875	11	128	1558
Oct 14, 2020	918	10	118	1582
Oct 15, 2020	934	12	126	1531
Oct 16, 2020	971	13	138	1337
Oct 17, 2020	1031	11	127	1033
Oct 18, 2020	1057	10	123	1265
Oct 19, 2020	1103	11	158	1767
Oct 20, 2020	1150	12	178	1613
Oct 21, 2020	1212	12	177	1517
Oct 22, 2020	1270	11	170	1425
Oct 23, 2020	1341	12	167	1246
Oct 24, 2020	1397	13	143	1123
Oct 25, 2020	1438	11	167	1698
Oct 26, 2020	1515	8	170	1481
Oct 27, 2020	1571	12	153	1395
Oct 28, 2020	1622	13	179	1295
Oct 29, 2020	1689	14	167	1350
Oct 30, 2020	1765	13	179	1118
Oct 31, 2020	1837	11	181	1031
Nov 01, 2020	1903	14	189	1591
Nov 02, 2020	1982	12	197	1508
Nov 03, 2020	2052	13	207	1503
Nov 04, 2020	2137	12	201	1218
Nov 05, 2020	2195	14	224	1340
Nov 06, 2020	2305	11	208	1054
Nov 07, 2020	2368	12	239	1079
Nov 08, 2020	2491	12	221	1727
Nov 09, 2020	2603	13	232	1473
Nov 10, 2020	2720	11	227	1313
Nov 11, 2020	2814	12	214	1343
Nov 12, 2020	2918	16	224	1353
Nov 13, 2020	3043	14	228	1170
Nov 14, 2020	3159	13	220	1052
Nov 15, 2020	3268	13	242	1632
Nov 16, 2020	3365	14	275	1529
Nov 17, 2020	3515	13	329	1366
Nov 18, 2020	3697	12	342	1319
Nov 19, 2020	3883	13	363	1332
Nov 20, 2020	4112	12	358	1150
Nov 21, 2020	4358	11	351	1027
Nov 22, 2020	4598	12	354	1557
Nov 23, 2020	4840	13	361	1393
Nov 24, 2020	5066	15	365	1401
Nov 25, 2020	5321	14	368	1377
Nov 26, 2020	5611	16	357	1486
Nov 27, 2020	5834	28	351	1140
Nov 28, 2020	6072	19	358	1070
Nov 29, 2020	6309	19	370	1683
Nov 30, 2020	6543	18	392	1501
Dec 01, 2020	6821	21	421	1446
Dec 02, 2020	7081	19	432	1400
Dec 03, 2020	7361	23	427	1410
Dec 04, 2020	7660	19	431	1190
Dec 05, 2020	7940	22	418	1036
Dec 06, 2020	8160	23	415	1787
Dec 07, 2020	8354	21	434	1766
Dec 08, 2020	8555	22	421	1683
Dec 09, 2020	8796	23	445	1677
Dec 10, 2020	9012	23	464	1665
Dec 11, 2020	9235	24	478	1420
Dec 12, 2020	9481	25	486	1227
Dec 13, 2020	9780	26	511	2044
Dec 14, 2020	10011	28	523	1589
Dec 15, 2020	10193	29	544	1893
Dec 16, 2020	10444	32	548	1884
Dec 17, 2020	10767	37	579	1912
Dec 18, 2020	11082	42	611	1664
Dec 19, 2020	11341	51	664	1533
Dec 20, 2020	11640	49	718	2334
Dec 21, 2020	11981	43	788	2222
Dec 22, 2020	12331	53	911	2039
Dec 23, 2020	12802	61	1021	1980
Dec 24, 2020	13259	54	1133	2054
Dec 25, 2020	13832	56	1189	1805
Dec 26, 2020	14501	55	1226	1783
Dec 27, 2020	15121	56	1359	2672
Dec 28, 2020	15998	54	1333	2400
Dec 29, 2020	16673	64	1411	2425
Dec 30, 2020	17617	58	1418	2144
Dec 31, 2020	18326	55	1409	1915
Jan 01, 2021	18958	57	1407	2535
Jan 02, 2021	19657	54	1309	2474
Jan 03, 2021	20484	56	1277	3728
Jan 04, 2021	21000	57	1119	3088
Jan 05, 2021	21251	55	1007	3115
Jan 06, 2021	21640	52	1219	2675
Jan 07, 2021	22005	55	1001	2735
Jan 08, 2021	22196	58	989	3088
Jan 09, 2021	22363	59	993	3022
Jan 10, 2021	22695	52	961	4823
Jan 11, 2021	23292	54	970	4156
Jan 12, 2021	23784	56	996	4216
Jan 13, 2021	24045	55	1022	4112
Jan 14, 2021	24248	58	879	3991
Jan 15, 2021	24355	51	887	3416
Jan 16, 2021	24689	54	890	2859
Jan 17, 2021	24821	52	878	4566
Jan 18, 2021	25146	49	899	4157
Jan 19, 2021	25384	57	789	4106
Jan 20, 2021	25611	53	752	3942
Jan 21, 2021	25743	55	748	4289
Jan 22, 2021	26007	48	680	3515
Jan 23, 2021	26065	54	674	3111
Jan 24, 2021	26361	48	669	4892
Jan 25, 2021	26473	46	643	4341
Jan 26, 2021	26629	53	632	4236
Jan 27, 2021	26683	44	521	4091
Jan 28, 2021	26673	47	589	4167
Jan 29, 2021	26854	53	547	3280
Jan 30, 2021	26862	52	533	2817
Jan 31, 2021	26999	48	541	4573
Feb 01, 2021	27025	44	521	3871
Feb 02, 2021	27092	47	512	3651
Feb 03, 2021	27153	48	532	3723
Feb 04, 2021	27334	52	540	3506
Feb 05, 2021	27405	53	509	2716
Feb 06, 2021	27448	53	534	2339
Feb 07, 2021	27614	42	567	4400
Feb 08, 2021	27810	36	573	3611
Feb 09, 2021	27931	59	610	3391
Feb 10, 2021	28255	56	603	3390
Feb 11, 2021	28429	51	609	3519
Feb 12, 2021	28488	49	600	2983
Feb 13, 2021	28629	51	611	2482
Feb 14, 2021	28859	49	613	4060
Feb 15, 2021	29027	48	633	3688
Feb 16, 2021	29288	55	618	3692
Feb 17, 2021	29446	51	656	3359
Feb 18, 2021	29642	39	610	3338
Feb 19, 2021	29804	52	600	2821
Feb 20, 2021	29951	46	608	2557
Feb 21, 2021	29961	49	623	3999
Feb 22, 2021	30187	49	633	3543
Feb 23, 2021	30281	49	644	3619
Feb 24, 2021	30484	48	589	3413
Feb 25, 2021	30605	42	601	3654
Feb 26, 2021	30724	44	588	3124
Feb 27, 2021	30730	49	595	2721
Feb 28, 2021	30844	45	586	4639
Mar 01, 2021	30927	38	581	3939
Mar 02, 2021	31158	41	577	3968
Mar 03, 2021	31191	43	587	3990
Mar 04, 2021	31274	44	579	4124
Mar 05, 2021	31275	46	588	3634
Mar 06, 2021	31393	41	581	3351
Mar 07, 2021	31489	45	591	5641
Mar 08, 2021	31571	42	622	4841
Mar 09, 2021	31717	44	645	4817
Mar 10, 2021	31815	40	639	4822
Mar 11, 2021	31908	44	639	5159
Mar 12, 2021	31991	47	641	4509
Mar 13, 2021	32221	41	644	3947
Mar 14, 2021	32390	40	631	6122
Mar 15, 2021	32448	45	640	5635
Mar 16, 2021	32722	41	645	5720
Mar 17, 2021	32985	39	642	5459
Mar 18, 2021	33187	43	645	5956
Mar 19, 2021	33359	40	644	5116
Mar 20, 2021	33725	48	647	4557
Mar 21, 2021	33886	36	643	7417
Mar 22, 2021	34000	41	648	6501
Mar 23, 2021	34105	37	641	6546
Mar 24, 2021	34186	32	661	6228
Mar 25, 2021	34478	42	670	6760
Mar 26, 2021	34679	39	683	5772
Mar 27, 2021	34877	46	686	5190
Mar 28, 2021	34993	43	689	8099
Mar 29, 2021	35195	39	693	7232
Mar 30, 2021	35282	40	699	6962
Mar 31, 2021	35442	47	712	6864
Apr 01, 2021	35786	43	703	7488
Apr 02, 2021	36014	37	710	5833
Apr 03, 2021	36247	33	709	5028
Apr 04, 2021	36583	39	767	8481
Apr 05, 2021	36948	43	778	7163
Apr 06, 2021	37251	40	783	6834
Apr 07, 2021	37553	42	789	7592
Apr 08, 2021	37870	39	794	5879
Apr 09, 2021	38060	44	801	5895
Apr 10, 2021	38218	41	812	5443
Apr 11, 2021	38545	42	818	8509
Apr 12, 2021	38821	41	823	7383
Apr 13, 2021	39173	44	831	6918
Apr 14, 2021	39360	40	837	6748
Apr 15, 2021	39717	42	841	6900
Apr 16, 2021	39816	46	845	5913
Apr 17, 2021	40076	48	850	4953
Apr 18, 2021	40117	45	852	7785
Apr 19, 2021	40596	39	855	6799
Apr 20, 2021	40853	51	861	6589
Apr 21, 2021	41233	58	872	6555
Apr 22, 2021	41512	61	884	6564
Apr 23, 2021	41675	51	912	5452
Apr 24, 2021	42115	59	953	4631
Apr 25, 2021	42450	61	991	7248
Apr 26, 2021	42507	63	1003	6539
Apr 27, 2021	42684	67	1011	6006
Apr 28, 2021	43001	62	1003	5778
Apr 29, 2021	43245	60	1021	6042
Apr 30, 2021	43440	64	1032	5109
May 01, 2021	43640	59	1051	4237
May 02, 2021	43824	65	1078	6603
May 03, 2021	44408	66	1090	5666
May 04, 2021	44871	59	1102	5401
May 05, 2021	45033	68	1110	4928
May 06, 2021	45184	61	1125	5350
May 07, 2021	45433	58	1132	4381
May 08, 2021	46064	59	1138	3979
May 09, 2021	46743	56	1150	6445
May 10, 2021	47148	63	1180	5492
May 11, 2021	47466	58	1187	5452
May 12, 2021	48031	61	1193	5331
May 13, 2021	48709	53	1197	5626
May 14, 2021	49294	57	1203	4658
May 15, 2021	49674	61	1201	4222
May 16, 2021	49916	52	1188	7083
May 17, 2021	50497	59	1169	6091
May 18, 2021	50944	51	1160	6026
May 19, 2021	51044	45	1153	5692
May 20, 2021	51459	41	1148	6406
May 21, 2021	51685	43	1151	5367
May 22, 2021	51797	54	1145	4987
May 23, 2021	52436	46	1149	7984
May 24, 2021	52772	51	1140	6958
May 25, 2021	53626	46	1151	6512
May 26, 2021	53858	49	1132	6920
May 27, 2021	54027	40	1133	5611
May 28, 2021	54336	42	1119	5820
May 29, 2021	54183	44	1007	5643
May 30, 2021	55144	46	984	8386
May 31, 2021	55442	41	956	7598
Jun 01, 2021	55647	43	951	7270
Jun 02, 2021	55888	47	932	6848
Jun 03, 2021	55976	38	861	7106
Jun 04, 2021	56010	34	821	6083
Jun 05, 2021	55991	39	801	5334
Jun 06, 2021	56016	37	782	8722
Jun 07, 2021	56074	35	773	8119
Jun 08, 2021	56258	41	765	7466
Jun 09, 2021	56189	31	755	7021
Jun 10, 2021	56252	37	733	7190
Jun 11, 2021	56393	32	711	5984
Jun 12, 2021	56636	37	691	5108
Jun 13, 2021	56521	31	613	7761
Jun 14, 2021	56402	38	609	7023
Jun 15, 2021	56063	30	606	6508
Jun 16, 2021	56094	39	591	6020
Jun 17, 2021	56039	37	589	6136
Jun 18, 2021	55698	32	566	5106
Jun 19, 2021	55770	35	532	4086
Jun 20, 2021	55816	29	509	6467
Jun 21, 2021	55846	31	498	5462
Jun 22, 2021	55508	30	466	5047
Jun 23, 2021	55383	33	423	4728
Jun 24, 2021	54990	23	412	4693
Jun 25, 2021	54608	21	409	3646
Jun 26, 2021	54548	25	389	3293
Jun 27, 2021	54250	21	376	3605
Jun 28, 2021	54163	27	261	4495
Jun 29, 2021	54078	22	251	3947
Jun 30, 2021	53729	20	242	3606
Jul 01, 2021	53271	22	198	3437
Jul 02, 2021	52782	26	181	2816
Jul 03, 2021	52033	19	179	2263
Jul 04, 2021	51731	17	175	2767
Jul 05, 2021	51121	15	164	3079
Jul 06, 2021	50696	13	161	2899
Jul 07, 2021	50033	7	155	2821
Jul 08, 2021	49404	9	127	2698
Jul 09, 2021	49172	6	121	2047
Jul 10, 2021	48846	7	117	1863
Jul 11, 2021	48294	6	110	2677
Jul 12, 2021	47518	8	108	2242
Jul 13, 2021	47383	7	89	2039
Jul 14, 2021	46461	6	81	1971
Jul 15, 2021	45549	5	77	1830
Jul 16, 2021	44821	8	69	1521
Jul 17, 2021	43984	5	67	1173
Jul 18, 2021	43612	7	59	1879
Jul 19, 2021	43011	4	51	1542
Jul 20, 2021	42288	6	49	1515
Jul 21, 2021	41528	7	44	1385
Jul 22, 2021	40901	4	41	1093
Jul 23, 2021	40402	9	38	1145
Jul 24, 2021	40014	7	39	1047
Jul 25, 2021	39925	4	35	1565
Jul 26, 2021	39595	6	31	1359
Jul 27, 2021	38968	4	38	1184
Jul 28, 2021	38785	7	42	1141
Jul 29, 2021	38489	5	45	1147
Jul 30, 2021	37985	10	47	916
Jul 31, 2021	37370	7	49	821
Aug 01, 2021	37084	5	51	1217
Aug 02, 2021	36568	4	53	1063
Aug 03, 2021	35815	9	57	986
Aug 04, 2021	35743	7	51	911
Aug 05, 2021	35686	6	57	851
Aug 06, 2021	35417	9	61	772
Aug 07, 2021	35250	7	65	785
Aug 08, 2021	34904	5	83	1019
Aug 09, 2021	34909	6	86	942
Aug 10, 2021	34882	4	91	837
Aug 11, 2021	34852	6	95	788
Aug 12, 2021	34728	5	97	829
Aug 13, 2021	34777	8	99	665
Aug 14, 2021	34761	9	101	613
Aug 15, 2021	34625	7	107	958
Aug 16, 2021	34590	9	112	790
Aug 17, 2021	34498	8	123	738
Aug 18, 2021	34184	5	131	682
Aug 19, 2021	33867	7	164	682
Aug 20, 2021	33917	8	173	540
Aug 21, 2021	33870	10	184	531
Aug 22, 2021	33817	5	189	807
Aug 23, 2021	33790	8	194	665
Aug 24, 2021	33824	7	203	613
Aug 25, 2021	33708	6	221	562
Aug 26, 2021	33402	9	234	579
Aug 27, 2021	33302	7	251	465
Aug 28, 2021	33113	12	255	420
Aug 29, 2021	32929	11	263	675
Aug 30, 2021	32855	10	279	542
Aug 31, 2021	32362	13	291	544
Sep 01, 2021	32103	12	303	469
Sep 02, 2021	31955	10	318	450
Sep 03, 2021	31611	13	331	386
Sep 04, 2021	31493	12	343	335
Sep 05, 2021	31274	11	368	462
Sep 06, 2021	30971	13	378	412
Sep 07, 2021	30665	11	399	437
Sep 08, 2021	30286	14	413	386
Sep 09, 2021	29956	10	433	444
Sep 10, 2021	29846	13	458	372
Sep 11, 2021	29541	13	481	332
Sep 12, 2021	29360	14	491	544
Sep 13, 2021	29438	16	503	471
Sep 14, 2021	29606	19	531	423
Sep 15, 2021	29626	22	569	397
Sep 16, 2021	29705	24	588	460
Sep 17, 2021	29622	27	637	428
Sep 18, 2021	29532	31	653	396
Sep 19, 2021	29655	36	679	602
Sep 20, 2021	29924	39	688	494
Sep 21, 2021	29885	38	692	584
Sep 22, 2021	30043	37	722	509
Sep 23, 2021	30165	39	568	492
Sep 24, 2021	29897	31	667	485
Sep 25, 2021	29736	37	680	549
Sep 26, 2021	29967	36	702	879
Sep 27, 2021	30044	32	718	760
Sep 28, 2021	30124	37	738	687
Sep 29, 2021	30022	33	741	694
Sep 30, 2021	30307	39	745	640
Oct 01, 2021	30194	37	761	490
Oct 02, 2021	30379	39	768	562
Oct 03, 2021	30415	35	771	884
Oct 04, 2021	30453	39	778	717
Oct 05, 2021	30299	37	788	724
Oct 06, 2021	30400	31	799	712
Oct 07, 2021	30738	39	811	802
Oct 08, 2021	31083	41	831	708
Oct 09, 2021	31264	40	837	679
Oct 10, 2021	31161	38	846	1062
Oct 11, 2021	31188	42	857	982
Oct 12, 2021	31587	44	861	976
Oct 13, 2021	31508	45	865	972
Oct 14, 2021	31552	43	869	1046
Oct 15, 2021	31472	47	874	986
Oct 16, 2021	31449	46	871	1003
Oct 17, 2021	31643	44	883	1240
Oct 18, 2021	31842	47	868	1726
Oct 19, 2021	31956	43	877	1574
Oct 20, 2021	32006	48	883	1386
Oct 21, 2021	32024	42	885	1430
Oct 22, 2021	32152	53	881	1303
Oct 23, 2021	32337	55	886	1211
Oct 24, 2021	32327	52	889	1982
Oct 25, 2021	32413	57	871	1921
Oct 26, 2021	32367	59	907	1921
Oct 27, 2021	32500	60	923	1703
Oct 28, 2021	32925	58	927	1790
Oct 29, 2021	33368	63	948	1598
Oct 30, 2021	33869	57	933	1506
Oct 31, 2021	34099	60	951	2298
Nov 01, 2021	34078	62	921	2110
Nov 02, 2021	34297	65	951	1950
Nov 03, 2021	34446	54	911	1956
Nov 04, 2021	34537	56	922	1811
Nov 05, 2021	34860	63	909	1536
Nov 06, 2021	35057	60	903	1606
Nov 07, 2021	35184	57	929	2177
Nov 08, 2021	35537	69	921	2640
Nov 09, 2021	35783	64	934	2565
Nov 10, 2021	36027	68	919	2430
Nov 11, 2021	36264	69	909	2354
Nov 12, 2021	36383	71	929	1975
Nov 13, 2021	36700	73	935	1992
Nov 14, 2021	36780	31	946	2852
Nov 15, 2021	37226	61	941	2748
Nov 16, 2021	37333	61	960	2433
Nov 17, 2021	37568	58	911	2238
Nov 18, 2021	37987	61	892	2481
Nov 19, 2021	38129	57	902	1869
Nov 20, 2021	38427	63	884	1833
Nov 21, 2021	38484	65	870	2849
Nov 22, 2021	38621	68	856	2442
Nov 23, 2021	38697	42	901	2399
Nov 24, 2021	39302	65	899	2176
Nov 25, 2021	39397	62	913	2271
Nov 26, 2021	39696	63	931	1933
Nov 27, 2021	40028	57	951	1831
Nov 28, 2021	40204	49	911	2769
Nov 29, 2021	40320	39	949	2383
Nov 30, 2021	40568	45	938	2131
Dec 01, 2021	40895	43	919	1983
Dec 02, 2021	40976	51	933	1892
Dec 03, 2021	41291	56	892	1613
Dec 04, 2021	41141	42	902	1428
Dec 05, 2021	41127	47	871	2133
Dec 06, 2021	41004	49	889	1841
Dec 07, 2021	40733	45	909	1856
Dec 08, 2021	40798	44	803	1493
Dec 09, 2021	40968	51	822	1580
Dec 10, 2021	40838	48	879	1300
Dec 11, 2021	41214	31	863	1132
Dec 12, 2021	41533	43	799	1796
Dec 13, 2021	40967	38	822	1532
Dec 14, 2021	40835	46	879	1135
Dec 15, 2021	41141	49	901	1363
Dec 16, 2021	41316	47	910	1367
Dec 17, 2021	41483	43	902	1107
Dec 18, 2021	41459	10	919	994
Dec 19, 2021	41678	36	903	1502
Dec 20, 2021	41772	25	848	1275
Dec 21, 2021	41842	37	879	1179
Dec 22, 2021	42008	31	883	1089
Dec 23, 2021	42339	28	811	1137
Dec 24, 2021	42212	28	866	964
Dec 25, 2021	42293	32	823	1008
Dec 26, 2021	42536	25	851	1369
Dec 27, 2021	42810	16	809	1266
Dec 28, 2021	42880	29	854	1193
Dec 29, 2021	42937	20	871	1183
Dec 30, 2021	42977	19	847	1177
Dec 31, 2021	43260	27	783	1046
Jan 01, 2022	43458	19	801	1186
Jan 02, 2022	43794	27	723	1964
Jan 03, 2022	43885	29	769	1748
Jan 04, 2022	43814	26	803	1559
Jan 05, 2022	43678	31	840	1645
Jan 06, 2022	43987	19	821	1699
Jan 07, 2022	43842	28	830	1893
Jan 08, 2022	43742	21	912	2520
Jan 09, 2022	43749	34	951	4223
Jan 10, 2022	43762	26	932	4187
Jan 11, 2022	43769	25	948	4375
Jan 12, 2022	43844	31	1011	4359
Jan 13, 2022	43922	26	1079	5233
Jan 14, 2022	44074	33	1101	4792
Jan 15, 2022	44225	22	1197	5195
Jan 16, 2022	44399	29	1232	9513
Jan 17, 2022	44500	41	1303	9440
Jan 18, 2022	44378	38	1379	10154
Jan 19, 2022	44125	28	1403	10191
Jan 20, 2022	43874	35	1533	10873
Jan 21, 2022	43578	29	1569	10281
Jan 22, 2022	43403	36	1603	10743
Jan 23, 2022	43759	26	1651	17643
Jan 24, 2022	43579	44	1809	17606
Jan 25, 2022	43570	38	1910	17560
Jan 26, 2022	43581	31	1985	19547
Jan 27, 2022	43539	48	2007	20698
Jan 28, 2022	43529	52	2018	19491
Jan 29, 2022	44612	45	2210	19098
Jan 30, 2022	44810	39	2223	32258
Jan 31, 2022	45111	58	2291	32072
Feb 01, 2022	44995	59	2278	32013
Feb 02, 2022	45220	57	2281	32015
Feb 03, 2022	45453	60	2291	33191
Feb 04, 2022	45207	57	2298	27462
Feb 05, 2022	45462	62	2301	24936
Feb 06, 2022	44383	61	2272	42657
Feb 07, 2022	44451	59	2194	41565
Feb 08, 2022	43464	57	2191	38428
Feb 09, 2022	43170	60	2189	35978
Feb 10, 2022	43288	56	2179	35234
Feb 11, 2022	43285	54	2145	29313
Feb 12, 2022	44139	61	2131	26272
Feb 13, 2022	43903	52	2129	42721
Feb 14, 2022	44729	62	2117	39816
Feb 15, 2022	45244	58	2101	36232
Feb 16, 2022	44526	54	2071	33600
Feb 17, 2022	44555	51	2053	31474
Feb 18, 2022	44573	32	2025	26103
Feb 19, 2022	44993	38	2009	23224
Feb 20, 2022	44823	30	2003	37720
Feb 21, 2022	45533	35	1989	33817
Feb 22, 2022	45625	48	1892	31109
Feb 23, 2022	45345	34	1832	27992
Feb 24, 2022	45152	36	1811	26873
Feb 25, 2022	45279	22	1743	21445
Feb 26, 2022	45787	17	1521	19448
Feb 27, 2022	46047	13	1523	30861
Feb 28, 2022	46215	10	1322	27264
Mar 01, 2022	45493	25	1288	24111
Mar 02, 2022	45778	25	1261	22101
Mar 03, 2022	46014	22	1121	21739
Mar 04, 2022	46139	13	1113	17248
Mar 05, 2022	45810	12	1093	15487
Mar 06, 2022	45557	8	923	25031
Mar 07, 2022	45447	12	882	21403
Mar 08, 2022	45395	12	884	19299
Mar 09, 2022	45944	12	861	17788
Mar 10, 2022	46152	12	854	17190
Mar 11, 2022	46265	12	788	14417
Mar 12, 2022	46275	12	788	12607
Mar 13, 2022	46285	12	788	19787
Mar 14, 2022	46295	8	788	17020
Mar 15, 2022	46305	8	788	16198
Mar 16, 2022	46315	8	788	14727
Mar 17, 2022	46325	8	788	14296
Mar 18, 2022	46330	8	625	11884
Mar 19, 2022	46332	8	625	10936
Mar 20, 2022	46334	8	625	16540
Mar 21, 2022	46336	8	625	13314
Mar 22, 2022	46338	8	625	11867
Mar 23, 2022	46340	8	625	9931
Mar 24, 2022	46342	8	625	9253
Mar 25, 2022	46344	8	559	7040
Mar 26, 2022	46895	8	559	6230
Mar 27, 2022	47446	8	559	9856
Mar 28, 2022	47997	7	559	7854
Mar 29, 2022	48548	7	559	7170
Mar 30, 2022	49099	7	559	6172
Mar 31, 2022	49650	7	559	6010
Apr 01, 2022	50201	7	400	4597
Apr 02, 2022	46107	7	400	4227
Apr 03, 2022	45968	7	400	6503
Apr 04, 2022	45829	6	400	5262
Apr 05, 2022	45690	6	400	4807
Apr 06, 2022	45551	6	400	4075
Apr 07, 2022	45412	6	400	3813
Apr 08, 2022	45273	6	124	3015
Apr 09, 2022	45391	6	124	2851
Apr 10, 2022	45509	55	124	4485
Apr 11, 2022	45627	0	124	3743
Apr 12, 2022	45745	0	124	3108
Apr 13, 2022	45863	0	124	2856
Apr 14, 2022	45981	0	2924	2807
Apr 15, 2022	48850	0	0	2258
Apr 16, 2022	48850	0	0	2113
Apr 17, 2022	48850	0	0	3195
Apr 18, 2022	48850	0	0	2585
Apr 19, 2022	48850	0	0	2237
Apr 20, 2022	48850	0	0	2046
Apr 21, 2022	48850	0	0	1680
Apr 22, 2022	48850	0	0	1922
Apr 23, 2022	48850	0	0	2095
Apr 24, 2022	48850	0	0	3240
Apr 25, 2022	48850	0	0	2492
Apr 26, 2022	48850	0	0	2159
Apr 27, 2022	48850	0	0	1989
Apr 28, 2022	48850	0	0	1911
Apr 29, 2022	48850	0	0	1761
Apr 30, 2022	48850	0	0	1645
May 01, 2022	48850	0	0	2559
May 02, 2022	48850	0	0	2344
May 03, 2022	48850	0	0	2168
May 04, 2022	48850	0	0	2017
May 05, 2022	48850	0	0	2084
May 06, 2022	48850	0	0	2118
May 07, 2022	48850	0	0	2204
May 08, 2022	48850	0	0	3383
May 09, 2022	48850	0	0	3228
May 10, 2022	48850	0	0	2974
May 11, 2022	48850	0	0	2836
May 12, 2022	48850	0	0	2900
May 13, 2022	48850	0	0	2975
May 14, 2022	48850	0	0	3076
May 15, 2022	48850	0	0	4707
May 16, 2022	48850	0	0	4716
May 17, 2022	48850	0	0	4600
May 18, 2022	48850	0	0	4268
May 19, 2022	48850	0	0	4552
May 20, 2022	48850	0	0	4536
May 21, 2022	48850	0	0	4335
May 22, 2022	48850	0	0	7045
May 23, 2022	48850	0	0	6366
May 24, 2022	48850	0	0	6065
May 25, 2022	48850	0	0	5745
May 26, 2022	48850	0	0	6204
May 27, 2022	48850	0	0	5349
May 28, 2022	48850	0	0	5549
May 29, 2022	48850	0	0	8820
May 30, 2022	48850	0	0	8336
May 31, 2022	48850	0	0	7775
Jun 01, 2022	48850	0	0	7193
Jun 02, 2022	48850	0	0	7088
Jun 03, 2022	48850	0	0	6332
Jun 04, 2022	48850	0	0	5904
Jun 05, 2022	48850	0	0	9926
Jun 06, 2022	48850	0	0	8852
Jun 07, 2022	48850	0	0	8941
Jun 08, 2022	48850	0	0	8202
Jun 09, 2022	48850	0	0	8950
Jun 10, 2022	48850	0	0	8305
Jun 11, 2022	48850	0	0	7900
Jun 12, 2022	48850	0	0	12888
Jun 13, 2022	48850	0	0	11438
Jun 14, 2022	48850	0	0	10592
Jun 15, 2022	48850	0	0	9980
Jun 16, 2022	48850	0	0	10073
Jun 17, 2022	48850	0	0	8630
Jun 18, 2022	48850	0	0	8171
Jun 19, 2022	48850	0	0	13416
Jun 20, 2022	48850	0	0	11685
Jun 21, 2022	48850	0	0	10770
Jun 22, 2022	48850	0	0	9701
Jun 23, 2022	48850	0	0	9226
Jun 24, 2022	48850	0	0	7546
Jun 25, 2022	48850	0	0	6885
Jun 26, 2022	48850	0	0	11791
Jun 27, 2022	48850	0	0	8587
Jun 28, 2022	48850	0	0	11813
Jun 29, 2022	48850	0	0	9858
Jun 30, 2022	48850	0	0	9217
Jul 01, 2022	48850	0	0	7879
Jul 02, 2022	48850	0	0	6909
Jul 03, 2022	48850	0	0	8653
Jul 04, 2022	48850	0	0	11748
Jul 05, 2022	48850	0	0	10238
Jul 06, 2022	48850	0	0	8795
Jul 07, 2022	48850	0	0	8551
Jul 08, 2022	48850	0	0	7422
Jul 09, 2022	48850	0	0	6931
Jul 10, 2022	48850	0	0	10936
Jul 11, 2022	48850	0	0	9560
Jul 12, 2022	48850	0	0	8638
Jul 13, 2022	48850	0	0	8091
Jul 14, 2022	48850	0	0	7854
Jul 15, 2022	48850	0	0	6612
Jul 16, 2022	48850	0	0	6288
Jul 17, 2022	48850	0	0	9598
Jul 18, 2022	48850	0	0	8129
Jul 19, 2022	48850	0	0	7434
Jul 20, 2022	48850	0	0	6219
Jul 21, 2022	48850	0	0	6158
Jul 22, 2022	48850	0	0	5345
Jul 23, 2022	48850	0	0	5289
Jul 24, 2022	48850	0	0	9024
Jul 25, 2022	48850	0	0	7889
Jul 26, 2022	48850	0	0	7572
Jul 27, 2022	48850	0	0	7139
Jul 28, 2022	48850	0	0	7411
Jul 29, 2022	48850	0	0	6867
Jul 30, 2022	48850	0	0	6541
Jul 31, 2022	48850	0	0	10378
Aug 01, 2022	48850	0	0	8837
Aug 02, 2022	48850	0	0	8430
Aug 03, 2022	48850	0	0	6601
Aug 04, 2022	48850	0	0	6602
Aug 05, 2022	48850	0	0	8184
Aug 06, 2022	48850	0	0	7646
Aug 07, 2022	48850	0	0	7532
Aug 08, 2022	48850	0	0	12328
Aug 09, 2022	48850	0	0	10558
Aug 10, 2022	48850	0	0	10033
Aug 11, 2022	48850	0	0	9376
Aug 12, 2022	48850	0	0	9495
Aug 13, 2022	48850	0	0	9218
Aug 14, 2022	48850	0	0	8458
Aug 15, 2022	48850	0	0	13732
Aug 16, 2022	48850	0	0	11781
Aug 17, 2022	48850	0	0	11135
Aug 18, 2022	48850	0	0	0
Aug 19, 2022	48850	0	0	18721
Aug 20, 2022	48850	0	0	7626
Aug 21, 2022	48850	0	0	6902
Aug 22, 2022	48850	0	0	0
Aug 23, 2022	48850	0	0	19792
Aug 24, 2022	48850	0	0	9411
Aug 25, 2022	48850	0	0	0
Aug 26, 2022	48850	0	0	16290
Aug 27, 2022	48850	0	0	6900
Aug 28, 2022	48850	0	0	0
Aug 29, 2022	48850	0	0	15291
Aug 30, 2022	48850	0	0	7843
Aug 31, 2022	48850	0	0	0
Sep 01, 2022	48850	0	0	13154
Sep 02, 2022	48850	0	0	0
Sep 03, 2022	48850	0	0	11084
Sep 04, 2022	48850	0	0	4775
Sep 05, 2022	48850	0	0	6659
Sep 06, 2022	48850	0	0	5660
Sep 07, 2022	48850	0	0	5095
Sep 08, 2022	48850	0	0	0
Sep 09, 2022	48850	0	0	8943
Sep 10, 2022	48850	0	0	3957
Sep 11, 2022	48850	0	0	3619
Sep 12, 2022	48850	0	0	0
Sep 13, 2022	48850	0	0	10670
Sep 14, 2022	48850	0	0	4136
Sep 15, 2022	48850	0	0	3661
Sep 16, 2022	48850	0	0	3615
Sep 17, 2022	48850	0	0	3055
Sep 18, 2022	48850	0	0	0
Sep 19, 2022	48850	0	0	0
Sep 20, 2022	48850	0	0	9698
Sep 21, 2022	48850	0	0	2669
Sep 22, 2022	48850	0	0	2231
Sep 23, 2022	48850	0	0	1939
Sep 24, 2022	48850	0	0	0
Sep 25, 2022	48850	0	0	5148
Sep 26, 2022	48850	0	0	3274
Sep 27, 2022	48850	0	0	4565
Sep 28, 2022	48850	0	0	0
Sep 29, 2022	48850	0	0	7462
Sep 30, 2022	48850	0	0	3168
Oct 01, 2022	48850	0	0	2977
Oct 02, 2022	48850	0	0	2799
Oct 03, 2022	48850	0	0	4139
Oct 04, 2022	48850	0	0	0
Oct 05, 2022	48850	0	0	6565
Oct 06, 2022	48850	0	0	2719
Oct 07, 2022	48850	0	0	2674
Oct 08, 2022	48850	0	0	2544
Oct 09, 2022	48850	0	0	2669
Oct 10, 2022	48850	0	0	4096
Oct 11, 2022	48850	0	0	3433
Oct 12, 2022	48850	0	0	3064
Oct 13, 2022	48850	0	0	3026
Oct 14, 2022	48850	0	0	2939
Oct 15, 2022	48850	0	0	0
Oct 16, 2022	48850	0	0	5715
Oct 17, 2022	48850	0	0	13276
Oct 18, 2022	48850	0	0	0
Oct 19, 2022	48850	0	0	8169
Oct 20, 2022	48850	0	0	4036
Oct 21, 2022	48850	0	0	4222
Oct 22, 2022	48850	0	0	7620
Oct 23, 2022	48850	0	0	5520
Oct 24, 2022	48850	0	0	5418
Oct 25, 2022	48850	0	0	5623
Oct 26, 2022	48850	0	0	0
Oct 27, 2022	48850	0	0	10304
Oct 28, 2022	48850	0	0	5021
Oct 29, 2022	48850	0	0	0
Oct 30, 2022	48850	0	0	14528
Oct 31, 2022	48850	0	0	5605
Nov 01, 2022	48850	0	0	4865
Nov 02, 2022	48850	0	0	4334
Nov 03, 2022	48850	0	0	0
Nov 04, 2022	48850	0	0	7420
Nov 05, 2022	48850	0	0	5244
Nov 06, 2022	48850	0	0	5180
Nov 07, 2022	48850	0	0	7836
Nov 08, 2022	48850	0	0	7496
Nov 09, 2022	48850	0	0	6762
Nov 10, 2022	48850	0	0	5336
Nov 11, 2022	48850	0	0	5533
Nov 12, 2022	48850	0	0	8947
Nov 13, 2022	48850	0	0	6535
Nov 14, 2022	48850	0	0	5802
Nov 15, 2022	48850	0	0	5611
Nov 16, 2022	48850	0	0	5297
Nov 17, 2022	48850	0	0	4342
Nov 18, 2022	48850	0	0	4352
Nov 19, 2022	48850	0	0	7735
Nov 20, 2022	48850	0	0	5912
Nov 21, 2022	48850	0	0	5493
Nov 22, 2022	48850	0	0	5050
Nov 23, 2022	48850	0	0	4852
Nov 24, 2022	48850	0	0	3906
Nov 25, 2022	48850	0	0	3946
Nov 26, 2022	48850	0	0	6425
Nov 27, 2022	48850	0	0	4820
Nov 28, 2022	48850	0	0	7309
Nov 29, 2022	48850	0	0	1211
Nov 30, 2022	48850	0	0	3883
Dec 01, 2022	48850	0	0	3193
Dec 02, 2022	48850	0	0	3318
Dec 03, 2022	48850	0	0	0
Dec 04, 2022	48850	0	0	9392
Dec 05, 2022	48850	0	0	0
Dec 06, 2022	48850	0	0	7072
Dec 07, 2022	48850	0	0	3210
Dec 08, 2022	48850	0	0	2628
Dec 09, 2022	48850	0	0	2552
Dec 10, 2022	48850	0	0	0
Dec 11, 2022	48850	0	0	0
Dec 12, 2022	48850	0	0	0
Dec 13, 2022	48850	0	0	0
Dec 14, 2022	48850	0	0	12564
Dec 15, 2022	48850	0	0	6807
Dec 16, 2022	48850	0	0	2915
Dec 17, 2022	48850	0	0	4578
Dec 18, 2022	48850	0	0	3605
Dec 19, 2022	48850	0	0	3572
Dec 20, 2022	48850	0	0	3353
Dec 21, 2022	48850	0	0	3323
Dec 22, 2022	48850	0	0	3122
Dec 23, 2022	48850	0	0	3184
Dec 24, 2022	48850	0	0	5283
Dec 25, 2022	48850	0	0	4287
Dec 26, 2022	48850	0	0	3767
Dec 27, 2022	48850	0	0	3848
Dec 28, 2022	48850	0	0	0
Dec 29, 2022	48850	0	0	7093
Dec 30, 2022	48850	0	0	3889
Dec 31, 2022	48850	0	0	6752
Jan 01, 2023	48850	0	0	5186
Jan 02, 2023	48850	0	0	4458
Jan 03, 2023	48850	0	0	3703
Jan 04, 2023	48850	0	0	3277
Jan 05, 2023	48850	0	0	2385
Jan 06, 2023	48850	0	0	2929
Jan 07, 2023	48850	0	0	4074
Jan 08, 2023	48850	0	0	5084
Jan 09, 2023	48850	0	0	3985
Jan 10, 2023	48850	0	0	3604
Jan 11, 2023	48850	0	0	3164
Jan 12, 2023	48850	0	0	2578
Jan 13, 2023	48850	0	0	2530
Jan 14, 2023	48850	0	0	4091
Jan 15, 2023	48850	0	0	3118
Jan 16, 2023	48850	0	0	2756
Jan 17, 2023	48850	0	0	0
Jan 18, 2023	48850	0	0	4944
Jan 19, 2023	48850	0	0	0
Jan 20, 2023	48850	0	0	4047
Jan 21, 2023	48850	0	0	3094
Jan 22, 2023	48850	0	0	2409
Jan 23, 2023	48850	0	0	2041
Jan 24, 2023	48850	0	0	2101
Jan 25, 2023	48850	0	0	1844
Jan 26, 2023	48850	0	0	1608
Jan 27, 2023	48850	0	0	1600
Jan 28, 2023	48850	0	0	2395
Jan 29, 2023	48850	0	0	1915
Jan 30, 2023	48850	0	0	1677
Jan 31, 2023	48850	0	0	1607
Feb 01, 2023	48850	0	0	1567
Feb 02, 2023	48850	0	0	1502
Feb 03, 2023	48850	0	0	1398
Feb 04, 2023	48850	0	0	2091
Feb 05, 2023	48850	0	0	1615
Feb 06, 2023	48850	0	0	1606
Feb 07, 2023	48850	0	21	1470
Feb 08, 2023	48871	0	0	3823
Feb 09, 2023	48871	0	0	0
Feb 10, 2023	48871	0	0	183
Feb 11, 2023	48871	0	0	2002
Feb 12, 2023	48871	0	32	1639
Feb 13, 2023	48903	0	0	1483
Feb 14, 2023	48903	0	0	1410
Feb 15, 2023	48903	0	0	1318
Feb 16, 2023	48903	0	0	0
Feb 17, 2023	48903	0	0	0
Feb 18, 2023	48903	0	0	4433
Feb 19, 2023	48903	0	0	0
Feb 20, 2023	48903	0	0	3173
Feb 21, 2023	48903	0	0	1585
Feb 22, 2023	48903	0	0	1674
Feb 23, 2023	48903	0	0	0
Feb 24, 2023	48903	0	0	3396
Feb 25, 2023	48903	0	0	2668
Feb 26, 2023	48903	0	0	2210
Feb 27, 2023	48903	0	0	2039
Feb 28, 2023	48903	0	0	2091
Mar 01, 2023	48903	0	0	1963
Mar 02, 2023	48903	0	0	0
Mar 03, 2023	48903	0	0	0
Mar 04, 2023	48903	0	0	7102
Mar 05, 2023	48903	0	0	2710
Mar 06, 2023	48903	0	0	2592
Mar 07, 2023	48903	0	61	2602
Mar 08, 2023	48964	0	0	2722
Mar 09, 2023	48964	0	0	0
Mar 10, 2023	48964	0	0	5428
Mar 11, 2023	48964	0	0	4092
Mar 12, 2023	48964	0	0	3657
Mar 13, 2023	48964	0	33	3426
Mar 14, 2023	48997	0	0	3676
Mar 15, 2023	48997	0	0	3819
Mar 16, 2023	48997	0	0	3535
Mar 17, 2023	48997	0	0	3596
Mar 18, 2023	48997	0	0	5249
Mar 19, 2023	48997	0	0	4031
Mar 20, 2023	48997	0	0	3712
Mar 21, 2023	48997	0	60	3546
Mar 22, 2023	49057	0	0	3237
Mar 23, 2023	49057	0	0	0
Mar 24, 2023	49057	0	0	5760
Mar 25, 2023	49057	0	0	4205
Mar 26, 2023	49057	0	0	0
Mar 27, 2023	49057	0	0	5627
Mar 28, 2023	49057	0	30	2524
Mar 29, 2023	49087	0	0	2180
Mar 30, 2023	49087	0	0	0
Mar 31, 2023	49087	0	0	0
Apr 01, 2023	49087	0	0	6226
Apr 02, 2023	49087	0	0	1850
Apr 03, 2023	49087	0	0	0
Apr 04, 2023	49087	0	0	2993
Apr 05, 2023	49087	0	0	1170
Apr 06, 2023	49087	0	0	1047
Apr 07, 2023	49087	0	0	1146
Apr 08, 2023	49087	0	0	1456
Apr 09, 2023	49087	0	0	0
Apr 10, 2023	49087	0	0	0
Apr 11, 2023	49087	0	31	0
Apr 12, 2023	49118	0	0	0
Apr 13, 2023	49118	0	0	4096
Apr 14, 2023	49118	0	0	788
Apr 15, 2023	49118	0	0	1201
Apr 16, 2023	49118	0	0	773
Apr 17, 2023	49118	0	0	597
Apr 18, 2023	49118	0	57	566
Apr 19, 2023	49175	0	0	561
Apr 20, 2023	49175	0	0	428
Apr 21, 2023	49175	0	0	0
Apr 22, 2023	49175	0	0	979
Apr 23, 2023	49175	0	0	0
Apr 24, 2023	49175	0	0	795
Apr 25, 2023	49175	0	0	383
Apr 26, 2023	49175	0	0	342
Apr 27, 2023	49175	0	0	0
Apr 28, 2023	49175	0	0	0
Apr 29, 2023	49175	0	0	0
Apr 30, 2023	49175	0	0	1276
May 01, 2023	49175	0	0	240
May 02, 2023	49175	0	0	175
May 03, 2023	49175	0	0	203
May 04, 2023	49175	0	0	134
May 05, 2023	49175	0	0	152
May 06, 2023	49175	0	0	180
May 07, 2023	49175	0	53	240
May 08, 2023	49228	0	0	141
May 09, 2023	49228	0	0	0
May 10, 2023	49228	0	0	305
May 11, 2023	49228	0	0	0
May 12, 2023	49228	0	0	255
May 13, 2023	49228	0	0	181
May 14, 2023	49228	0	0	0
May 15, 2023	49228	0	0	219
May 16, 2023	49228	0	0	97
May 17, 2023	49228	0	0	104
May 18, 2023	49228	0	0	0
May 19, 2023	49228	0	0	186
May 20, 2023	49228	0	0	123
May 21, 2023	49228	0	0	112
May 22, 2023	49228	0	0	63
May 23, 2023	49228	0	0	74
May 24, 2023	49228	0	0	77
May 25, 2023	49228	0	0	54
May 26, 2023	49228	0	0	64
May 27, 2023	49228	0	0	85
May 28, 2023	49228	0	0	66
May 29, 2023	49228	0	0	42
May 30, 2023	49228	0	0	68
May 31, 2023	49228	0	0	36
Jun 01, 2023	49228	0	0	43
Jun 02, 2023	49228	0	0	33
Jun 03, 2023	49228	0	0	60
Jun 04, 2023	49228	0	0	52
Jun 05, 2023	49228	0	0	34
Jun 06, 2023	49228	0	0	32
Jun 07, 2023	49228	0	0	42
Jun 08, 2023	49228	0	0	24
Jun 09, 2023	49228	0	0	27
Jun 10, 2023	49228	0	0	42
Jun 11, 2023	49228	0	0	31
Jun 12, 2023	49228	0	0	26
Jun 13, 2023	49228	0	0	22
Jun 14, 2023	49228	0	0	23
Jun 15, 2023	49228	0	0	24
Jun 16, 2023	49228	0	0	22
Jun 17, 2023	49228	0	0	51
Jun 18, 2023	49228	0	0	28
Jun 19, 2023	49228	0	0	38
Jun 20, 2023	49228	0	0	26
Jun 21, 2023	49228	0	0	27
Jun 22, 2023	49228	0	0	20
Jun 23, 2023	49228	0	0	20
Jun 24, 2023	49228	0	0	32
Jun 25, 2023	49228	0	0	17
Jun 26, 2023	49228	0	0	16
Jun 27, 2023	49228	0	0	19
Jun 28, 2023	49228	0	0	29
Jun 29, 2023	49228	0	0	25
Jun 30, 2023	49228	0	0	18
Jul 01, 2023	49228	0	0	26
Jul 02, 2023	49228	0	0	30
Jul 03, 2023	49228	0	0	15
Jul 04, 2023	49228	0	0	23
Jul 05, 2023	49228	0	0	19
Jul 06, 2023	49228	0	0	16
Jul 07, 2023	49228	0	0	0
Jul 08, 2023	49228	0	0	34
Jul 09, 2023	49228	0	0	0
Jul 10, 2023	49228	0	0	41
Jul 11, 2023	49228	0	0	18
Jul 12, 2023	49228	0	0	12
Jul 13, 2023	49228	0	0	24
Jul 14, 2023	49228	0	0	22
Jul 15, 2023	49228	0	0	38
Jul 16, 2023	49228	0	0	0
Jul 17, 2023	49228	0	0	32
Jul 18, 2023	49228	0	0	20
Jul 19, 2023	49228	0	0	22
Jul 20, 2023	49228	0	0	13
Jul 21, 2023	49228	0	0	21
Jul 22, 2023	49228	0	0	31
Jul 23, 2023	49228	0	0	29
Jul 24, 2023	49228	0	0	23
Jul 25, 2023	49228	0	0	28
Jul 26, 2023	49228	0	0	0
Jul 27, 2023	49228	0	0	55
Jul 28, 2023	49228	0	0	44
Jul 29, 2023	49228	0	0	55
Jul 30, 2023	49228	0	0	44
Jul 31, 2023	49228	0	0	36
Aug 01, 2023	49228	0	0	50
Aug 02, 2023	49228	0	0	44
Aug 03, 2023	49228	0	0	44
Aug 04, 2023	49228	0	0	43
Aug 05, 2023	49228	0	0	71
Aug 06, 2023	49228	0	0	50
Aug 07, 2023	49228	0	0	50
Aug 08, 2023	49228	0	0	0
Aug 09, 2023	49228	0	0	0
Aug 10, 2023	49228	0	0	0
Aug 11, 2023	49228	0	0	224
Aug 12, 2023	49228	0	0	0
Aug 13, 2023	49228	0	0	0
Aug 14, 2023	49228	0	0	188
Aug 15, 2023	49228	0	0	63
Aug 16, 2023	49228	0	0	69
Aug 17, 2023	49228	0	0	0
Aug 18, 2023	49228	0	0	104
Aug 19, 2023	49228	0	0	0
Aug 20, 2023	49228	0	0	0
Aug 21, 2023	49228	0	0	228
Aug 22, 2023	49228	0	0	0
Aug 23, 2023	49228	0	0	0
Aug 24, 2023	49228	0	0	215
Aug 25, 2023	49228	0	0	73
Aug 26, 2023	49228	0	0	0
Aug 27, 2023	49228	0	0	0
Aug 28, 2023	49228	0	0	0
Aug 29, 2023	49228	0	0	371
Aug 30, 2023	49228	0	0	0
Aug 31, 2023	49228	0	0	83
Sep 01, 2023	49228	0	0	0
Sep 02, 2023	49228	0	0	0
Sep 03, 2023	49228	0	0	0
Sep 04, 2023	49228	0	0	0
Sep 05, 2023	49228	0	0	0
Sep 06, 2023	49228	0	0	491
Sep 07, 2023	49228	0	0	0
Sep 08, 2023	49228	0	0	0
Sep 09, 2023	49228	0	0	0
Sep 10, 2023	49228	0	0	0
Sep 11, 2023	49228	0	0	0
Sep 12, 2023	49228	0	0	0
Sep 13, 2023	49228	0	0	0
Sep 14, 2023	49228	0	0	649
Sep 15, 2023	49228	0	0	0
Sep 16, 2023	49228	0	0	0
Sep 17, 2023	49228	0	0	0
Sep 18, 2023	49228	0	0	0
Sep 19, 2023	49228	0	0	0
Sep 20, 2023	49228	0	0	0
Sep 21, 2023	49228	0	0	790
Sep 22, 2023	49228	0	0	0
Sep 23, 2023	49228	0	0	0
Sep 24, 2023	49228	0	0	0
Sep 25, 2023	49228	0	0	0
Sep 26, 2023	49228	0	0	0
Sep 27, 2023	49228	0	0	0
Sep 28, 2023	49228	0	0	0
Sep 29, 2023	49228	0	0	0
Sep 30, 2023	49228	0	0	864
Oct 01, 2023	49228	0	0	0
Oct 02, 2023	49228	0	0	0
Oct 03, 2023	49228	0	0	0
Oct 04, 2023	49228	0	0	0
Oct 05, 2023	49228	0	0	0
Oct 06, 2023	49228	0	0	1354
Oct 07, 2023	49228	0	0	0
Oct 08, 2023	49228	0	0	0
Oct 09, 2023	49228	0	0	0
Oct 10, 2023	49228	0	0	0
Oct 11, 2023	49228	0	0	0
Oct 12, 2023	49228	0	0	0
Oct 13, 2023	49228	0	0	1774
Oct 14, 2023	49228	0	0	0
Oct 15, 2023	49228	0	0	0
Oct 16, 2023	49228	0	0	0
Oct 17, 2023	49228	0	0	0
Oct 18, 2023	49228	0	0	0
Oct 19, 2023	49228	0	0	0
Oct 20, 2023	49228	0	0	2091
Oct 21, 2023	49228	0	0	0
Oct 22, 2023	49228	0	0	0
Oct 23, 2023	49228	0	0	0
Oct 24, 2023	49228	0	0	0
Oct 25, 2023	49228	0	0	0
Oct 26, 2023	49228	0	0	0
Oct 27, 2023	49228	0	0	2952
Oct 28, 2023	49228	0	0	3418
Oct 29, 2023	49228	0	0	0
Oct 30, 2023	49228	0	0	0
Oct 31, 2023	49228	0	0	0
Nov 01, 2023	49228	0	0	0
Nov 02, 2023	49228	0	0	0
Nov 03, 2023	49228	0	0	0
Nov 04, 2023	49228	0	0	0
Nov 05, 2023	49228	0	0	0
Nov 06, 2023	49228	0	0	0
Nov 07, 2023	49228	0	0	0
Nov 08, 2023	49228	0	0	0
Nov 09, 2023	49228	0	0	0
Nov 10, 2023	49228	0	0	0
Nov 11, 2023	49228	0	0	3539
Nov 12, 2023	49228	0	0	8006
Nov 13, 2023	49228	0	0	0
Nov 14, 2023	49228	0	0	0
Nov 15, 2023	49228	0	0	0
Nov 16, 2023	49228	0	0	0
Nov 17, 2023	49228	0	0	0
Nov 18, 2023	49228	0	0	0
Nov 19, 2023	49228	0	0	0
Nov 20, 2023	49228	0	0	0
Nov 21, 2023	49228	0	0	0
Nov 22, 2023	49228	0	0	0
Nov 23, 2023	49228	0	0	0
Nov 24, 2023	49228	0	0	0
Nov 25, 2023	49228	0	0	0
Nov 26, 2023	49228	0	0	0
Nov 27, 2023	49228	0	0	0
Nov 28, 2023	49228	0	0	0
Nov 29, 2023	49228	0	0	0
Nov 30, 2023	49228	0	0	0
Dec 01, 2023	49228	0	0	0
Dec 02, 2023	49228	0	0	0
Dec 03, 2023	49228	0	0	0
Dec 04, 2023	49228	0	0	0
Dec 05, 2023	49228	0	0	0
Dec 06, 2023	49228	0	0	0
Dec 07, 2023	49228	0	0	0
Dec 08, 2023	49228	0	0	0
Dec 09, 2023	49228	0	0	0
Dec 10, 2023	49228	0	0	0
Dec 11, 2023	49228	0	0	0
Dec 12, 2023	49228	0	0	0
Dec 13, 2023	49228	0	0	0
Dec 14, 2023	49228	0	0	0
Dec 15, 2023	49228	0	0	0
Dec 16, 2023	49228	0	0	0
Dec 17, 2023	49228	0	0	0
Dec 18, 2023	49228	0	0	0
Dec 19, 2023	49228	0	0	0
Dec 20, 2023	49228	0	0	0
Dec 21, 2023	49228	0	0	0
Dec 22, 2023	49228	0	0	0
Dec 23, 2023	49228	0	0	0
Dec 24, 2023	49228	0	0	0
Dec 25, 2023	49228	0	0	0
Dec 26, 2023	49228	0	0	0
Dec 27, 2023	49228	0	0	0
Dec 28, 2023	49228	0	0	0
Dec 29, 2023	49228	0	0	0
Dec 30, 2023	49228	0	0	0
Dec 31, 2023	49228	0	0	0
Jan 01, 2024	49228	0	0	0
Jan 02, 2024	49228	0	0	0
Jan 03, 2024	49228	0	0	0
Jan 04, 2024	49228	0	0	0
Jan 05, 2024	49228	0	0	0
Jan 06, 2024	49228	0	0	0
Jan 07, 2024	49228	0	0	0
Jan 08, 2024	49228	0	0	0
Jan 09, 2024	49228	0	0	0
Jan 10, 2024	49228	0	0	0
Jan 11, 2024	49228	0	0	0
Jan 12, 2024	49228	0	0	0
Jan 13, 2024	49228	0	0	0
Jan 14, 2024	49228	0	0	0
Jan 15, 2024	49228	0	0	0
Jan 16, 2024	49228	0	0	0
Jan 17, 2024	49228	0	0	0
Jan 18, 2024	49228	0	0	0
Jan 19, 2024	49228	0	0	0
Jan 20, 2024	49228	0	0	0
Jan 21, 2024	49228	0	0	0
Jan 22, 2024	49228	0	0	0
Jan 23, 2024	49228	0	0	0
Jan 24, 2024	49228	0	0	0
Jan 25, 2024	49228	0	0	0
Jan 26, 2024	49228	0	0	0
Jan 27, 2024	49228	0	0	0
Jan 28, 2024	49228	0	0	0
Jan 29, 2024	49228	0	0	0
Jan 30, 2024	49228	0	0	0
Jan 31, 2024	49228	0	0	0
Feb 01, 2024	49228	0	0	0
Feb 02, 2024	49228	0	0	0
Feb 03, 2024	49228	0	0	0
Feb 04, 2024	49228	0	0	0
Feb 05, 2024	49228	0	0	0
Feb 06, 2024	49228	0	0	0
Feb 07, 2024	49228	0	0	0
Feb 08, 2024	49228	0	0	0
Feb 09, 2024	49228	0	0	0
Feb 10, 2024	49228	0	0	0
Feb 11, 2024	49228	0	0	0
Feb 12, 2024	49228	0	0	0
Feb 13, 2024	49228	0	0	0
Feb 14, 2024	49228	0	0	0
Feb 15, 2024	49228	0	0	0
Feb 16, 2024	49228	0	0	0
Feb 17, 2024	49228	0	0	0
Feb 18, 2024	49228	0	0	0
Feb 19, 2024	49228	0	0	0
Feb 20, 2024	49228	0	0	0
Feb 21, 2024	49228	0	0	0
Feb 22, 2024	49228	0	0	0
Feb 23, 2024	49228	0	0	0
Feb 24, 2024	49228	0	0	0
Feb 25, 2024	49228	0	0	0
Feb 26, 2024	49228	0	0	0
Feb 27, 2024	49228	0	0	0
Feb 28, 2024	49228	0	0	0
Feb 29, 2024	49228	0	0	0
Mar 01, 2024	49228	0	0	0
Mar 02, 2024	49228	0	0	0
Mar 03, 2024	49228	0	0	0
Mar 04, 2024	49228	0	0	0
Mar 05, 2024	49228	0	0	0
Mar 06, 2024	49228	0	0	0
Mar 07, 2024	49228	0	0	0
Mar 08, 2024	49228	0	0	0
Mar 09, 2024	49228	0	0	0
Mar 10, 2024	49228	0	0	0
Mar 11, 2024	49228	0	0	0
Mar 12, 2024	49228	0	0	0
Mar 13, 2024	49228	0	0	0
Mar 14, 2024	49228	0	0	0
Mar 15, 2024	49228	0	0	0
Mar 16, 2024	49228	0	0	0
Mar 17, 2024	49228	0	0	0
Mar 18, 2024	49228	0	0	0
Mar 19, 2024	49228	0	0	0
Mar 20, 2024	49228	NA	0	0
Mar 21, 2024	49228	NA	0	0
Mar 22, 2024	49228	NA	0	0
Mar 23, 2024	49228	NA	0	0
Mar 24, 2024	49228	NA	NA	NA
