Dates	Active	Deaths	Newcases	recover
Feb 15, 2020	0	0	0	0
Feb 16, 2020	0	0	1	0
Feb 17, 2020	0	0	0	0
Feb 18, 2020	0	0	1	0
Feb 19, 2020	0	0	1	1
Feb 20, 2020	0	0	1	0
Feb 21, 2020	0	0	0	0
Feb 22, 2020	0	0	0	0
Feb 23, 2020	0	0	0	0
Feb 24, 2020	0	0	0	4
Feb 25, 2020	0	0	0	0
Feb 26, 2020	0	0	0	0
Feb 27, 2020	0	0	0	0
Feb 28, 2020	0	0	2	0
Feb 29, 2020	0	0	0	0
Mar 01, 2020	0	0	5	0
Mar 02, 2020	0	0	0	6
Mar 03, 2020	0	0	2	0
Mar 04, 2020	0	0	1	1
Mar 05, 2020	0	0	0	0
Mar 06, 2020	0	0	0	0
Mar 07, 2020	0	0	1	0
Mar 08, 2020	0	0	0	0
Mar 09, 2020	0	0	0	0
Mar 10, 2020	0	0	0	2
Mar 11, 2020	0	0	0	2
Mar 12, 2020	0	1	0	0
Mar 13, 2020	0	0	1	1
Mar 14, 2020	0	0	0	0
Mar 15, 2020	0	0	0	0
Mar 16, 2020	0	0	0	0
Mar 17, 2020	0	0	1	16
Mar 18, 2020	0	0	0	3
Mar 19, 2020	1	0	0	0
Mar 20, 2020	1	0	0	0
Mar 21, 2020	2	0	0	41
Mar 22, 2020	2	0	0	30
Mar 23, 2020	3	0	0	0
Mar 24, 2020	4	0	0	0
Mar 25, 2020	5	0	0	50
Mar 26, 2020	5	0	0	0
Mar 27, 2020	5	0	0	0
Mar 28, 2020	5	0	0	72
Mar 29, 2020	5	0	0	0
Mar 30, 2020	5	0	0	99
Mar 31, 2020	5	0	0	0
Apr 01, 2020	5	0	0	234
Apr 02, 2020	7	0	0	0
Apr 03, 2020	7	0	0	0
Apr 04, 2020	12	0	0	483
Apr 05, 2020	12	0	0	1319
Apr 06, 2020	14	0	0	112
Apr 07, 2020	15	0	0	285
Apr 08, 2020	15	0	0	192
Apr 09, 2020	15	0	0	126
Apr 10, 2020	16	0	0	101
Apr 11, 2020	16	0	0	58
Apr 12, 2020	16	0	0	161
Apr 13, 2020	16	0	0	95
Apr 14, 2020	16	0	0	99
Apr 15, 2020	16	0	0	49
Apr 16, 2020	17	0	0	85
Apr 17, 2020	17	0	0	347
Apr 18, 2020	17	0	0	45
Apr 19, 2020	17	0	0	45
Apr 20, 2020	15	0	0	411
Apr 21, 2020	10	0	0	230
Apr 22, 2020	10	0	0	119
Apr 23, 2020	10	0	0	79
Apr 24, 2020	8	0	0	236
Apr 25, 2020	8	0	0	165
Apr 26, 2020	6	0	0	41
Apr 27, 2020	6	0	0	48
Apr 28, 2020	6	0	0	33
Apr 29, 2020	6	0	0	45
Apr 30, 2020	6	0	0	31
May 01, 2020	6	0	0	45
May 02, 2020	4	0	0	23
May 03, 2020	4	0	0	45
May 04, 2020	4	0	0	28
May 05, 2020	4	0	0	93
May 06, 2020	4	0	0	50
May 07, 2020	4	0	0	42
May 08, 2020	4	0	0	55
May 09, 2020	4	0	0	29
May 10, 2020	4	0	0	16
May 11, 2020	4	0	0	44
May 12, 2020	4	0	0	45
May 13, 2020	4	0	0	20
May 14, 2020	4	0	0	37
May 15, 2020	3	0	0	29
May 16, 2020	3	0	0	4
May 17, 2020	3	0	0	32
May 18, 2020	3	0	0	19
May 19, 2020	3	0	0	34
May 20, 2020	3	0	0	25
May 21, 2020	3	0	0	9
May 22, 2020	3	0	0	19
May 23, 2020	3	0	0	10
May 24, 2020	3	0	0	23
May 25, 2020	3	0	0	21
May 26, 2020	3	0	0	15
May 27, 2020	3	0	0	8
May 28, 2020	3	0	0	9
May 29, 2020	3	0	0	26
May 30, 2020	3	0	0	5
May 31, 2020	3	0	0	5
Jun 01, 2020	3	0	0	5
Jun 02, 2020	3	0	1	16
Jun 03, 2020	3	0	2	27
Jun 04, 2020	0	0	0	16
Jun 05, 2020	0	0	0	10
Jun 06, 2020	0	0	5	12
Jun 07, 2020	0	0	0	2
Jun 08, 2020	0	0	0	13
Jun 09, 2020	0	0	0	24
Jun 10, 2020	0	0	0	116
Jun 11, 2020	0	0	0	168
Jun 12, 2020	0	0	0	19
Jun 13, 2020	0	0	0	27
Jun 14, 2020	0	0	0	12
Jun 15, 2020	0	0	0	7
Jun 16, 2020	0	0	1	5
Jun 17, 2020	0	0	0	7
Jun 18, 2020	0	0	0	5
Jun 19, 2020	0	0	0	8
Jun 20, 2020	0	0	0	9
Jun 21, 2020	0	0	0	7
Jun 22, 2020	0	0	0	14
Jun 23, 2020	0	0	0	8
Jun 24, 2020	0	0	0	105
Jun 25, 2020	0	0	0	16
Jun 26, 2020	0	0	0	24
Jun 27, 2020	0	0	0	17
Jun 28, 2020	0	0	0	22
Jun 29, 2020	0	0	0	36
Jun 30, 2020	0	0	0	35
Jul 01, 2020	0	0	0	36
Jul 02, 2020	0	0	0	222
Jul 03, 2020	0	0	0	41
Jul 04, 2020	0	0	0	45
Jul 05, 2020	0	0	0	30
Jul 06, 2020	1	0	0	41
Jul 07, 2020	3	0	0	39
Jul 08, 2020	3	0	0	97
Jul 09, 2020	3	0	0	52
Jul 10, 2020	8	0	1	110
Jul 11, 2020	8	0	0	4
Jul 12, 2020	8	0	0	46
Jul 13, 2020	8	0	0	65
Jul 14, 2020	8	0	0	86
Jul 15, 2020	8	0	0	118
Jul 16, 2020	8	0	0	82
Jul 17, 2020	8	0	0	48
Jul 18, 2020	8	0	0	115
Jul 19, 2020	8	0	0	176
Jul 20, 2020	9	0	0	113
Jul 21, 2020	9	0	0	185
Jul 22, 2020	9	0	0	168
Jul 23, 2020	9	0	0	168
Jul 24, 2020	9	0	0	84
Jul 25, 2020	9	0	0	189
Jul 26, 2020	9	0	0	206
Jul 27, 2020	9	0	0	113
Jul 28, 2020	9	0	0	180
Jul 29, 2020	9	0	1	138
Jul 30, 2020	9	0	0	216
Jul 31, 2020	8	0	0	178
Aug 01, 2020	8	0	0	213
Aug 02, 2020	8	0	2	201
Aug 03, 2020	8	0	0	173
Aug 04, 2020	8	0	0	169
Aug 05, 2020	8	0	0	175
Aug 06, 2020	8	0	1	202
Aug 07, 2020	8	0	0	241
Aug 08, 2020	8	0	0	315
Aug 09, 2020	8	0	0	271
Aug 10, 2020	8	0	0	269
Aug 11, 2020	8	0	0	383
Aug 12, 2020	8	0	0	233
Aug 13, 2020	7	0	0	352
Aug 14, 2020	7	0	0	286
Aug 15, 2020	7	0	0	437
Aug 16, 2020	7	0	0	439
Aug 17, 2020	7	0	0	400
Aug 18, 2020	7	0	0	322
Aug 19, 2020	7	0	0	2472
Aug 20, 2020	7	0	0	600
Aug 21, 2020	7	0	0	297
Aug 22, 2020	7	0	0	474
Aug 23, 2020	4	0	0	371
Aug 24, 2020	4	0	0	218
Aug 25, 2020	4	0	0	295
Aug 26, 2020	4	0	0	279
Aug 27, 2020	3	0	0	278
Aug 28, 2020	3	0	0	221
Aug 29, 2020	3	0	0	258
Aug 30, 2020	3	0	0	247
Aug 31, 2020	3	0	0	163
Sep 01, 2020	4	0	0	201
Sep 02, 2020	4	0	0	229
Sep 03, 2020	4	0	0	266
Sep 04, 2020	4	0	0	161
Sep 05, 2020	5	0	0	149
Sep 06, 2020	5	0	0	136
Sep 07, 2020	5	0	0	132
Sep 08, 2020	5	0	0	145
Sep 09, 2020	6	0	0	174
Sep 10, 2020	6	0	0	184
Sep 11, 2020	6	0	0	116
Sep 12, 2020	6	0	0	125
Sep 13, 2020	6	0	0	114
Sep 14, 2020	6	0	0	81
Sep 15, 2020	6	0	0	80
Sep 16, 2020	6	0	0	69
Sep 17, 2020	4	0	1	74
Sep 18, 2020	4	0	0	110
Sep 19, 2020	4	0	0	102
Sep 20, 2020	4	0	0	100
Sep 21, 2020	4	0	0	70
Sep 22, 2020	2	0	0	111
Sep 23, 2020	2	0	0	35
Sep 24, 2020	2	0	0	66
Sep 25, 2020	2	0	0	55
Sep 26, 2020	2	0	1	68
Sep 27, 2020	2	0	0	49
Sep 28, 2020	2	0	0	156
Sep 29, 2020	2	0	0	9
Sep 30, 2020	2	0	0	12
Oct 01, 2020	2	0	0	28
Oct 02, 2020	2	0	0	29
Oct 03, 2020	2	0	0	8
Oct 04, 2020	2	0	0	17
Oct 05, 2020	2	0	0	15
Oct 06, 2020	2	0	0	22
Oct 07, 2020	2	0	0	4
Oct 08, 2020	2	0	1	19
Oct 09, 2020	2	0	0	15
Oct 10, 2020	2	0	0	17
Oct 11, 2020	2	0	0	17
Oct 12, 2020	2	0	0	7
Oct 13, 2020	0	0	0	10
Oct 14, 2020	0	0	0	13
Oct 15, 2020	0	0	0	25
Oct 16, 2020	0	0	0	8
Oct 17, 2020	0	0	0	24
Oct 18, 2020	0	0	0	22
Oct 19, 2020	0	0	0	15
Oct 20, 2020	0	0	0	21
Oct 21, 2020	1	0	0	21
Oct 22, 2020	1	0	3	31
Oct 23, 2020	1	0	0	24
Oct 24, 2020	1	0	0	21
Oct 25, 2020	1	0	0	9
Oct 26, 2020	1	0	0	12
Oct 27, 2020	1	0	4	6
Oct 28, 2020	0	0	0	8
Oct 29, 2020	0	0	0	30
Oct 30, 2020	1	0	0	15
Oct 31, 2020	1	0	2	22
Nov 01, 2020	1	0	0	18
Nov 02, 2020	1	0	0	15
Nov 03, 2020	1	0	0	21
Nov 04, 2020	1	0	0	7
Nov 05, 2020	1	0	0	14
Nov 06, 2020	1	0	0	13
Nov 07, 2020	1	0	2	15
Nov 08, 2020	1	0	0	13
Nov 09, 2020	1	0	0	8
Nov 10, 2020	1	0	0	5
Nov 11, 2020	1	0	0	7
Nov 12, 2020	1	0	0	8
Nov 13, 2020	1	0	0	12
Nov 14, 2020	1	0	0	12
Nov 15, 2020	1	0	0	11
Nov 16, 2020	1	0	0	7
Nov 17, 2020	1	0	0	6
Nov 18, 2020	1	0	0	10
Nov 19, 2020	1	1	0	10
Nov 20, 2020	1	0	0	8
Nov 21, 2020	0	0	0	13
Nov 22, 2020	0	0	0	4
Nov 23, 2020	0	0	0	8
Nov 24, 2020	0	0	0	17
Nov 25, 2020	3	0	0	22
Nov 26, 2020	3	1	3	10
Nov 27, 2020	3	0	0	17
Nov 28, 2020	3	0	0	7
Nov 29, 2020	3	0	0	7
Nov 30, 2020	7	0	0	14
Dec 01, 2020	7	0	0	15
Dec 02, 2020	7	0	0	14
Dec 03, 2020	7	0	4	14
Dec 04, 2020	9	0	0	7
Dec 05, 2020	9	0	0	11
Dec 06, 2020	9	0	0	7
Dec 07, 2020	9	0	0	11
Dec 08, 2020	7	0	0	8
Dec 09, 2020	7	0	0	11
Dec 10, 2020	7	0	0	8
Dec 11, 2020	6	0	0	11
Dec 12, 2020	6	0	0	16
Dec 13, 2020	6	0	0	10
Dec 14, 2020	6	0	2	7
Dec 15, 2020	6	0	0	9
Dec 16, 2020	6	0	0	7
Dec 17, 2020	4	0	0	15
Dec 18, 2020	2	0	0	6
Dec 19, 2020	2	0	0	7
Dec 20, 2020	2	0	0	12
Dec 21, 2020	2	0	0	13
Dec 22, 2020	0	0	0	6
Dec 23, 2020	0	0	0	8
Dec 24, 2020	0	0	0	9
Dec 25, 2020	0	0	0	11
Dec 26, 2020	0	0	0	12
Dec 27, 2020	0	0	0	22
Dec 28, 2020	0	0	0	34
Dec 29, 2020	0	1	0	43
Dec 30, 2020	3	0	0	26
Dec 31, 2020	3	1	1	21
Jan 01, 2021	3	0	0	19
Jan 02, 2021	3	0	0	24
Jan 03, 2021	3	1	0	14
Jan 04, 2021	3	0	0	21
Jan 05, 2021	3	2	0	15
Jan 06, 2021	7	4	0	25
Jan 07, 2021	7	0	0	13
Jan 08, 2021	7	1	0	31
Jan 09, 2021	7	1	0	24
Jan 10, 2021	4	0	0	22
Jan 11, 2021	4	2	0	42
Jan 12, 2021	4	4	0	13
Jan 13, 2021	4	0	0	21
Jan 14, 2021	4	3	0	19
Jan 15, 2021	4	1	0	13
Jan 16, 2021	4	2	0	10
Jan 17, 2021	0	3	0	25
Jan 18, 2021	0	3	0	12
Jan 19, 2021	0	6	0	12
Jan 20, 2021	0	3	0	19
Jan 21, 2021	0	6	1	19
Jan 22, 2021	0	3	0	17
Jan 23, 2021	0	1	2	8
Jan 24, 2021	0	3	0	7
Jan 25, 2021	0	4	0	24
Jan 26, 2021	0	2	0	19
Jan 27, 2021	0	10	0	13
Jan 28, 2021	0	5	4	9
Jan 29, 2021	0	7	0	10
Jan 30, 2021	0	5	0	10
Jan 31, 2021	0	13	0	5
Feb 01, 2021	0	16	0	6
Feb 02, 2021	0	12	3	5
Feb 03, 2021	1	21	0	11
Feb 04, 2021	1	16	0	3
Feb 05, 2021	1	11	0	5
Feb 06, 2021	1	5	0	8
Feb 07, 2021	1	9	0	7
Feb 08, 2021	1	10	0	6
Feb 09, 2021	1	11	0	5
Feb 10, 2021	0	12	0	7
Feb 11, 2021	0	10	0	6
Feb 12, 2021	0	5	0	5
Feb 13, 2021	0	7	1	9
Feb 14, 2021	0	2	0	4
Feb 15, 2021	0	14	0	6
Feb 16, 2021	0	7	0	2
Feb 17, 2021	0	11	0	7
Feb 18, 2021	0	11	0	3
Feb 19, 2021	0	8	0	11
Feb 20, 2021	0	6	0	6
Feb 21, 2021	0	3	0	10
Feb 22, 2021	0	18	0	5
Feb 23, 2021	0	10	0	6
Feb 24, 2021	1	13	0	2
Feb 25, 2021	1	7	0	5
Feb 26, 2021	3	15	0	6
Feb 27, 2021	3	8	0	1
Feb 28, 2021	3	3	0	6
Mar 01, 2021	3	23	0	2
Mar 02, 2021	3	12	0	6
Mar 03, 2021	7	9	0	4
Mar 04, 2021	7	8	0	7
Mar 05, 2021	7	11	0	2
Mar 06, 2021	6	2	1	8
Mar 07, 2021	6	5	0	11
Mar 08, 2021	7	6	0	7
Mar 09, 2021	7	9	0	5
Mar 10, 2021	7	6	0	5
Mar 11, 2021	7	9	0	11
Mar 12, 2021	4	11	0	10
Mar 13, 2021	4	0	0	11
Mar 14, 2021	4	0	4	14
Mar 15, 2021	4	10	0	9
Mar 16, 2021	4	7	2	7
Mar 17, 2021	4	8	3	9
Mar 18, 2021	1	1	1	15
Mar 19, 2021	1	3	8	13
Mar 20, 2021	1	0	0	16
Mar 21, 2021	1	0	1	12
Mar 22, 2021	1	12	4	10
Mar 23, 2021	1	5	12	5
Mar 24, 2021	1	3	6	13
Mar 25, 2021	1	5	2	7
Mar 26, 2021	1	1	5	17
Mar 27, 2021	1	1	1	12
Mar 28, 2021	1	0	2	15
Mar 29, 2021	1	3	0	10
Mar 30, 2021	1	1	2	5
Mar 31, 2021	1	1	0	9
Apr 01, 2021	1	4	4	6
Apr 02, 2021	1	22	4	7
Apr 03, 2021	1	0	7	10
Apr 04, 2021	1	0	0	10
Apr 05, 2021	1	0	3	11
Apr 06, 2021	1	4	1	6
Apr 07, 2021	1	0	12	18
Apr 08, 2021	1	4	9	20
Apr 09, 2021	2	1	4	11
Apr 10, 2021	2	6	1	15
Apr 11, 2021	2	0	2	14
Apr 12, 2021	2	2	4	7
Apr 13, 2021	2	29	2	3
Apr 14, 2021	2	3	4	13
Apr 15, 2021	2	0	0	7
Apr 16, 2021	2	7	12	13
Apr 17, 2021	5	1	5	5
Apr 18, 2021	5	1	11	6
Apr 19, 2021	7	1	24	8
Apr 20, 2021	10	4	8	6
Apr 21, 2021	11	9	21	17
Apr 22, 2021	19	2	27	18
Apr 23, 2021	19	4	28	14
Apr 24, 2021	20	0	46	18
Apr 25, 2021	24	0	18	15
Apr 26, 2021	36	0	28	21
Apr 27, 2021	42	0	32	14
Apr 28, 2021	44	10	35	24
Apr 29, 2021	49	0	35	16
Apr 30, 2021	50	0	28	19
May 01, 2021	49	0	35	24
May 02, 2021	49	0	33	37
May 03, 2021	51	0	83	19
May 04, 2021	44	0	64	8
May 05, 2021	39	0	94	29
May 06, 2021	42	0	35	30
May 07, 2021	49	10	39	24
May 08, 2021	37	0	48	30
May 09, 2021	38	0	46	22
May 10, 2021	36	0	105	11
May 11, 2021	48	0	88	14
May 12, 2021	52	0	116	15
May 13, 2021	52	0	121	11
May 14, 2021	53	1	90	13
May 15, 2021	55	0	115	21
May 16, 2021	49	0	150	11
May 17, 2021	51	0	166	9
May 18, 2021	55	0	126	10
May 19, 2021	49	0	180	15
May 20, 2021	57	0	270	7
May 21, 2021	62	0	308	9
May 22, 2021	69	0	215	8
May 23, 2021	92	0	266	2
May 24, 2021	99	1	262	10
May 25, 2021	108	0	241	8
May 26, 2021	127	4	312	3
May 27, 2021	151	0	274	10
May 28, 2021	195	0	431	3
May 29, 2021	213	0	404	6
May 30, 2021	238	0	386	3
May 31, 2021	267	15	522	4
Jun 01, 2021	302	0	352	7
Jun 02, 2021	323	0	636	8
Jun 03, 2021	349	0	791	11
Jun 04, 2021	378	1	721	18
Jun 05, 2021	407	0	860	15
Jun 06, 2021	490	0	506	10
Jun 07, 2021	517	0	485	10
Jun 08, 2021	607	0	873	15
Jun 09, 2021	627	0	647	8
Jun 10, 2021	659	0	634	12
Jun 11, 2021	685	1	1220	12
Jun 12, 2021	705	0	1405	7
Jun 13, 2021	802	0	1180	13
Jun 14, 2021	867	0	1043	8
Jun 15, 2021	950	0	784	17
Jun 16, 2021	1050	1	1054	19
Jun 17, 2021	1075	0	1091	10
Jun 18, 2021	1190	0	918	6
Jun 19, 2021	1319	0	468	15
Jun 20, 2021	1484	0	684	4
Jun 21, 2021	1551	0	626	8
Jun 22, 2021	1643	0	1285	11
Jun 23, 2021	1891	0	715	14
Jun 24, 2021	2182	0	1057	10
Jun 25, 2021	2374	0	1301	19
Jun 26, 2021	2578	0	1163	11
Jun 27, 2021	2823	0	1121	11
Jun 28, 2021	3036	0	632	9
Jun 29, 2021	3315	0	1100	9
Jun 30, 2021	3515	0	1220	25
Jul 01, 2021	3907	0	1187	10
Jul 02, 2021	4258	0	968	12
Jul 03, 2021	4511	0	752	30
Jul 04, 2021	4922	0	682	14
Jul 05, 2021	5193	0	657	34
Jul 06, 2021	5792	0	603	42
Jul 07, 2021	6543	0	264	30
Jul 08, 2021	7157	0	568	33
Jul 09, 2021	7952	0	398	47
Jul 10, 2021	8278	0	644	32
Jul 11, 2021	8598	0	314	40
Jul 12, 2021	9335	0	467	46
Jul 13, 2021	9750	0	350	23
Jul 14, 2021	10060	1	590	45
Jul 15, 2021	11062	0	653	29
Jul 16, 2021	11990	0	781	28
Jul 17, 2021	13006	2	485	42
Jul 18, 2021	13648	1	198	44
Jul 19, 2021	14291	3	303	62
Jul 20, 2021	14990	0	591	86
Jul 21, 2021	15743	2	302	118
Jul 22, 2021	16466	0	255	96
Jul 23, 2021	16131	1	423	106
Jul 24, 2021	16645	5	205	81
Jul 25, 2021	17020	0	258	113
Jul 26, 2021	18032	5	396	133
Jul 27, 2021	18608	0	184	125
Jul 28, 2021	19266	7	505	113
Jul 29, 2021	20312	0	290	110
Jul 30, 2021	21226	2	250	135
Jul 31, 2021	21830	10	253	153
Aug 01, 2021	22223	1	200	151
Aug 02, 2021	22720	16	156	168
Aug 03, 2021	22820	0	128	156
Aug 04, 2021	22792	7	160	156
Aug 05, 2021	23364	1	240	180
Aug 06, 2021	23840	17	179	194
Aug 07, 2021	24219	0	143	250
Aug 08, 2021	24287	2	143	172
Aug 09, 2021	24579	12	128	212
Aug 10, 2021	24576	0	127	245
Aug 11, 2021	24467	13	131	221
Aug 12, 2021	24155	0	146	212
Aug 13, 2021	24462	9	197	242
Aug 14, 2021	23781	0	132	286
Aug 15, 2021	24014	0	161	286
Aug 16, 2021	22691	5	79	346
Aug 17, 2021	21965	1	121	278
Aug 18, 2021	21521	8	118	286
Aug 19, 2021	21500	0	72	370
Aug 20, 2021	20826	2	177	352
Aug 21, 2021	20506	0	93	363
Aug 22, 2021	19336	0	161	401
Aug 23, 2021	19305	2	54	478
Aug 24, 2021	19168	1	52	431
Aug 25, 2021	19364	3	65	495
Aug 26, 2021	19548	0	81	468
Aug 27, 2021	19591	3	70	657
Aug 28, 2021	19413	1	107	721
Aug 29, 2021	19583	0	38	686
Aug 30, 2021	19757	1	34	861
Aug 31, 2021	19445	0	22	878
Sep 01, 2021	17421	3	49	860
Sep 02, 2021	16568	0	55	794
Sep 03, 2021	16655	1	58	947
Sep 04, 2021	16842	1	40	1079
Sep 05, 2021	16302	0	57	944
Sep 06, 2021	14731	2	16	1082
Sep 07, 2021	14446	0	36	1276
Sep 08, 2021	13936	0	0	1313
Sep 09, 2021	13707	0	113	1195
Sep 10, 2021	13756	7	38	1201
Sep 11, 2021	13210	0	14	1426
Sep 12, 2021	13165	0	85	1593
Sep 13, 2021	13277	1	39	1690
Sep 14, 2021	13303	0	22	1598
Sep 15, 2021	13231	0	38	1491
Sep 16, 2021	13343	0	25	1421
Sep 17, 2021	13220	1	21	1638
Sep 18, 2021	13371	0	47	1661
Sep 19, 2021	13368	0	22	1816
Sep 20, 2021	13355	0	15	1976
Sep 21, 2021	13356	0	14	1602
Sep 22, 2021	13396	0	35	1657
Sep 23, 2021	13399	0	16	1515
Sep 24, 2021	13427	0	34	1592
Sep 25, 2021	13498	0	28	1796
Sep 26, 2021	13453	0	22	1735
Sep 27, 2021	13486	0	8	1795
Sep 28, 2021	13326	0	9	1506
Sep 29, 2021	13347	0	17	1420
Sep 30, 2021	13314	0	12	1547
Oct 01, 2021	13346	0	17	1604
Oct 02, 2021	13363	0	21	1745
Oct 03, 2021	13316	0	0	1704
Oct 04, 2021	9396	0	0	1802
Oct 05, 2021	9379	0	51	1663
Oct 06, 2021	3385	0	27	1441
Oct 07, 2021	3417	0	31	1820
Oct 08, 2021	3201	0	16	1739
Oct 09, 2021	3210	0	25	2323
Oct 10, 2021	3164	0	0	1976
Oct 11, 2021	2965	0	0	2073
Oct 12, 2021	2965	0	32	2004
Oct 13, 2021	2815	0	7	1945
Oct 14, 2021	2825	0	7	2312
Oct 15, 2021	2811	0	0	1961
Oct 16, 2021	2896	0	10	2141
Oct 17, 2021	2836	0	0	2430
Oct 18, 2021	2831	0	7	2445
Oct 19, 2021	2828	0	8	2290
Oct 20, 2021	2821	0	0	2042
Oct 21, 2021	2826	0	6	1742
Oct 22, 2021	2408	0	8	1999
Oct 23, 2021	2430	0	12	2600
Oct 24, 2021	2445	0	4	2506
Oct 25, 2021	2395	0	8	2245
Oct 26, 2021	2304	0	0	2028
Oct 27, 2021	2258	0	14	2041
Oct 28, 2021	2132	0	12	1944
Oct 29, 2021	1953	0	9	2051
Oct 30, 2021	1975	0	2	2464
Oct 31, 2021	1932	0	3	2297
Nov 01, 2021	1641	0	6	1989
Nov 02, 2021	1570	0	10	2104
Nov 03, 2021	1557	0	3	1624
Nov 04, 2021	1555	0	2	1723
Nov 05, 2021	1523	0	5	1695
Nov 06, 2021	1523	0	5	2067
Nov 07, 2021	1523	0	7	1823
Nov 08, 2021	1507	0	5	1507
Nov 09, 2021	1519	0	4	1055
Nov 10, 2021	1389	0	5	1525
Nov 11, 2021	1390	0	6	1093
Nov 12, 2021	1397	0	7	1077
Nov 13, 2021	1397	0	12	1491
Nov 14, 2021	1397	0	20	1531
Nov 15, 2021	1280	0	3	1483
Nov 16, 2021	1141	0	5	1332
Nov 17, 2021	1116	0	7	1220
Nov 18, 2021	953	0	48	1245
Nov 19, 2021	928	0	40	1165
Nov 20, 2021	928	0	69	1506
Nov 21, 2021	915	0	20	1360
Nov 22, 2021	913	0	109	1406
Nov 23, 2021	887	0	79	1060
Nov 24, 2021	877	0	115	984
Nov 25, 2021	863	0	194	976
Nov 26, 2021	802	0	326	1188
Nov 27, 2021	806	0	223	1240
Nov 28, 2021	792	0	266	1456
Nov 29, 2021	768	0	687	1313
Nov 30, 2021	753	0	175	1422
Dec 01, 2021	753	0	268	1164
Dec 02, 2021	733	0	372	964
Dec 03, 2021	725	0	676	1403
Dec 04, 2021	728	0	320	1494
Dec 05, 2021	729	0	612	1572
Dec 06, 2021	735	0	499	1428
Dec 07, 2021	728	0	93	1194
Dec 08, 2021	724	0	438	1118
Dec 09, 2021	718	1	204	1066
Dec 10, 2021	718	0	443	1360
Dec 11, 2021	725	0	291	1657
Dec 12, 2021	730	0	193	1483
Dec 13, 2021	734	1	180	1639
Dec 14, 2021	734	0	187	1227
Dec 15, 2021	740	0	377	1231
Dec 16, 2021	722	0	347	1394
Dec 17, 2021	725	0	203	1649
Dec 18, 2021	745	0	219	1602
Dec 19, 2021	739	0	636	1681
Dec 20, 2021	744	0	81	1693
Dec 21, 2021	743	0	250	1493
Dec 22, 2021	787	0	183	1762
Dec 23, 2021	823	0	122	1947
Dec 24, 2021	892	0	126	2716
Dec 25, 2021	912	0	44	3313
Dec 26, 2021	1019	0	93	3689
Dec 27, 2021	1098	1	54	3917
Dec 28, 2021	1213	0	335	3818
Dec 29, 2021	1406	0	0	3834
Dec 30, 2021	1732	0	292	4386
Dec 31, 2021	1937	0	59	5541
Jan 01, 2022	2183	0	68	8387
Jan 02, 2022	2869	0	29	8797
Jan 03, 2022	3033	0	24	9675
Jan 04, 2022	3279	0	29	9152
Jan 05, 2022	3631	0	26	9768
Jan 06, 2022	4307	0	16	10945
Jan 07, 2022	4466	0	61	17645
Jan 08, 2022	5059	0	17	20645
Jan 09, 2022	5513	0	0	31922
Jan 10, 2022	5498	0	0	34232
Jan 11, 2022	5580	0	33	31298
Jan 12, 2022	5552	0	22	35975
Jan 13, 2022	5995	1	12	46354
Jan 14, 2022	5847	0	57	62662
Jan 15, 2022	5781	0	24	70145
Jan 16, 2022	5160	0	11	75577
Jan 17, 2022	3791	0	3	108375
Jan 18, 2022	3988	0	12	76590
Jan 19, 2022	4068	0	26	62791
Jan 20, 2022	3995	0	11	88307
Jan 21, 2022	3867	0	24	100825
Jan 22, 2022	4503	0	116	146610
Jan 23, 2022	3142	0	97	126495
Jan 24, 2022	3245	3	4	98437
Jan 25, 2022	3057	0	9	83726
Jan 26, 2022	2737	0	55	71758
Jan 27, 2022	1751	0	7	70758
Jan 28, 2022	1617	0	8	77315
Jan 29, 2022	1710	0	12	73544
Jan 30, 2022	1764	0	6	62744
Jan 31, 2022	2376	1	5	53561
Feb 01, 2022	2175	0	4	47591
Feb 02, 2022	2223	0	14	39498
Feb 03, 2022	1885	0	12	45495
Feb 04, 2022	1824	0	2	51071
Feb 05, 2022	1853	0	5	44317
Feb 06, 2022	1733	0	6	39854
Feb 07, 2022	1582	0	1	39602
Feb 08, 2022	1102	0	7	35802
Feb 09, 2022	1087	0	68	31401
Feb 10, 2022	1025	0	5	32392
Feb 11, 2022	1039	0	0	39736
Feb 12, 2022	1038	0	155	36284
Feb 13, 2022	1038	0	4	30785
Feb 14, 2022	978	3	9	28645
Feb 15, 2022	976	0	5	22820
Feb 16, 2022	936	0	0	22255
Feb 17, 2022	974	1	8	27080
Feb 18, 2022	986	0	36	29882
Feb 19, 2022	996	0	5	28342
Feb 20, 2022	989	0	5	28844
Feb 21, 2022	932	0	8	19087
Feb 22, 2022	958	0	5	22775
Feb 23, 2022	964	0	6	18912
Feb 24, 2022	988	1	4	23989
Feb 25, 2022	1077	0	8	28053
Feb 26, 2022	1174	0	5	26914
Feb 27, 2022	1178	0	3	24927
Feb 28, 2022	1168	0	2	21319
Mar 01, 2022	1223	0	39	16881
Mar 02, 2022	1130	0	5	16827
Mar 03, 2022	1096	0	5	23994
Mar 04, 2022	1027	0	20	26236
Mar 05, 2022	1033	0	1	25025
Mar 06, 2022	1038	0	6	23836
Mar 07, 2022	993	2	1	21514
Mar 08, 2022	997	0	0	17920
Mar 09, 2022	990	0	0	18578
Mar 10, 2022	992	0	3	24313
Mar 11, 2022	987	0	1	24554
Mar 12, 2022	993	0	6	34875
Mar 13, 2022	994	0	1	23848
Mar 14, 2022	982	1	3	22260
Mar 15, 2022	1050	0	0	19011
Mar 16, 2022	1044	0	9	21191
Mar 17, 2022	1044	0	2	42004
Mar 18, 2022	1022	0	4	32552
Mar 19, 2022	1026	0	2	37041
Mar 20, 2022	1027	0	2	33943
Mar 21, 2022	925	0	1	30719
Mar 22, 2022	925	0	2	28434
Mar 23, 2022	930	0	78	25670
Mar 24, 2022	966	0	12	33101
Mar 25, 2022	957	0	9	57074
Mar 26, 2022	962	0	6	50925
Mar 27, 2022	970	0	4	47363
Mar 28, 2022	943	0	0	45196
Mar 29, 2022	943	0	21	38890
Mar 30, 2022	942	0	4	39019
Mar 31, 2022	950	0	21	52277
Apr 01, 2022	950	0	9	60284
Apr 02, 2022	953	0	10	61470
Apr 03, 2022	955	0	9	57109
Apr 04, 2022	976	0	5	50583
Apr 05, 2022	981	0	2	45200
Apr 06, 2022	983	0	11	45662
Apr 07, 2022	1003	0	18	58597
Apr 08, 2022	997	0	10	65545
Apr 09, 2022	1003	0	9	58652
Apr 10, 2022	1004	0	0	62669
Apr 11, 2022	993	0	0	53158
Apr 12, 2022	993	0	39	46221
Apr 13, 2022	978	0	4	45385
Apr 14, 2022	979	0	8	56580
Apr 15, 2022	985	0	17	60343
Apr 16, 2022	986	0	32	62266
Apr 17, 2022	989	0	7	57435
Apr 18, 2022	979	0	15	47799
Apr 19, 2022	988	0	3	43747
Apr 20, 2022	985	0	11	41526
Apr 21, 2022	989	0	12	44725
Apr 22, 2022	991	0	20	51823
Apr 23, 2022	993	0	20	53877
Apr 24, 2022	987	0	14	46678
Apr 25, 2022	983	0	4	40462
Apr 26, 2022	1061	0	25	32256
Apr 27, 2022	1073	0	24	33299
Apr 28, 2022	1009	0	16	37545
Apr 29, 2022	1015	0	18	49911
Apr 30, 2022	1019	0	7	53084
May 01, 2022	1019	0	10	47628
May 02, 2022	1012	0	11	40590
May 03, 2022	1016	0	8	33778
May 04, 2022	1037	0	11	29866
May 05, 2022	1022	0	12	35343
May 06, 2022	1032	0	38	43493
May 07, 2022	1041	0	0	44881
May 08, 2022	1046	0	0	40572
May 09, 2022	1010	0	0	38153
May 10, 2022	1021	0	56	31615
May 11, 2022	1039	0	10	30405
May 12, 2022	1027	0	26	36665
May 13, 2022	1036	0	15	44712
May 14, 2022	1036	0	20	53372
May 15, 2022	1036	0	46	37074
May 16, 2022	1075	0	13	43678
May 17, 2022	1079	0	16	34288
May 18, 2022	1087	0	45	36710
May 19, 2022	1048	0	28	46606
May 20, 2022	1080	0	29	55504
May 21, 2022	1087	0	48	56078
May 22, 2022	1102	0	8	50671
May 23, 2022	1026	0	7	48573
May 24, 2022	1037	0	32	40950
May 25, 2022	1049	0	0	40654
May 26, 2022	1044	0	0	65793
May 27, 2022	1064	0	150	54690
May 28, 2022	1078	0	73	52861
May 29, 2022	1082	0	21	48571
May 30, 2022	1059	0	44	45320
May 31, 2022	1083	0	37	37444
Jun 01, 2022	1099	0	51	33064
Jun 02, 2022	1101	0	85	41559
Jun 03, 2022	1108	0	97	44525
Jun 04, 2022	1118	0	103	44754
Jun 05, 2022	1129	0	86	37904
Jun 06, 2022	1039	0	92	31880
Jun 07, 2022	1050	0	-10	25501
Jun 08, 2022	1062	0	83	26421
Jun 09, 2022	1070	0	164	32369
Jun 10, 2022	1070	0	73	33771
Jun 11, 2022	1070	0	97	34023
Jun 12, 2022	1070	0	71	30768
Jun 13, 2022	1104	0	41	26470
Jun 14, 2022	1114	0	59	21261
Jun 15, 2022	1140	0	0	17214
Jun 16, 2022	1050	0	0	30312
Jun 17, 2022	1070	0	212	32251
Jun 18, 2022	1116	0	75	31849
Jun 19, 2022	1130	0	38	29186
Jun 20, 2022	1121	0	43	22238
Jun 21, 2022	1166	0	1	20242
Jun 22, 2022	1193	0	94	18981
Jun 23, 2022	1127	0	63	24860
Jun 24, 2022	1175	0	53	30103
Jun 25, 2022	1183	0	53	31451
Jun 26, 2022	1190	0	14	29294
Jun 27, 2022	1106	0	1	26130
Jun 28, 2022	1106	0	42	21467
Jun 29, 2022	1106	0	60	19603
Jun 30, 2022	1152	0	59	30670
Jul 01, 2022	1225	0	20	31837
Jul 02, 2022	1246	0	14	31289
Jul 03, 2022	1290	0	36	30069
Jul 04, 2022	1168	0	10	27199
Jul 05, 2022	1219	0	3	22967
Jul 06, 2022	1304	0	35	23257
Jul 07, 2022	1304	0	2	26975
Jul 08, 2022	1407	3	19	37600
Jul 09, 2022	1493	0	27	33506
Jul 10, 2022	1585	0	13	33976
Jul 11, 2022	1534	0	4	31751
Jul 12, 2022	1617	0	1	29416
Jul 13, 2022	1781	0	32	28782
Jul 14, 2022	1518	0	20	35513
Jul 15, 2022	1615	0	9	42211
Jul 16, 2022	1686	0	9	41940
Jul 17, 2022	1727	0	27	40536
Jul 18, 2022	1737	0	0	36083
Jul 19, 2022	1737	0	16	30475
Jul 20, 2022	1737	0	13	31175
Jul 21, 2022	1376	2	11	40085
Jul 22, 2022	1451	0	12	42950
Jul 23, 2022	1489	0	12	45898
Jul 24, 2022	1532	0	4	42079
Jul 25, 2022	1467	0	1	38225
Jul 26, 2022	1561	0	20	36795
Jul 27, 2022	1624	0	0	37928
Jul 28, 2022	1375	0	0	48980
Jul 29, 2022	1428	0	24	47516
Jul 30, 2022	1442	0	11	53470
Jul 31, 2022	1443	0	3	51799
Aug 01, 2022	1248	0	0	43585
Aug 02, 2022	1308	0	3	36613
Aug 03, 2022	1367	0	0	35431
Aug 04, 2022	1197	0	6	45294
Aug 05, 2022	1211	0	7	48156
Aug 06, 2022	1247	0	0	45048
Aug 07, 2022	1257	0	0	44015
Aug 08, 2022	1208	0	0	48631
Aug 09, 2022	1243	0	0	29356
Aug 10, 2022	1245	0	0	32067
Aug 11, 2022	1110	0	0	34427
Aug 12, 2022	1137	0	16	39775
Aug 13, 2022	1150	0	0	36258
Aug 14, 2022	1154	0	0	31678
Aug 15, 2022	1117	0	0	27640
Aug 16, 2022	1149	0	0	19836
Aug 17, 2022	1169	0	0	21468
Aug 18, 2022	1111	0	0	25743
Aug 19, 2022	1120	0	11	26502
Aug 20, 2022	1147	0	0	24523
Aug 21, 2022	1147	0	0	22330
Aug 22, 2022	1129	0	0	19485
Aug 23, 2022	1142	0	0	15199
Aug 24, 2022	1153	0	0	14015
Aug 25, 2022	1104	0	0	19266
Aug 26, 2022	1116	0	8	20060
Aug 27, 2022	1120	0	0	19173
Aug 28, 2022	1121	0	0	16483
Aug 29, 2022	1117	0	0	14617
Aug 30, 2022	1117	0	0	9753
Aug 31, 2022	1117	0	0	11175
Sep 01, 2022	1107	0	0	9171
Sep 02, 2022	1118	0	2	14899
Sep 03, 2022	1121	0	0	13587
Sep 04, 2022	1121	0	0	13003
Sep 05, 2022	1114	0	0	10946
Sep 06, 2022	1114	0	0	8943
Sep 07, 2022	1120	0	0	8379
Sep 08, 2022	1072	0	0	11602
Sep 09, 2022	1072	0	4	12872
Sep 10, 2022	1072	0	0	11396
Sep 11, 2022	1072	0	0	9128
Sep 12, 2022	1072	0	0	8406
Sep 13, 2022	1072	0	0	5661
Sep 14, 2022	1072	0	0	8747
Sep 15, 2022	1071	0	0	8781
Sep 16, 2022	1071	0	9	9635
Sep 17, 2022	1071	0	0	8389
Sep 18, 2022	1071	0	0	7927
Sep 19, 2022	1071	0	0	1652
Sep 20, 2022	1071	0	0	1323
Sep 21, 2022	1071	0	0	4241
Sep 22, 2022	1066	0	7	1646
Sep 23, 2022	1066	0	0	1780
Sep 24, 2022	1066	0	0	5028
Sep 25, 2022	1066	0	0	27013
Sep 26, 2022	1066	0	0	1350
Sep 27, 2022	1066	0	0	1059
Sep 28, 2022	1066	0	0	1093
Sep 29, 2022	1062	0	0	1544
Sep 30, 2022	1062	0	6	1511
Oct 01, 2022	1062	0	0	1433
Oct 02, 2022	1062	0	0	35370
Oct 03, 2022	1062	0	0	5390
Oct 04, 2022	1062	0	0	5390
Oct 05, 2022	1062	0	0	5390
Oct 06, 2022	1061	0	0	5366
Oct 07, 2022	1061	0	17	5384
Oct 08, 2022	1061	0	0	5395
Oct 09, 2022	1061	0	0	5396
Oct 10, 2022	1061	0	0	3082
Oct 11, 2022	1061	0	0	4392
Oct 12, 2022	1061	0	0	4391
Oct 13, 2022	1063	0	0	4393
Oct 14, 2022	1063	0	20	4394
Oct 15, 2022	1063	0	0	4394
Oct 16, 2022	1063	0	0	8828
Oct 17, 2022	1063	0	0	5523
Oct 18, 2022	1063	0	0	4351
Oct 19, 2022	1063	0	0	4352
Oct 20, 2022	1068	0	0	4354
Oct 21, 2022	1068	0	68	4347
Oct 22, 2022	1068	0	0	4351
Oct 23, 2022	1068	0	0	4346
Oct 24, 2022	1068	0	0	5584
Oct 25, 2022	1068	0	0	4696
Oct 26, 2022	1075	0	0	4355
Oct 27, 2022	1063	0	0	4522
Oct 28, 2022	1063	0	76	4527
Oct 29, 2022	1063	0	0	4527
Oct 30, 2022	1063	0	0	4527
Oct 31, 2022	1063	0	0	4584
Nov 01, 2022	1063	0	0	4584
Nov 02, 2022	1063	0	0	4584
Nov 03, 2022	1065	0	0	4534
Nov 04, 2022	1065	0	0	4582
Nov 05, 2022	1065	0	0	4582
Nov 06, 2022	1065	0	0	4851
Nov 07, 2022	1065	0	0	4147
Nov 08, 2022	1065	0	0	4147
Nov 09, 2022	1065	0	0	4147
Nov 10, 2022	1074	0	0	4148
Nov 11, 2022	1074	0	0	4143
Nov 12, 2022	1074	0	0	4144
Nov 13, 2022	1074	0	174	15183
Nov 14, 2022	1074	0	0	8147
Nov 15, 2022	1074	0	0	8147
Nov 16, 2022	1074	0	0	8148
Nov 17, 2022	1078	0	0	8149
Nov 18, 2022	1078	0	0	8145
Nov 19, 2022	1078	0	77	8146
Nov 20, 2022	1078	0	0	10212
Nov 21, 2022	1078	0	0	10611
Nov 22, 2022	1078	0	0	10610
Nov 23, 2022	1078	0	0	10611
Nov 24, 2022	1057	0	0	10610
Nov 25, 2022	1057	0	48	10612
Nov 26, 2022	1057	0	0	10612
Nov 27, 2022	1057	0	0	10615
Nov 28, 2022	1057	0	0	11677
Nov 29, 2022	1057	0	0	11678
Nov 30, 2022	1057	0	0	11678
Dec 01, 2022	1049	0	0	11655
Dec 02, 2022	1049	0	21	11662
Dec 03, 2022	1049	0	0	11663
Dec 04, 2022	1049	0	0	11662
Dec 05, 2022	1049	0	0	14313
Dec 06, 2022	1049	0	0	14313
Dec 07, 2022	1049	0	0	14313
Dec 08, 2022	1049	0	0	14310
Dec 09, 2022	1049	0	22	14314
Dec 10, 2022	1049	0	0	14312
Dec 11, 2022	1049	0	0	18159
Dec 12, 2022	1049	0	0	14778
Dec 13, 2022	1049	0	0	14779
Dec 14, 2022	1049	0	0	14779
Dec 15, 2022	1049	0	0	14770
Dec 16, 2022	1049	0	15	14777
Dec 17, 2022	1166	0	0	14776
Dec 18, 2022	1166	0	0	18091
Dec 19, 2022	1166	0	0	12172
Dec 20, 2022	1166	0	0	15485
Dec 21, 2022	1166	0	0	15485
Dec 22, 2022	1166	0	0	15484
Dec 23, 2022	1181	1	12	15506
Dec 24, 2022	1181	0	0	15504
Dec 25, 2022	1181	0	0	19478
Dec 26, 2022	1181	0	0	14142
Dec 27, 2022	1181	0	0	14141
Dec 28, 2022	1181	0	0	14142
Dec 29, 2022	1174	0	0	14142
Dec 30, 2022	1174	1	28	14118
Dec 31, 2022	1174	0	0	14117
Jan 01, 2023	1174	0	0	18080
Jan 02, 2023	1174	0	0	4375
Jan 03, 2023	1174	0	0	8336
Jan 04, 2023	1174	0	0	8336
Jan 05, 2023	1158	0	0	8337
Jan 06, 2023	1158	0	16	8318
Jan 07, 2023	1158	0	0	8317
Jan 08, 2023	1158	0	0	8318
Jan 09, 2023	1158	0	0	10674
Jan 10, 2023	1158	0	0	10674
Jan 11, 2023	1158	0	0	10675
Jan 12, 2023	1158	0	0	10674
Jan 13, 2023	1158	0	12	10689
Jan 14, 2023	1158	0	0	10688
Jan 15, 2023	1158	0	0	10688
Jan 16, 2023	1158	0	0	5779
Jan 17, 2023	1158	0	0	5777
Jan 18, 2023	1158	0	0	5779
Jan 19, 2023	1155	0	0	5707
Jan 20, 2023	1155	0	0	5811
Jan 21, 2023	1155	0	0	5739
Jan 22, 2023	1155	0	13	5740
Jan 23, 2023	1155	0	0	2391
Jan 24, 2023	1155	0	0	2389
Jan 25, 2023	1155	0	0	2389
Jan 26, 2023	1157	0	0	2369
Jan 27, 2023	1157	0	8	2459
Jan 28, 2023	1157	0	0	2439
Jan 29, 2023	1157	0	0	11265
Jan 30, 2023	1157	0	0	2532
Jan 31, 2023	1157	0	0	2533
Feb 01, 2023	1157	0	0	2533
Feb 02, 2023	1171	0	0	2534
Feb 03, 2023	1171	0	1	2531
Feb 04, 2023	1171	0	0	2532
Feb 05, 2023	1171	0	0	5174
Feb 06, 2023	1171	0	0	126
Feb 07, 2023	1171	0	0	2769
Feb 08, 2023	1171	0	0	2770
Feb 09, 2023	1155	0	0	2770
Feb 10, 2023	1155	0	6	2778
Feb 11, 2023	1155	0	0	2778
Feb 12, 2023	1155	0	0	2778
Feb 13, 2023	1155	0	0	2398
Feb 14, 2023	1155	0	0	2377
Feb 15, 2023	1155	0	0	2404
Feb 16, 2023	1162	0	0	2402
Feb 17, 2023	1162	0	7	2414
Feb 18, 2023	1162	0	0	2406
Feb 19, 2023	1162	0	0	2404
Feb 20, 2023	1162	0	0	2102
Feb 21, 2023	1162	0	0	2102
Feb 22, 2023	1162	0	0	2102
Feb 23, 2023	1162	0	0	2103
Feb 24, 2023	1162	0	0	4080
Feb 25, 2023	1156	0	3	2304
Feb 26, 2023	1156	0	0	1967
Feb 27, 2023	1156	0	0	837
Feb 28, 2023	1156	0	0	2871
Mar 01, 2023	1156	0	0	2870
Mar 02, 2023	1154	0	0	2870
Mar 03, 2023	1154	0	3	2864
Mar 04, 2023	1154	0	0	2864
Mar 05, 2023	1154	0	0	2864
Mar 06, 2023	1154	0	0	2645
Mar 07, 2023	1154	0	0	2645
Mar 08, 2023	1154	0	0	2645
Mar 09, 2023	1009	0	0	2646
Mar 10, 2023	1009	0	1	2649
Mar 11, 2023	1009	0	0	2650
Mar 12, 2023	1009	0	0	2650
Mar 13, 2023	1009	0	0	2787
Mar 14, 2023	1009	0	0	2786
Mar 15, 2023	1009	0	0	2786
Mar 16, 2023	1009	0	0	2786
Mar 17, 2023	1009	0	0	2790
Mar 18, 2023	1009	0	0	2790
Mar 19, 2023	1009	0	0	2790
Mar 20, 2023	1009	0	0	3138
Mar 21, 2023	1009	0	0	3138
Mar 22, 2023	1009	0	0	3138
Mar 23, 2023	1014	0	0	3138
Mar 24, 2023	1014	0	0	3134
Mar 25, 2023	1014	0	3	3135
Mar 26, 2023	1014	0	0	3133
Mar 27, 2023	1014	0	0	3311
Mar 28, 2023	1014	0	0	3312
Mar 29, 2023	1014	0	0	3312
Mar 30, 2023	1014	0	0	3311
Mar 31, 2023	1017	0	0	3314
Apr 01, 2023	1017	0	0	3315
Apr 02, 2023	1017	0	0	3314
Apr 03, 2023	1017	0	0	3730
Apr 04, 2023	1017	0	0	3731
Apr 05, 2023	1017	0	0	3730
Apr 06, 2023	1012	0	0	3731
Apr 07, 2023	1012	0	0	3724
Apr 08, 2023	1012	0	0	3726
Apr 09, 2023	1012	0	0	3724
Apr 10, 2023	1012	0	0	3528
Apr 11, 2023	1012	0	0	3527
Apr 12, 2023	1012	0	0	3528
Apr 13, 2023	1009	0	0	3526
Apr 14, 2023	1009	0	0	3529
Apr 15, 2023	1009	0	0	3529
Apr 16, 2023	1009	0	0	3529
Apr 17, 2023	1009	0	0	4051
Apr 18, 2023	1009	0	0	4052
Apr 19, 2023	1009	0	0	4051
Apr 20, 2023	1009	0	0	4051
Apr 21, 2023	1009	0	0	4049
Apr 22, 2023	1009	0	0	4050
Apr 23, 2023	1009	0	0	4049
Apr 24, 2023	1009	0	0	4137
Apr 25, 2023	1009	0	0	4135
Apr 26, 2023	1009	0	0	4136
Apr 27, 2023	1009	0	0	4135
Apr 28, 2023	1009	0	0	4133
Apr 29, 2023	1009	0	0	4133
Apr 30, 2023	1009	0	0	4133
May 01, 2023	1009	0	0	4294
May 02, 2023	1009	0	0	4295
May 03, 2023	1009	0	0	4295
May 04, 2023	1009	0	0	4294
May 05, 2023	1009	0	0	4293
May 06, 2023	1009	0	108	4294
May 07, 2023	1009	0	0	4293
May 08, 2023	1009	0	0	4252
May 09, 2023	1009	0	0	4251
May 10, 2023	1009	0	0	4252
May 11, 2023	1009	0	0	4251
May 12, 2023	1009	0	0	4258
May 13, 2023	1009	0	43	4258
May 14, 2023	1009	0	0	4258
May 15, 2023	1009	0	0	4634
May 16, 2023	1009	0	0	4635
May 17, 2023	1009	0	0	4635
May 18, 2023	1009	0	0	4634
May 19, 2023	1009	0	0	4617
May 20, 2023	1009	0	0	4617
May 21, 2023	1009	0	0	4617
May 22, 2023	1009	0	0	5415
May 23, 2023	1009	0	0	5414
May 24, 2023	1009	0	0	5414
May 25, 2023	1009	0	0	5414
May 26, 2023	1009	0	45	5421
May 27, 2023	1009	0	0	5420
May 28, 2023	1009	0	0	5421
May 29, 2023	1009	0	0	5805
May 30, 2023	1009	0	0	5806
May 31, 2023	1009	0	0	5806
Jun 01, 2023	1009	0	0	5807
Jun 02, 2023	1009	0	0	5803
Jun 03, 2023	1009	0	0	5803
Jun 04, 2023	1009	0	0	5803
Jun 05, 2023	1009	0	0	5191
Jun 06, 2023	1009	0	0	5191
Jun 07, 2023	1009	0	0	5191
Jun 08, 2023	1009	0	0	5192
Jun 09, 2023	1046	0	0	5190
Jun 10, 2023	1046	0	0	5189
Jun 11, 2023	1046	0	0	5190
Jun 12, 2023	1046	0	0	4301
Jun 13, 2023	1046	0	0	4302
Jun 14, 2023	1046	0	0	4300
Jun 15, 2023	1046	0	0	4301
Jun 16, 2023	1033	0	0	4310
Jun 17, 2023	1033	0	0	4310
Jun 18, 2023	1033	0	0	4310
Jun 19, 2023	1033	0	0	2751
Jun 20, 2023	1033	0	0	2751
Jun 21, 2023	1033	0	0	2750
Jun 22, 2023	1033	0	0	2750
Jun 23, 2023	1033	0	0	2742
Jun 24, 2023	1033	0	0	2741
Jun 25, 2023	1033	0	0	2742
Jun 26, 2023	1033	0	0	2407
Jun 27, 2023	1033	0	0	2407
Jun 28, 2023	1033	0	0	2406
Jun 29, 2023	1006	0	0	2407
Jun 30, 2023	1006	0	0	2417
Jul 01, 2023	1006	0	0	2418
Jul 02, 2023	1006	0	0	2418
Jul 03, 2023	1006	0	0	1464
Jul 04, 2023	1006	0	0	1463
Jul 05, 2023	1006	0	0	1464
Jul 06, 2023	1006	0	0	1462
Jul 07, 2023	1006	0	0	1466
Jul 08, 2023	1006	0	0	1466
Jul 09, 2023	1006	0	0	1466
Jul 10, 2023	1006	0	0	1948
Jul 11, 2023	1006	0	0	1948
Jul 12, 2023	1006	0	0	1949
Jul 13, 2023	1006	0	0	1948
Jul 14, 2023	1006	0	0	1951
Jul 15, 2023	1006	0	0	1950
Jul 16, 2023	1006	0	0	1951
Jul 17, 2023	1006	0	0	530
Jul 18, 2023	1006	0	0	530
Jul 19, 2023	1006	0	0	529
Jul 20, 2023	1006	0	0	529
Jul 21, 2023	1006	0	0	519
Jul 22, 2023	1006	0	0	520
Jul 23, 2023	1006	0	0	519
Jul 24, 2023	1006	0	0	948
Jul 25, 2023	1006	0	0	947
Jul 26, 2023	1006	0	0	948
Jul 27, 2023	1006	0	0	947
Jul 28, 2023	1006	0	0	967
Jul 29, 2023	1006	0	0	965
Jul 30, 2023	1006	0	0	967
Jul 31, 2023	1006	0	0	856
Aug 01, 2023	1006	0	0	855
Aug 02, 2023	1006	0	0	855
Aug 03, 2023	1006	0	0	856
Aug 04, 2023	1006	0	0	846
Aug 05, 2023	1006	0	0	845
Aug 06, 2023	1006	0	0	846
Aug 07, 2023	1006	0	0	708
Aug 08, 2023	1006	0	0	707
Aug 09, 2023	1006	0	0	707
Aug 10, 2023	1006	0	0	707
Aug 11, 2023	1006	0	0	715
Aug 12, 2023	1006	0	0	716
Aug 13, 2023	1006	0	0	715
Aug 14, 2023	1006	0	0	179
Aug 15, 2023	1006	0	0	177
Aug 16, 2023	1006	0	0	179
Aug 17, 2023	1006	0	0	177
Aug 18, 2023	1006	0	0	175
Aug 19, 2023	1006	0	0	174
Aug 20, 2023	1006	0	0	175
Aug 21, 2023	1006	0	0	735
Aug 22, 2023	1006	0	0	735
Aug 23, 2023	1006	0	0	734
Aug 24, 2023	1006	0	0	734
Aug 25, 2023	1006	0	0	735
Aug 26, 2023	1006	0	0	735
Aug 27, 2023	1006	0	0	735
Aug 28, 2023	1006	0	0	622
Aug 29, 2023	1006	0	0	621
Aug 30, 2023	1006	0	0	621
Aug 31, 2023	1006	0	0	622
Sep 01, 2023	1006	0	0	625
Sep 02, 2023	1006	0	0	624
Sep 03, 2023	1006	0	0	625
Sep 04, 2023	1006	0	0	821
Sep 05, 2023	1006	0	0	820
Sep 06, 2023	1006	0	0	820
Sep 07, 2023	1006	0	0	819
Sep 08, 2023	1006	0	0	820
Sep 09, 2023	1006	0	0	821
Sep 10, 2023	1006	0	0	820
Sep 11, 2023	1006	0	0	733
Sep 12, 2023	1006	0	0	732
Sep 13, 2023	1006	0	0	734
Sep 14, 2023	1006	0	0	733
Sep 15, 2023	1006	0	0	735
Sep 16, 2023	1006	0	0	734
Sep 17, 2023	1006	0	0	735
Sep 18, 2023	1006	0	0	778
Sep 19, 2023	1006	0	0	778
Sep 20, 2023	1006	0	0	777
Sep 21, 2023	1006	0	0	777
Sep 22, 2023	1006	0	0	773
Sep 23, 2023	1006	0	0	774
Sep 24, 2023	1006	0	0	773
Sep 25, 2023	1006	0	0	604
Sep 26, 2023	1006	0	0	604
Sep 27, 2023	1006	0	0	604
Sep 28, 2023	1006	0	0	603
Sep 29, 2023	1006	0	0	605
Sep 30, 2023	1006	0	0	606
Oct 01, 2023	1006	0	0	606
Oct 02, 2023	1006	0	0	788
Oct 03, 2023	1006	0	0	788
Oct 04, 2023	1006	0	0	788
Oct 05, 2023	1006	0	0	788
Oct 06, 2023	1006	0	0	789
Oct 07, 2023	1006	0	0	789
Oct 08, 2023	1006	0	0	789
Oct 09, 2023	1006	NA	0	340
Oct 10, 2023	1006	NA	0	340
Oct 11, 2023	1006	NA	0	340
Oct 12, 2023	1006	NA	0	340
Oct 13, 2023	1006	NA	0	338
Oct 14, 2023	1006	NA	0	338
Oct 15, 2023	1006	NA	0	338
Oct 16, 2023	1006	NA	0	694
Oct 17, 2023	1006	NA	0	694
Oct 18, 2023	1006	NA	0	694
Oct 19, 2023	1006	NA	0	695
Oct 20, 2023	1006	NA	0	696
Oct 21, 2023	1006	NA	0	696
Oct 22, 2023	1006	NA	0	696
Oct 23, 2023	1006	NA	0	761
Oct 24, 2023	1006	NA	0	760
Oct 25, 2023	1006	NA	0	761
Oct 26, 2023	1006	NA	0	762
Oct 27, 2023	1006	NA	0	760
Oct 28, 2023	1006	NA	0	759
Oct 29, 2023	1006	NA	0	760
Oct 30, 2023	1006	NA	0	968
Oct 31, 2023	1006	NA	0	969
Nov 01, 2023	1006	NA	0	968
Nov 02, 2023	1006	NA	0	969
Nov 03, 2023	1006	NA	0	966
Nov 04, 2023	1006	NA	0	967
Nov 05, 2023	1006	NA	0	1378
Nov 06, 2023	1006	NA	0	405
Nov 07, 2023	1006	NA	0	404
Nov 08, 2023	1006	NA	0	404
Nov 09, 2023	1006	NA	0	404
Nov 10, 2023	1006	NA	0	404
Nov 11, 2023	1006	NA	0	403
Nov 12, 2023	1006	NA	0	487
Nov 13, 2023	1006	NA	0	487
Nov 14, 2023	1006	NA	0	486
Nov 15, 2023	1006	NA	0	487
Nov 16, 2023	1006	NA	0	487
Nov 17, 2023	1006	NA	0	487
Nov 18, 2023	1006	NA	0	487
Nov 19, 2023	1006	NA	0	487
Nov 20, 2023	1006	NA	0	1598
Nov 21, 2023	1006	NA	0	631
Nov 22, 2023	1006	NA	0	811
Nov 23, 2023	1006	NA	0	1939
Nov 24, 2023	1006	NA	0	1856
Nov 25, 2023	1006	NA	0	2489
Nov 26, 2023	1006	NA	0	1528
Nov 27, 2023	1006	NA	0	1456
Nov 28, 2023	1006	NA	0	840
Nov 29, 2023	1006	NA	0	659
Nov 30, 2023	1006	NA	0	1559
Dec 01, 2023	1006	NA	0	1670
Dec 02, 2023	1006	NA	0	2127
Dec 03, 2023	1006	NA	0	1517
Dec 04, 2023	1006	NA	0	1371
Dec 05, 2023	1006	NA	0	854
Dec 06, 2023	1006	NA	0	426
Dec 07, 2023	1006	NA	0	1778
Dec 08, 2023	1006	NA	0	1634
Dec 09, 2023	1006	NA	0	2060
Dec 10, 2023	1006	NA	0	1459
Dec 11, 2023	1006	NA	0	1366
Dec 12, 2023	1006	NA	0	971
Dec 13, 2023	1006	NA	0	634
Dec 14, 2023	1006	NA	0	1631
Dec 15, 2023	1006	NA	0	1802
Dec 16, 2023	1006	NA	0	2181
Dec 17, 2023	1006	NA	0	1585
Dec 18, 2023	1006	NA	0	1007
Dec 19, 2023	1006	NA	0	1003
Dec 20, 2023	1006	NA	0	693
Dec 21, 2023	1006	NA	0	2060
Dec 22, 2023	1006	NA	0	1806
Dec 23, 2023	1006	NA	0	1737
Dec 24, 2023	1006	NA	0	2144
Dec 25, 2023	1006	NA	0	1457
Dec 26, 2023	1006	NA	0	848
Dec 27, 2023	1006	NA	0	853
Dec 28, 2023	1006	NA	0	1451
Dec 29, 2023	1006	NA	0	2432
Dec 30, 2023	1006	NA	0	2372
Dec 31, 2023	1006	NA	0	2258
Jan 01, 2024	1006	NA	0	1401
Jan 02, 2024	1006	NA	0	973
Jan 03, 2024	1006	NA	0	714
Jan 04, 2024	1006	NA	0	625
Jan 05, 2024	1006	NA	0	736
Jan 06, 2024	1006	NA	0	1095
Jan 07, 2024	1006	NA	0	1736
Jan 08, 2024	1006	NA	0	1279
Jan 09, 2024	1006	NA	0	1095
Jan 10, 2024	1006	NA	0	811
Jan 11, 2024	1006	NA	0	578
Jan 12, 2024	1006	NA	0	3877
Jan 13, 2024	1006	NA	0	2740
Jan 14, 2024	1006	NA	0	1568
Jan 15, 2024	1006	NA	0	1853
Jan 16, 2024	1006	NA	0	1063
Jan 17, 2024	1006	NA	0	774
Jan 18, 2024	1006	NA	0	8753
Jan 19, 2024	1006	NA	0	0
Jan 20, 2024	1006	NA	0	0
Jan 21, 2024	1006	NA	0	0
Jan 22, 2024	1006	NA	0	0
Jan 23, 2024	1006	NA	0	0
Jan 24, 2024	1006	NA	0	0
Jan 25, 2024	1006	NA	0	8497
Jan 26, 2024	1006	NA	0	0
Jan 27, 2024	1006	NA	0	0
Jan 28, 2024	1006	NA	0	0
Jan 29, 2024	1006	NA	0	0
Jan 30, 2024	1006	NA	0	0
Jan 31, 2024	1006	NA	0	0
Feb 01, 2024	1006	NA	0	44254
Feb 02, 2024	1006	NA	0	0
Feb 03, 2024	1006	NA	0	0
Feb 04, 2024	1006	NA	0	0
Feb 05, 2024	1006	NA	0	0
Feb 06, 2024	1006	NA	0	0
Feb 07, 2024	1006	NA	0	0
Feb 08, 2024	1006	NA	0	7502
Feb 09, 2024	1006	NA	0	0
Feb 10, 2024	1006	NA	0	0
Feb 11, 2024	1006	NA	0	0
Feb 12, 2024	1006	NA	0	0
Feb 13, 2024	1006	NA	0	0
Feb 14, 2024	1006	NA	0	0
Feb 15, 2024	1006	NA	0	7350
Feb 16, 2024	1006	NA	0	0
Feb 17, 2024	1006	NA	0	0
Feb 18, 2024	1006	NA	0	0
Feb 19, 2024	1006	NA	0	0
Feb 20, 2024	1006	NA	NA	0
Feb 21, 2024	1006	NA	NA	0
Feb 22, 2024	1006	NA	NA	7315
Feb 23, 2024	1006	NA	NA	0
Feb 24, 2024	1006	NA	NA	0
Feb 25, 2024	1006	NA	NA	0
Feb 26, 2024	1006	NA	NA	0
Feb 27, 2024	1006	NA	NA	0
Feb 28, 2024	1006	NA	NA	0
Feb 29, 2024	1006	NA	NA	6790
Mar 01, 2024	1006	NA	NA	0
Mar 02, 2024	1006	NA	NA	0
Mar 03, 2024	1006	NA	NA	0
Mar 04, 2024	1006	NA	NA	0
Mar 05, 2024	1006	NA	NA	0
Mar 06, 2024	1006	NA	NA	0
Mar 07, 2024	1006	NA	NA	5340
Mar 08, 2024	1006	NA	NA	871
Mar 09, 2024	1006	NA	NA	0
Mar 10, 2024	1006	NA	NA	0
Mar 11, 2024	1006	NA	NA	0
Mar 12, 2024	1006	NA	NA	0
Mar 13, 2024	1006	NA	NA	0
Mar 14, 2024	1006	NA	NA	4535
Mar 15, 2024	1006	NA	NA	846
Mar 16, 2024	1006	NA	NA	0
Mar 17, 2024	1006	NA	NA	0
Mar 18, 2024	1006	NA	NA	0
Mar 19, 2024	1006	NA	NA	0
Mar 20, 2024	1006	NA	NA	0
Mar 21, 2024	1006	NA	NA	4373
Mar 22, 2024	1006	NA	NA	0
Mar 23, 2024	1006	NA	NA	0
Mar 24, 2024	1006	NA	NA	NA
