Dates	Active	Deaths	Newcases	recover
Feb 15, 2020	0	0	1	0
Feb 16, 2020	0	0	0	0
Feb 17, 2020	0	0	0	0
Feb 18, 2020	0	0	0	0
Feb 19, 2020	0	0	0	0
Feb 20, 2020	0	0	0	0
Feb 21, 2020	0	0	0	0
Feb 22, 2020	0	0	0	0
Feb 23, 2020	0	0	0	0
Feb 24, 2020	0	0	0	0
Feb 25, 2020	0	0	1	0
Feb 26, 2020	0	0	0	0
Feb 27, 2020	0	0	0	0
Feb 28, 2020	1	0	0	0
Feb 29, 2020	1	0	0	0
Mar 01, 2020	1	0	0	0
Mar 02, 2020	1	0	0	0
Mar 03, 2020	1	0	0	0
Mar 04, 2020	1	0	1	0
Mar 05, 2020	1	0	5	0
Mar 06, 2020	1	0	4	0
Mar 07, 2020	1	0	0	0
Mar 08, 2020	1	0	10	0
Mar 09, 2020	2	0	8	0
Mar 10, 2020	2	1	10	0
Mar 11, 2020	2	0	4	0
Mar 12, 2020	2	0	7	0
Mar 13, 2020	2	0	14	0
Mar 14, 2020	2	0	5	0
Mar 15, 2020	1	0	27	0
Mar 16, 2020	1	0	14	0
Mar 17, 2020	2	1	20	0
Mar 18, 2020	7	0	4	0
Mar 19, 2020	11	0	39	6
Mar 20, 2020	11	0	10	2
Mar 21, 2020	21	2	26	0
Mar 22, 2020	28	0	4	3
Mar 23, 2020	37	1	18	6
Mar 24, 2020	41	0	6	5
Mar 25, 2020	48	1	16	0
Mar 26, 2020	61	0	22	21
Mar 27, 2020	66	1	12	18
Mar 28, 2020	93	0	17	14
Mar 29, 2020	107	3	13	81
Mar 30, 2020	121	0	5	0
Mar 31, 2020	125	0	20	78
Apr 01, 2020	163	1	30	101
Apr 02, 2020	162	1	34	92
Apr 03, 2020	181	1	35	101
Apr 04, 2020	185	4	51	90
Apr 05, 2020	194	2	49	110
Apr 06, 2020	198	2	85	170
Apr 07, 2020	204	1	38	217
Apr 08, 2020	226	3	117	159
Apr 09, 2020	230	3	91	297
Apr 10, 2020	240	3	108	293
Apr 11, 2020	238	1	114	195
Apr 12, 2020	228	3	87	308
Apr 13, 2020	242	5	91	279
Apr 14, 2020	263	0	64	291
Apr 15, 2020	267	4	195	362
Apr 16, 2020	277	7	196	322
Apr 17, 2020	317	7	204	414
Apr 18, 2020	357	10	238	303
Apr 19, 2020	436	17	218	338
Apr 20, 2020	455	2	170	293
Apr 21, 2020	560	6	244	417
Apr 22, 2020	648	5	148	418
Apr 23, 2020	753	5	195	523
Apr 24, 2020	855	4	381	419
Apr 25, 2020	925	10	386	278
Apr 26, 2020	994	11	239	303
Apr 27, 2020	1042	15	248	383
Apr 28, 2020	1233	7	242	347
Apr 29, 2020	1370	8	146	523
Apr 30, 2020	1555	6	184	438
May 01, 2020	1751	3	191	554
May 02, 2020	1952	4	283	469
May 03, 2020	2071	5	176	374
May 04, 2020	2292	6	338	295
May 05, 2020	2371	9	216	479
May 06, 2020	2508	1	226	475
May 07, 2020	2818	8	276	496
May 08, 2020	3116	11	339	507
May 09, 2020	3278	10	245	445
May 10, 2020	3478	0	265	493
May 11, 2020	3589	5	313	520
May 12, 2020	3670	7	229	740
May 13, 2020	3737	16	276	790
May 14, 2020	3815	5	389	959
May 15, 2020	3954	5	182	1400
May 16, 2020	3973	2	387	1199
May 17, 2020	4183	12	553	952
May 18, 2020	4340	14	307	1342
May 19, 2020	4475	12	416	997
May 20, 2020	4637	15	241	1488
May 21, 2020	4898	1	347	1350
May 22, 2020	5033	8	350	1204
May 23, 2020	5131	10	328	1602
May 24, 2020	5350	9	389	1154
May 25, 2020	5524	12	253	1613
May 26, 2020	5710	7	315	2625
May 27, 2020	5978	4	663	2610
May 28, 2020	6064	17	409	2448
May 29, 2020	6344	5	681	1833
May 30, 2020	6726	12	627	2296
May 31, 2020	6868	8	501	2219
Jun 01, 2020	7157	13	403	0
Jun 02, 2020	7265	4	573	41227
Jun 03, 2020	7522	31	490	4575
Jun 04, 2020	7658	14	587	4883
Jun 05, 2020	7815	6	745	0
Jun 06, 2020	8065	12	667	0
Jun 07, 2020	8173	19	661	0
Jun 08, 2020	8400	12	436	0
Jun 09, 2020	8893	7	675	0
Jun 10, 2020	9140	8	452	30813
Jun 11, 2020	9673	9	649	4914
Jun 12, 2020	9891	7	594	5938
Jun 13, 2020	10174	5	684	6408
Jun 14, 2020	10445	4	779	5088
Jun 15, 2020	10885	7	490	7440
Jun 16, 2020	11070	8	566	0
Jun 17, 2020	11299	17	561	30209
Jun 18, 2020	11698	13	790	5050
Jun 19, 2020	12079	13	626	5118
Jun 20, 2020	12584	12	454	3960
Jun 21, 2020	12847	6	603	4828
Jun 22, 2020	13285	11	544	5173
Jun 23, 2020	13500	9	575	4523
Jun 24, 2020	13865	15	503	4234
Jun 25, 2020	14243	15	460	4104
Jun 26, 2020	14491	5	499	4624
Jun 27, 2020	14894	20	575	4155
Jun 28, 2020	14995	15	664	3944
Jun 29, 2020	15158	16	571	5075
Jun 30, 2020	15358	4	595	4214
Jul 01, 2020	15729	10	463	3804
Jul 02, 2020	15693	6	643	4096
Jul 03, 2020	15867	9	595	4102
Jul 04, 2020	16071	3	600	3587
Jul 05, 2020	16401	6	653	3339
Jul 06, 2020	16804	11	556	3874
Jul 07, 2020	17012	12	562	3458
Jul 08, 2020	17192	4	576	3219
Jul 09, 2020	17513	8	543	3131
Jul 10, 2020	17819	20	604	3061
Jul 11, 2020	18160	12	591	2788
Jul 12, 2020	18371	11	438	2654
Jul 13, 2020	18738	2	555	2664
Jul 14, 2020	19070	2	648	2865
Jul 15, 2020	19500	8	624	3216
Jul 16, 2020	19793	5	404	1513
Jul 17, 2020	20049	5	481	2635
Jul 18, 2020	20391	1	462	2345
Jul 19, 2020	20769	4	386	2198
Jul 20, 2020	21091	5	304	2824
Jul 21, 2020	21319	8	288	2425
Jul 22, 2020	21716	14	304	2190
Jul 23, 2020	22054	17	457	2265
Jul 24, 2020	22135	3	354	2473
Jul 25, 2020	22173	6	443	1926
Jul 26, 2020	22300	6	453	1859
Jul 27, 2020	22117	3	437	2378
Jul 28, 2020	22172	5	290	2225
Jul 29, 2020	22331	6	423	2071
Jul 30, 2020	22541	0	453	1699
Jul 31, 2020	22707	10	373	2180
Aug 01, 2020	22567	7	329	1904
Aug 02, 2020	22645	1	325	1565
Aug 03, 2020	22570	1	298	2354
Aug 04, 2020	11672	2	417	1961
Aug 05, 2020	11798	4	410	1877
Aug 06, 2020	11884	4	593	2000
Aug 07, 2020	12114	7	476	1965
Aug 08, 2020	12154	4	340	1693
Aug 09, 2020	12446	1	601	1516
Aug 10, 2020	12571	5	322	2199
Aug 11, 2020	12725	2	321	1878
Aug 12, 2020	12844	3	252	1712
Aug 13, 2020	12841	3	221	1906
Aug 14, 2020	11474	1	296	1914
Aug 15, 2020	11506	0	160	1877
Aug 16, 2020	11596	0	250	1557
Aug 17, 2020	11674	2	138	2055
Aug 18, 2020	11863	0	143	1845
Aug 19, 2020	12199	10	239	1778
Aug 20, 2020	12403	4	216	1834
Aug 21, 2020	12423	21	124	1833
Aug 22, 2020	12141	3	156	1449
Aug 23, 2020	12280	3	162	1285
Aug 24, 2020	12287	3	100	1999
Aug 25, 2020	11829	4	155	1805
Aug 26, 2020	11730	6	296	1654
Aug 27, 2020	11580	3	176	1530
Aug 28, 2020	11449	5	197	1731
Aug 29, 2020	11402	1	188	1401
Aug 30, 2020	11339	2	160	1295
Aug 31, 2020	11357	4	79	1911
Sep 01, 2020	11214	1	132	1893
Sep 02, 2020	10997	5	90	1726
Sep 03, 2020	10912	3	126	1839
Sep 04, 2020	10876	2	131	1719
Sep 05, 2020	10929	1	221	1432
Sep 06, 2020	10935	1	189	1318
Sep 07, 2020	10868	3	97	2013
Sep 08, 2020	11055	2	195	1825
Sep 09, 2020	10952	0	176	1801
Sep 10, 2020	10944	2	111	1708
Sep 11, 2020	10943	0	125	1855
Sep 12, 2020	11011	1	213	1407
Sep 13, 2020	11022	3	136	1399
Sep 14, 2020	10968	2	126	2219
Sep 15, 2020	10960	3	136	1909
Sep 16, 2020	7641	0	187	2075
Sep 17, 2020	7550	1	201	2053
Sep 18, 2020	7557	0	153	2120
Sep 19, 2020	7619	0	126	1645
Sep 20, 2020	7575	1	160	1365
Sep 21, 2020	7663	0	58	2065
Sep 22, 2020	7677	0	120	1989
Sep 23, 2020	7637	0	118	1711
Sep 24, 2020	7649	0	155	1704
Sep 25, 2020	7353	0	103	4390
Sep 26, 2020	7370	0	151	1429
Sep 27, 2020	7422	2	111	2113
Sep 28, 2020	7454	0	163	1764
Sep 29, 2020	7599	0	164	1842
Sep 30, 2020	7378	1	225	1700
Oct 01, 2020	7437	0	179	1839
Oct 02, 2020	7422	0	148	1402
Oct 03, 2020	7456	3	212	1165
Oct 04, 2020	7464	4	113	1981
Oct 05, 2020	7401	2	133	1580
Oct 06, 2020	7162	0	118	1436
Oct 07, 2020	7222	0	72	1617
Oct 08, 2020	7177	0	37	1665
Oct 09, 2020	7265	2	138	1275
Oct 10, 2020	7277	2	77	1093
Oct 11, 2020	7416	0	48	1638
Oct 12, 2020	7372	1	62	1619
Oct 13, 2020	7533	2	119	1558
Oct 14, 2020	7575	3	113	1582
Oct 15, 2020	7672	4	147	1531
Oct 16, 2020	7771	2	150	1337
Oct 17, 2020	3627	3	170	1033
Oct 18, 2020	3704	0	162	1265
Oct 19, 2020	3736	2	111	1767
Oct 20, 2020	3708	1	72	1613
Oct 21, 2020	3662	4	137	1517
Oct 22, 2020	3693	3	155	1425
Oct 23, 2020	3563	0	180	1246
Oct 24, 2020	3516	0	223	1123
Oct 25, 2020	3397	0	59	1698
Oct 26, 2020	3408	0	300	1481
Oct 27, 2020	3173	4	94	1395
Oct 28, 2020	3137	2	152	1295
Oct 29, 2020	3131	2	180	1350
Oct 30, 2020	3117	0	212	1118
Oct 31, 2020	3034	1	156	1031
Nov 01, 2020	3028	0	112	1591
Nov 02, 2020	2561	0	152	1508
Nov 03, 2020	2388	0	157	1503
Nov 04, 2020	2499	0	152	1218
Nov 05, 2020	2606	0	236	1340
Nov 06, 2020	2733	2	146	1054
Nov 07, 2020	2752	0	143	1079
Nov 08, 2020	3026	1	246	1727
Nov 09, 2020	2957	1	155	1473
Nov 10, 2020	2843	1	56	1313
Nov 11, 2020	2617	1	168	1343
Nov 12, 2020	2776	0	198	1353
Nov 13, 2020	2785	0	169	1170
Nov 14, 2020	2804	2	246	1052
Nov 15, 2020	2912	0	110	1632
Nov 16, 2020	2980	2	82	1529
Nov 17, 2020	2957	0	145	1366
Nov 18, 2020	3073	3	281	1319
Nov 19, 2020	3101	1	122	1332
Nov 20, 2020	3035	2	343	1150
Nov 21, 2020	3178	0	324	1027
Nov 22, 2020	3140	1	310	1557
Nov 23, 2020	3030	0	318	1393
Nov 24, 2020	3127	1	390	1401
Nov 25, 2020	3143	1	550	1377
Nov 26, 2020	3220	2	474	1486
Nov 27, 2020	3363	6	675	1140
Nov 28, 2020	3340	0	796	1070
Nov 29, 2020	3184	4	617	1683
Nov 30, 2020	3102	3	418	1501
Dec 01, 2020	3232	0	199	1446
Dec 02, 2020	2944	3	758	1400
Dec 03, 2020	2833	0	930	1410
Dec 04, 2020	2981	1	1145	1190
Dec 05, 2020	3107	11	806	1036
Dec 06, 2020	3301	6	920	1787
Dec 07, 2020	3517	3	501	1766
Dec 08, 2020	3903	6	356	1683
Dec 09, 2020	4243	4	999	1677
Dec 10, 2020	4680	5	1133	1665
Dec 11, 2020	5228	6	1041	1420
Dec 12, 2020	5713	4	784	1227
Dec 13, 2020	5888	1	829	2044
Dec 14, 2020	5863	7	838	1589
Dec 15, 2020	6438	10	397	1893
Dec 16, 2020	7087	3	749	1884
Dec 17, 2020	7896	11	1016	1912
Dec 18, 2020	8317	11	1031	1664
Dec 19, 2020	8931	5	980	1533
Dec 20, 2020	8910	8	576	2334
Dec 21, 2020	9070	9	917	2222
Dec 22, 2020	9679	7	1271	2039
Dec 23, 2020	10412	1	1354	1980
Dec 24, 2020	11070	5	1664	2054
Dec 25, 2020	11253	6	1565	1805
Dec 26, 2020	11834	12	1544	1783
Dec 27, 2020	12126	8	1585	2672
Dec 28, 2020	12190	8	1024	2400
Dec 29, 2020	12356	3	1244	2425
Dec 30, 2020	11976	12	1270	2144
Dec 31, 2020	12605	9	1398	1915
Jan 01, 2021	12920	23	1479	2535
Jan 02, 2021	13072	8	1867	2474
Jan 03, 2021	13725	7	1598	3728
Jan 04, 2021	14334	15	1444	3088
Jan 05, 2021	14990	14	1617	3115
Jan 06, 2021	15746	15	1301	2675
Jan 07, 2021	16622	14	1386	2735
Jan 08, 2021	17584	7	1964	3088
Jan 09, 2021	18296	12	2314	3022
Jan 10, 2021	18699	5	1633	4823
Jan 11, 2021	19479	2	964	4156
Jan 12, 2021	19654	3	1430	4216
Jan 13, 2021	20062	15	1303	4112
Jan 14, 2021	20243	21	1861	3991
Jan 15, 2021	21397	7	1400	3416
Jan 16, 2021	22156	27	1114	2859
Jan 17, 2021	19635	1	1883	4566
Jan 18, 2021	20616	8	685	4157
Jan 19, 2021	20641	21	676	4106
Jan 20, 2021	20877	6	1634	3942
Jan 21, 2021	21524	5	1138	4289
Jan 22, 2021	22595	14	1340	3515
Jan 23, 2021	23199	9	1624	3111
Jan 24, 2021	22834	6	1588	4892
Jan 25, 2021	23130	20	506	4341
Jan 26, 2021	23501	6	643	4236
Jan 27, 2021	24252	21	1056	4091
Jan 28, 2021	24499	8	1131	4167
Jan 29, 2021	24317	8	938	3280
Jan 30, 2021	25267	24	1005	2817
Jan 31, 2021	24667	13	1143	4573
Feb 01, 2021	24036	6	690	3871
Feb 02, 2021	24388	8	574	3651
Feb 03, 2021	24415	18	1572	3723
Feb 04, 2021	23949	8	869	3506
Feb 05, 2021	24374	16	877	2716
Feb 06, 2021	25038	10	662	2339
Feb 07, 2021	24556	18	645	4400
Feb 08, 2021	24083	8	521	3611
Feb 09, 2021	23998	23	542	3391
Feb 10, 2021	23929	12	571	3390
Feb 11, 2021	23794	11	655	3519
Feb 12, 2021	23921	6	634	2983
Feb 13, 2021	23518	11	600	2482
Feb 14, 2021	23408	3	341	4060
Feb 15, 2021	22158	2	240	3688
Feb 16, 2021	21798	8	360	3692
Feb 17, 2021	21860	8	479	3359
Feb 18, 2021	22026	16	464	3338
Feb 19, 2021	21571	12	711	2821
Feb 20, 2021	21717	3	371	2557
Feb 21, 2021	21616	10	195	3999
Feb 22, 2021	21454	5	269	3543
Feb 23, 2021	21370	13	400	3619
Feb 24, 2021	21139	6	346	3413
Feb 25, 2021	20886	5	394	3654
Feb 26, 2021	20630	8	287	3124
Feb 27, 2021	20256	8	399	2721
Feb 28, 2021	19982	4	205	4639
Mar 01, 2021	20198	0	120	3939
Mar 02, 2021	20022	3	238	3968
Mar 03, 2021	19209	2	179	3990
Mar 04, 2021	19385	9	200	4124
Mar 05, 2021	19063	0	135	3634
Mar 06, 2021	18628	0	130	3351
Mar 07, 2021	18647	3	112	5641
Mar 08, 2021	18422	0	86	4841
Mar 09, 2021	18208	0	131	4817
Mar 10, 2021	17670	1	208	4822
Mar 11, 2021	15528	0	102	5159
Mar 12, 2021	14264	5	97	4509
Mar 13, 2021	13810	3	113	3947
Mar 14, 2021	13245	2	101	6122
Mar 15, 2021	13127	7	104	5635
Mar 16, 2021	12984	1	48	5720
Mar 17, 2021	12783	8	121	5459
Mar 18, 2021	12492	0	129	5956
Mar 19, 2021	11931	1	106	5116
Mar 20, 2021	11846	0	66	4557
Mar 21, 2021	11808	0	50	7417
Mar 22, 2021	11713	0	82	6501
Mar 23, 2021	11515	0	135	6546
Mar 24, 2021	11421	0	58	6228
Mar 25, 2021	10357	0	110	6760
Mar 26, 2021	10363	0	83	5772
Mar 27, 2021	10243	1	71	5190
Mar 28, 2021	10237	1	84	8099
Mar 29, 2021	10126	0	63	7232
Mar 30, 2021	9173	1	38	6962
Mar 31, 2021	9186	0	74	6864
Apr 01, 2021	9231	0	89	7488
Apr 02, 2021	9170	0	80	5833
Apr 03, 2021	9202	0	67	5028
Apr 04, 2021	9139	0	60	8481
Apr 05, 2021	9227	0	26	7163
Apr 06, 2021	7700	0	70	6834
Apr 07, 2021	7652	0	120	7592
Apr 08, 2021	7518	0	65	5879
Apr 09, 2021	7520	0	100	5895
Apr 10, 2021	7578	0	45	5443
Apr 11, 2021	7632	0	51	8509
Apr 12, 2021	7599	1	35	7383
Apr 13, 2021	7625	0	37	6918
Apr 14, 2021	7669	1	156	6748
Apr 15, 2021	7734	0	81	6900
Apr 16, 2021	7782	0	62	5913
Apr 17, 2021	7821	0	55	4953
Apr 18, 2021	7840	0	0	7785
Apr 19, 2021	7858	0	43	6799
Apr 20, 2021	7956	0	46	6589
Apr 21, 2021	7986	0	16	6555
Apr 22, 2021	7949	2	58	6564
Apr 23, 2021	7929	0	28	5452
Apr 24, 2021	7936	0	39	4631
Apr 25, 2021	7731	0	30	7248
Apr 26, 2021	7731	0	49	6539
Apr 27, 2021	7837	0	49	6006
Apr 28, 2021	7909	0	47	5778
Apr 29, 2021	7951	1	44	6042
Apr 30, 2021	7946	0	53	5109
May 01, 2021	7946	0	49	4237
May 02, 2021	7981	0	41	6603
May 03, 2021	7765	0	7	5666
May 04, 2021	7781	1	69	5401
May 05, 2021	7805	0	31	4928
May 06, 2021	7812	0	43	5350
May 07, 2021	7821	0	49	4381
May 08, 2021	7055	0	43	3979
May 09, 2021	7057	0	35	6445
May 10, 2021	7085	0	40	5492
May 11, 2021	7092	0	42	5452
May 12, 2021	7119	4	37	5331
May 13, 2021	7159	0	48	5626
May 14, 2021	7196	0	45	4658
May 15, 2021	7224	0	63	4222
May 16, 2021	7230	0	31	7083
May 17, 2021	7296	0	30	6091
May 18, 2021	7322	28	203	6026
May 19, 2021	7329	0	16	5692
May 20, 2021	7375	0	26	6406
May 21, 2021	7415	18	122	5367
May 22, 2021	7444	0	48	4987
May 23, 2021	7476	0	26	7984
May 24, 2021	7502	0	11	6958
May 25, 2021	7499	0	49	6512
May 26, 2021	7546	0	102	6920
May 27, 2021	7585	0	64	5611
May 28, 2021	7637	0	0	5820
May 29, 2021	7657	0	69	5643
May 30, 2021	7686	0	8	8386
May 31, 2021	5638	0	7	7598
Jun 01, 2021	4500	0	12	7270
Jun 02, 2021	4515	0	17	6848
Jun 03, 2021	2044	0	8	7106
Jun 04, 2021	2029	0	39	6083
Jun 05, 2021	1645	0	13	5334
Jun 06, 2021	1554	0	51	8722
Jun 07, 2021	1509	0	0	8119
Jun 08, 2021	1542	1	86	7466
Jun 09, 2021	1534	0	39	7021
Jun 10, 2021	1534	0	44	7190
Jun 11, 2021	1504	0	26	5984
Jun 12, 2021	1506	1	29	5108
Jun 13, 2021	1486	0	35	7761
Jun 14, 2021	1492	0	2	7023
Jun 15, 2021	1495	0	65	6508
Jun 16, 2021	1458	1	11	6020
Jun 17, 2021	1490	0	75	6136
Jun 18, 2021	1498	1	74	5106
Jun 19, 2021	1539	0	40	4086
Jun 20, 2021	1532	0	71	6467
Jun 21, 2021	1377	0	56	5462
Jun 22, 2021	1300	1	50	5047
Jun 23, 2021	1340	0	91	4728
Jun 24, 2021	1350	0	110	4693
Jun 25, 2021	1374	0	146	3646
Jun 26, 2021	1400	0	186	3293
Jun 27, 2021	1399	0	98	3605
Jun 28, 2021	1429	2	12	4495
Jun 29, 2021	1438	0	161	3947
Jun 30, 2021	1254	1	154	3606
Jul 01, 2021	1298	0	48	3437
Jul 02, 2021	1242	1	159	2816
Jul 03, 2021	1304	0	132	2263
Jul 04, 2021	1356	0	123	2767
Jul 05, 2021	1387	1	203	3079
Jul 06, 2021	1473	1	146	2899
Jul 07, 2021	1580	0	206	2821
Jul 08, 2021	1719	2	238	2698
Jul 09, 2021	1897	0	184	2047
Jul 10, 2021	1987	1	317	1863
Jul 11, 2021	1989	1	272	2677
Jul 12, 2021	2113	0	216	2242
Jul 13, 2021	2119	2	213	2039
Jul 14, 2021	2138	0	404	1971
Jul 15, 2021	2286	5	535	1830
Jul 16, 2021	2414	2	558	1521
Jul 17, 2021	2531	8	590	1173
Jul 18, 2021	2706	0	497	1879
Jul 19, 2021	2830	0	407	1542
Jul 20, 2021	3023	11	444	1515
Jul 21, 2021	3251	3	505	1385
Jul 22, 2021	3404	4	747	1093
Jul 23, 2021	3712	11	566	1145
Jul 24, 2021	3975	3	565	1047
Jul 25, 2021	4190	4	473	1565
Jul 26, 2021	4392	2	471	1359
Jul 27, 2021	4757	5	422	1184
Jul 28, 2021	5238	2	610	1141
Jul 29, 2021	5750	1	790	1147
Jul 30, 2021	6284	5	753	916
Jul 31, 2021	6765	11	636	821
Aug 01, 2021	7161	8	665	1217
Aug 02, 2021	7562	0	541	1063
Aug 03, 2021	7979	4	584	986
Aug 04, 2021	8636	6	357	911
Aug 05, 2021	9076	7	1149	851
Aug 06, 2021	9552	8	674	772
Aug 07, 2021	9958	3	304	785
Aug 08, 2021	10136	13	1064	1019
Aug 09, 2021	10334	8	388	942
Aug 10, 2021	10793	8	565	837
Aug 11, 2021	11510	5	655	788
Aug 12, 2021	11901	7	637	829
Aug 13, 2021	12377	10	835	665
Aug 14, 2021	12917	10	618	613
Aug 15, 2021	13152	53	650	958
Aug 16, 2021	13554	93	362	790
Aug 17, 2021	13756	1	460	738
Aug 18, 2021	14619	14	626	682
Aug 19, 2021	15100	11	582	682
Aug 20, 2021	15200	8	631	540
Aug 21, 2021	16055	7	444	531
Aug 22, 2021	16300	27	964	807
Aug 23, 2021	16494	30	459	665
Aug 24, 2021	16927	4	379	613
Aug 25, 2021	17210	17	597	562
Aug 26, 2021	17791	5	559	579
Aug 27, 2021	18210	7	727	465
Aug 28, 2021	10575	3	466	420
Aug 29, 2021	10608	2	547	675
Aug 30, 2021	10858	8	365	542
Aug 31, 2021	11203	21	387	544
Sep 01, 2021	11533	18	519	469
Sep 02, 2021	11862	3	299	450
Sep 03, 2021	11914	7	601	386
Sep 04, 2021	10067	2	337	335
Sep 05, 2021	8430	5	336	462
Sep 06, 2021	8452	1	168	412
Sep 07, 2021	8755	6	393	437
Sep 08, 2021	9089	3	513	386
Sep 09, 2021	9591	2	377	444
Sep 10, 2021	9871	2	433	372
Sep 11, 2021	10121	3	477	332
Sep 12, 2021	10135	2	210	544
Sep 13, 2021	8492	4	255	471
Sep 14, 2021	8701	13	296	423
Sep 15, 2021	8799	5	295	397
Sep 16, 2021	8964	6	437	460
Sep 17, 2021	9037	20	295	428
Sep 18, 2021	8688	3	161	396
Sep 19, 2021	8580	0	124	602
Sep 20, 2021	8629	0	74	494
Sep 21, 2021	8670	0	141	584
Sep 22, 2021	8814	7	344	509
Sep 23, 2021	8904	0	0	492
Sep 24, 2021	9181	11	596	485
Sep 25, 2021	9107	1	260	549
Sep 26, 2021	9159	2	139	879
Sep 27, 2021	9111	2	76	760
Sep 28, 2021	9092	9	284	687
Sep 29, 2021	9301	0	175	694
Sep 30, 2021	9427	5	251	640
Oct 01, 2021	9404	6	226	490
Oct 02, 2021	9447	2	167	562
Oct 03, 2021	9317	35	376	884
Oct 04, 2021	9388	33	125	717
Oct 05, 2021	9417	1	89	724
Oct 06, 2021	9417	0	159	712
Oct 07, 2021	9681	2	167	802
Oct 08, 2021	9684	10	247	708
Oct 09, 2021	9741	5	176	679
Oct 10, 2021	9673	1	159	1062
Oct 11, 2021	9596	26	165	982
Oct 12, 2021	9461	2	711	976
Oct 13, 2021	9520	0	159	972
Oct 14, 2021	9537	2	166	1046
Oct 15, 2021	9603	6	182	986
Oct 16, 2021	9285	3	120	1003
Oct 17, 2021	9318	0	89	1240
Oct 18, 2021	9237	1	74	1726
Oct 19, 2021	9162	2	90	1574
Oct 20, 2021	9149	1	99	1386
Oct 21, 2021	9084	1	209	1430
Oct 22, 2021	9164	2	87	1303
Oct 23, 2021	9248	0	65	1211
Oct 24, 2021	5199	3	116	1982
Oct 25, 2021	5613	1	86	1921
Oct 26, 2021	5643	0	52	1921
Oct 27, 2021	5680	8	64	1703
Oct 28, 2021	5856	8	65	1790
Oct 29, 2021	5941	11	53	1598
Oct 30, 2021	5912	16	129	1506
Oct 31, 2021	5944	11	51	2298
Nov 01, 2021	5815	8	20	2110
Nov 02, 2021	5727	0	30	1950
Nov 03, 2021	5449	5	144	1956
Nov 04, 2021	5497	0	82	1811
Nov 05, 2021	5425	0	61	1536
Nov 06, 2021	5473	0	23	1606
Nov 07, 2021	5428	0	45	2177
Nov 08, 2021	5480	1	57	2640
Nov 09, 2021	5536	0	36	2565
Nov 10, 2021	5297	0	52	2430
Nov 11, 2021	5014	0	141	2354
Nov 12, 2021	4644	1	65	1975
Nov 13, 2021	4676	0	41	1992
Nov 14, 2021	4447	0	58	2852
Nov 15, 2021	4439	1	110	2748
Nov 16, 2021	4142	0	21	2433
Nov 17, 2021	4185	1	105	2238
Nov 18, 2021	4199	1	52	2481
Nov 19, 2021	4213	0	47	1869
Nov 20, 2021	4073	2	196	1833
Nov 21, 2021	4097	0	54	2849
Nov 22, 2021	3873	0	55	2442
Nov 23, 2021	3906	0	167	2399
Nov 24, 2021	3828	0	107	2176
Nov 25, 2021	3814	0	268	2271
Nov 26, 2021	3835	1	754	1933
Nov 27, 2021	3823	0	533	1831
Nov 28, 2021	3862	0	612	2769
Nov 29, 2021	3845	0	418	2383
Nov 30, 2021	3937	2	385	2131
Dec 01, 2021	3980	0	730	1983
Dec 02, 2021	3982	0	1424	1892
Dec 03, 2021	4130	0	1051	1613
Dec 04, 2021	4160	1	1584	1428
Dec 05, 2021	4192	0	828	2133
Dec 06, 2021	4331	1	404	1841
Dec 07, 2021	4421	0	1368	1856
Dec 08, 2021	4664	4	2123	1493
Dec 09, 2021	5318	2	4035	1580
Dec 10, 2021	5809	0	1940	1300
Dec 11, 2021	6379	2	1356	1132
Dec 12, 2021	6754	21	1305	1796
Dec 13, 2021	4807	8	1547	1532
Dec 14, 2021	4359	2	859	1135
Dec 15, 2021	5745	3	599	1363
Dec 16, 2021	6743	3	1368	1367
Dec 17, 2021	8298	0	1126	1107
Dec 18, 2021	8977	1	828	994
Dec 19, 2021	9365	2	536	1502
Dec 20, 2021	10610	6	573	1275
Dec 21, 2021	12628	6	670	1179
Dec 22, 2021	16569	8	428	1089
Dec 23, 2021	18322	5	856	1137
Dec 24, 2021	19479	8	791	964
Dec 25, 2021	20643	4	814	1008
Dec 26, 2021	21989	1	766	1369
Dec 27, 2021	22626	6	537	1266
Dec 28, 2021	22812	8	420	1193
Dec 29, 2021	23866	1	422	1183
Dec 30, 2021	24480	6	432	1177
Dec 31, 2021	25014	0	423	1046
Jan 01, 2022	25066	0	352	1186
Jan 02, 2022	25059	3	267	1964
Jan 03, 2022	24895	8	301	1748
Jan 04, 2022	24681	7	249	1559
Jan 05, 2022	25099	6	163	1645
Jan 06, 2022	25620	1	230	1699
Jan 07, 2022	26107	6	123	1893
Jan 08, 2022	26277	1	236	2520
Jan 09, 2022	26238	0	29	4223
Jan 10, 2022	26168	0	228	4187
Jan 11, 2022	25873	2	241	4375
Jan 12, 2022	25655	7	250	4359
Jan 13, 2022	25714	1	75	5233
Jan 14, 2022	23774	0	87	4792
Jan 15, 2022	23768	0	72	5195
Jan 16, 2022	23774	1	89	9513
Jan 17, 2022	23439	0	22	9440
Jan 18, 2022	23286	1	158	10154
Jan 19, 2022	23174	0	159	10191
Jan 20, 2022	23116	0	65	10873
Jan 21, 2022	22900	0	100	10281
Jan 22, 2022	22889	0	35	10743
Jan 23, 2022	22655	3	145	17643
Jan 24, 2022	22298	0	42	17606
Jan 25, 2022	22054	0	53	17560
Jan 26, 2022	21482	0	58	19547
Jan 27, 2022	21302	0	37	20698
Jan 28, 2022	21146	0	48	19491
Jan 29, 2022	21164	1	47	19098
Jan 30, 2022	20869	1	8	32258
Jan 31, 2022	20730	0	38	32072
Feb 01, 2022	20554	0	75	32013
Feb 02, 2022	20593	0	33	32015
Feb 03, 2022	20476	0	13	33191
Feb 04, 2022	20422	0	45	27462
Feb 05, 2022	20420	1	39	24936
Feb 06, 2022	20462	0	22	42657
Feb 07, 2022	20496	0	50	41565
Feb 08, 2022	20488	0	32	38428
Feb 09, 2022	20515	0	27	35978
Feb 10, 2022	20491	0	42	35234
Feb 11, 2022	20513	0	34	29313
Feb 12, 2022	20514	0	33	26272
Feb 13, 2022	20478	0	40	42721
Feb 14, 2022	20493	0	24	39816
Feb 15, 2022	20511	0	35	36232
Feb 16, 2022	20517	0	10	33600
Feb 17, 2022	20511	0	28	31474
Feb 18, 2022	20530	0	8	26103
Feb 19, 2022	20514	0	31	23224
Feb 20, 2022	20396	0	3	37720
Feb 21, 2022	20390	0	17	33817
Feb 22, 2022	20364	0	2	31109
Feb 23, 2022	20406	0	118	27992
Feb 24, 2022	2436	0	84	26873
Feb 25, 2022	2456	0	33	21445
Feb 26, 2022	2366	0	51	19448
Feb 27, 2022	2370	0	8	30861
Feb 28, 2022	2339	0	36	27264
Mar 01, 2022	2338	0	12	24111
Mar 02, 2022	2318	0	0	22101
Mar 03, 2022	2310	0	91	21739
Mar 04, 2022	2335	0	0	17248
Mar 05, 2022	2327	0	11	15487
Mar 06, 2022	2313	0	0	25031
Mar 07, 2022	2311	0	0	21403
Mar 08, 2022	2426	0	0	19299
Mar 09, 2022	2412	0	87	17788
Mar 10, 2022	2426	0	54	17190
Mar 11, 2022	2468	0	0	14417
Mar 12, 2022	2471	0	52	12607
Mar 13, 2022	2475	0	0	19787
Mar 14, 2022	2486	0	0	17020
Mar 15, 2022	2486	0	45	16198
Mar 16, 2022	2493	0	0	14727
Mar 17, 2022	2493	0	74	14296
Mar 18, 2022	2501	0	0	11884
Mar 19, 2022	2501	0	53	10936
Mar 20, 2022	2501	0	0	16540
Mar 21, 2022	2501	0	0	13314
Mar 22, 2022	2572	0	0	11867
Mar 23, 2022	2616	0	48	9931
Mar 24, 2022	2616	0	0	9253
Mar 25, 2022	2659	0	59	7040
Mar 26, 2022	2659	0	0	6230
Mar 27, 2022	2659	0	31	9856
Mar 28, 2022	2633	0	0	7854
Mar 29, 2022	2633	0	27	7170
Mar 30, 2022	2667	0	0	6172
Mar 31, 2022	2667	0	0	6010
Apr 01, 2022	2714	1	13	4597
Apr 02, 2022	2714	0	0	4227
Apr 03, 2022	2714	0	2	6503
Apr 04, 2022	2714	0	0	5262
Apr 05, 2022	2700	0	0	4807
Apr 06, 2022	2700	0	22	4075
Apr 07, 2022	2747	0	0	3813
Apr 08, 2022	2747	0	9	3015
Apr 09, 2022	2746	0	6	2851
Apr 10, 2022	2746	0	0	4485
Apr 11, 2022	2666	0	0	3743
Apr 12, 2022	2666	0	0	3108
Apr 13, 2022	2666	0	0	2856
Apr 14, 2022	2661	0	0	2807
Apr 15, 2022	2661	0	31	2258
Apr 16, 2022	2658	0	0	2113
Apr 17, 2022	2658	0	37	3195
Apr 18, 2022	2658	0	0	2585
Apr 19, 2022	2653	0	0	2237
Apr 20, 2022	2653	0	13	2046
Apr 21, 2022	2650	0	0	1680
Apr 22, 2022	2652	0	0	1922
Apr 23, 2022	2652	0	0	2095
Apr 24, 2022	2652	0	0	3240
Apr 25, 2022	2652	0	0	2492
Apr 26, 2022	2652	0	0	2159
Apr 27, 2022	2652	0	36	1989
Apr 28, 2022	2677	0	0	1911
Apr 29, 2022	2677	0	34	1761
Apr 30, 2022	2699	0	0	1645
May 01, 2022	2699	0	23	2559
May 02, 2022	2699	0	0	2344
May 03, 2022	2709	0	0	2168
May 04, 2022	2709	0	0	2017
May 05, 2022	2709	0	30	2084
May 06, 2022	2709	0	35	2118
May 07, 2022	2709	0	0	2204
May 08, 2022	2709	0	13	3383
May 09, 2022	2709	0	0	3228
May 10, 2022	2723	0	0	2974
May 11, 2022	2723	0	35	2836
May 12, 2022	2757	0	0	2900
May 13, 2022	2757	0	32	2975
May 14, 2022	2773	0	24	3076
May 15, 2022	2773	0	0	4707
May 16, 2022	2773	0	0	4716
May 17, 2022	2773	0	0	4600
May 18, 2022	2785	0	0	4268
May 19, 2022	2804	0	0	4552
May 20, 2022	2804	0	85	4536
May 21, 2022	2798	0	0	4335
May 22, 2022	2798	0	35	7045
May 23, 2022	2798	0	0	6366
May 24, 2022	2805	0	0	6065
May 25, 2022	2805	0	79	5745
May 26, 2022	2837	0	0	6204
May 27, 2022	2849	1	37	5349
May 28, 2022	2849	0	0	5549
May 29, 2022	2849	0	88	8820
May 30, 2022	2849	0	0	8336
May 31, 2022	2849	0	0	7775
Jun 01, 2022	2849	0	52	7193
Jun 02, 2022	2910	0	0	7088
Jun 03, 2022	2910	0	63	6332
Jun 04, 2022	2940	0	0	5904
Jun 05, 2022	2940	0	106	9926
Jun 06, 2022	2940	0	0	8852
Jun 07, 2022	2971	0	0	8941
Jun 08, 2022	2971	0	138	8202
Jun 09, 2022	3003	0	0	8950
Jun 10, 2022	3003	0	0	8305
Jun 11, 2022	3077	0	0	7900
Jun 12, 2022	3077	0	247	12888
Jun 13, 2022	3077	0	0	11438
Jun 14, 2022	3123	0	0	10592
Jun 15, 2022	3123	0	0	9980
Jun 16, 2022	3169	0	0	10073
Jun 17, 2022	3169	0	332	8630
Jun 18, 2022	3274	0	0	8171
Jun 19, 2022	3274	0	347	13416
Jun 20, 2022	3274	0	0	11685
Jun 21, 2022	3409	0	0	10770
Jun 22, 2022	3409	0	0	9701
Jun 23, 2022	3409	0	0	9226
Jun 24, 2022	3409	0	0	7546
Jun 25, 2022	3637	0	0	6885
Jun 26, 2022	3637	0	880	11791
Jun 27, 2022	3637	0	0	8587
Jun 28, 2022	3637	0	0	11813
Jun 29, 2022	3637	0	357	9858
Jun 30, 2022	3917	0	0	9217
Jul 01, 2022	3917	0	60	7879
Jul 02, 2022	4206	0	0	6909
Jul 03, 2022	4206	0	73	8653
Jul 04, 2022	4206	0	0	11748
Jul 05, 2022	4206	0	0	10238
Jul 06, 2022	4206	2	478	8795
Jul 07, 2022	4206	0	0	8551
Jul 08, 2022	4206	0	235	7422
Jul 09, 2022	4985	0	0	6931
Jul 10, 2022	4985	1	619	10936
Jul 11, 2022	4985	0	0	9560
Jul 12, 2022	5274	0	0	8638
Jul 13, 2022	5274	0	425	8091
Jul 14, 2022	5318	0	0	7854
Jul 15, 2022	5318	0	213	6612
Jul 16, 2022	5378	0	0	6288
Jul 17, 2022	5378	0	0	9598
Jul 18, 2022	5378	0	0	8129
Jul 19, 2022	3302	0	0	7434
Jul 20, 2022	3302	0	496	6219
Jul 21, 2022	3500	0	0	6158
Jul 22, 2022	3500	0	0	5345
Jul 23, 2022	3626	0	0	5289
Jul 24, 2022	3626	0	0	9024
Jul 25, 2022	3626	0	412	7889
Jul 26, 2022	4025	0	0	7572
Jul 27, 2022	4025	0	0	7139
Jul 28, 2022	4140	0	0	7411
Jul 29, 2022	4140	0	517	6867
Jul 30, 2022	4140	0	0	6541
Jul 31, 2022	4140	0	118	10378
Aug 01, 2022	4140	0	0	8837
Aug 02, 2022	3373	0	0	8430
Aug 03, 2022	3373	0	144	6601
Aug 04, 2022	3373	0	0	6602
Aug 05, 2022	3373	0	84	8184
Aug 06, 2022	3373	0	0	7646
Aug 07, 2022	3257	0	164	7532
Aug 08, 2022	3257	0	0	12328
Aug 09, 2022	3257	0	0	10558
Aug 10, 2022	3257	1	178	10033
Aug 11, 2022	3774	0	0	9376
Aug 12, 2022	3774	0	232	9495
Aug 13, 2022	3228	0	0	9218
Aug 14, 2022	3228	0	85	8458
Aug 15, 2022	3228	0	0	13732
Aug 16, 2022	3183	0	0	11781
Aug 17, 2022	3183	0	119	11135
Aug 18, 2022	3083	0	0	0
Aug 19, 2022	3083	0	168	18721
Aug 20, 2022	3156	0	0	7626
Aug 21, 2022	3156	0	173	6902
Aug 22, 2022	3156	0	0	0
Aug 23, 2022	3178	0	0	19792
Aug 24, 2022	3178	0	147	9411
Aug 25, 2022	2921	0	0	0
Aug 26, 2022	2921	6	285	16290
Aug 27, 2022	2985	0	0	6900
Aug 28, 2022	2985	0	0	0
Aug 29, 2022	2985	0	151	15291
Aug 30, 2022	3035	0	0	7843
Aug 31, 2022	3035	1	167	0
Sep 01, 2022	3159	0	0	13154
Sep 02, 2022	3159	0	127	0
Sep 03, 2022	3266	0	0	11084
Sep 04, 2022	3266	0	189	4775
Sep 05, 2022	3266	0	0	6659
Sep 06, 2022	3356	0	0	5660
Sep 07, 2022	3356	0	75	5095
Sep 08, 2022	3516	0	0	0
Sep 09, 2022	3516	0	82	8943
Sep 10, 2022	3516	0	0	3957
Sep 11, 2022	3626	0	96	3619
Sep 12, 2022	3626	0	0	0
Sep 13, 2022	3582	0	0	10670
Sep 14, 2022	3582	0	130	4136
Sep 15, 2022	3680	0	0	3661
Sep 16, 2022	3680	0	66	3615
Sep 17, 2022	3824	0	0	3055
Sep 18, 2022	3824	0	49	0
Sep 19, 2022	3824	0	0	0
Sep 20, 2022	3812	0	0	9698
Sep 21, 2022	3812	0	74	2669
Sep 22, 2022	3829	0	0	2231
Sep 23, 2022	3829	0	236	1939
Sep 24, 2022	3892	0	0	0
Sep 25, 2022	3892	0	75	5148
Sep 26, 2022	3892	0	0	3274
Sep 27, 2022	3834	0	0	4565
Sep 28, 2022	3834	0	0	0
Sep 29, 2022	3846	0	0	7462
Sep 30, 2022	3846	0	0	3168
Oct 01, 2022	3882	0	0	2977
Oct 02, 2022	3882	0	121	2799
Oct 03, 2022	3882	0	0	4139
Oct 04, 2022	3880	0	0	0
Oct 05, 2022	3880	0	0	6565
Oct 06, 2022	3593	0	0	2719
Oct 07, 2022	3593	0	0	2674
Oct 08, 2022	3618	0	0	2544
Oct 09, 2022	3618	0	106	2669
Oct 10, 2022	3618	0	0	4096
Oct 11, 2022	3618	0	0	3433
Oct 12, 2022	3618	0	0	3064
Oct 13, 2022	3618	0	0	3026
Oct 14, 2022	3618	0	0	2939
Oct 15, 2022	3523	0	0	0
Oct 16, 2022	3523	0	95	5715
Oct 17, 2022	3523	0	0	13276
Oct 18, 2022	3523	0	0	0
Oct 19, 2022	3523	0	0	8169
Oct 20, 2022	3523	0	0	4036
Oct 21, 2022	3523	0	0	4222
Oct 22, 2022	3500	0	0	7620
Oct 23, 2022	3500	0	54	5520
Oct 24, 2022	3500	0	0	5418
Oct 25, 2022	3500	0	0	5623
Oct 26, 2022	3500	0	0	0
Oct 27, 2022	3500	0	0	10304
Oct 28, 2022	3500	0	0	5021
Oct 29, 2022	3526	0	0	0
Oct 30, 2022	3526	0	50	14528
Oct 31, 2022	3526	0	0	5605
Nov 01, 2022	3526	0	0	4865
Nov 02, 2022	3526	0	0	4334
Nov 03, 2022	3526	0	0	0
Nov 04, 2022	3526	0	0	7420
Nov 05, 2022	3505	0	0	5244
Nov 06, 2022	3505	0	41	5180
Nov 07, 2022	3505	0	0	7836
Nov 08, 2022	3505	0	0	7496
Nov 09, 2022	3505	0	0	6762
Nov 10, 2022	3505	0	0	5336
Nov 11, 2022	3505	0	0	5533
Nov 12, 2022	3532	0	0	8947
Nov 13, 2022	3532	0	0	6535
Nov 14, 2022	3532	0	0	5802
Nov 15, 2022	3532	0	0	5611
Nov 16, 2022	3532	0	0	5297
Nov 17, 2022	3532	0	0	4342
Nov 18, 2022	3532	0	0	4352
Nov 19, 2022	3488	0	0	7735
Nov 20, 2022	3488	0	0	5912
Nov 21, 2022	3488	0	0	5493
Nov 22, 2022	3488	0	0	5050
Nov 23, 2022	3488	0	0	4852
Nov 24, 2022	3488	0	0	3906
Nov 25, 2022	3488	0	0	3946
Nov 26, 2022	3488	0	0	6425
Nov 27, 2022	3488	0	0	4820
Nov 28, 2022	3488	0	0	7309
Nov 29, 2022	3488	0	98	1211
Nov 30, 2022	3488	0	0	3883
Dec 01, 2022	3488	0	0	3193
Dec 02, 2022	3488	0	0	3318
Dec 03, 2022	3488	0	0	0
Dec 04, 2022	3488	0	0	9392
Dec 05, 2022	3488	0	0	0
Dec 06, 2022	3488	0	0	7072
Dec 07, 2022	3488	0	0	3210
Dec 08, 2022	3488	0	0	2628
Dec 09, 2022	3488	0	0	2552
Dec 10, 2022	3488	0	0	0
Dec 11, 2022	3488	0	0	0
Dec 12, 2022	3467	0	0	0
Dec 13, 2022	3467	0	0	0
Dec 14, 2022	3467	0	0	12564
Dec 15, 2022	3467	0	0	6807
Dec 16, 2022	3467	0	0	2915
Dec 17, 2022	3467	0	0	4578
Dec 18, 2022	3467	0	0	3605
Dec 19, 2022	3467	0	0	3572
Dec 20, 2022	3467	0	69	3353
Dec 21, 2022	3467	0	0	3323
Dec 22, 2022	3467	0	0	3122
Dec 23, 2022	3467	0	0	3184
Dec 24, 2022	3467	0	0	5283
Dec 25, 2022	3467	0	13	4287
Dec 26, 2022	3467	0	0	3767
Dec 27, 2022	3467	0	0	3848
Dec 28, 2022	3467	0	0	0
Dec 29, 2022	3467	0	0	7093
Dec 30, 2022	3467	0	0	3889
Dec 31, 2022	3467	0	0	6752
Jan 01, 2023	3467	0	0	5186
Jan 02, 2023	3451	0	0	4458
Jan 03, 2023	3451	0	0	3703
Jan 04, 2023	3451	0	0	3277
Jan 05, 2023	3451	0	0	2385
Jan 06, 2023	3451	0	0	2929
Jan 07, 2023	3458	0	0	4074
Jan 08, 2023	3458	0	0	5084
Jan 09, 2023	3458	0	0	3985
Jan 10, 2023	3458	0	0	3604
Jan 11, 2023	3458	0	0	3164
Jan 12, 2023	3458	0	0	2578
Jan 13, 2023	3458	0	0	2530
Jan 14, 2023	3458	0	0	4091
Jan 15, 2023	3458	0	0	3118
Jan 16, 2023	3458	0	0	2756
Jan 17, 2023	3458	0	0	0
Jan 18, 2023	3458	0	0	4944
Jan 19, 2023	3458	0	0	0
Jan 20, 2023	3458	0	0	4047
Jan 21, 2023	3458	0	0	3094
Jan 22, 2023	3458	0	0	2409
Jan 23, 2023	3458	0	0	2041
Jan 24, 2023	3458	0	0	2101
Jan 25, 2023	3458	0	0	1844
Jan 26, 2023	3458	0	0	1608
Jan 27, 2023	3458	0	0	1600
Jan 28, 2023	3458	0	0	2395
Jan 29, 2023	3458	0	0	1915
Jan 30, 2023	3458	0	0	1677
Jan 31, 2023	3458	0	0	1607
Feb 01, 2023	3458	0	0	1567
Feb 02, 2023	3458	0	0	1502
Feb 03, 2023	3458	0	0	1398
Feb 04, 2023	3458	0	0	2091
Feb 05, 2023	3458	0	0	1615
Feb 06, 2023	3458	0	0	1606
Feb 07, 2023	3458	0	0	1470
Feb 08, 2023	3458	0	0	3823
Feb 09, 2023	3458	0	0	0
Feb 10, 2023	3458	0	0	183
Feb 11, 2023	3458	0	0	2002
Feb 12, 2023	3458	0	0	1639
Feb 13, 2023	3458	0	0	1483
Feb 14, 2023	3458	0	130	1410
Feb 15, 2023	3458	0	0	1318
Feb 16, 2023	3458	0	5	0
Feb 17, 2023	3458	0	0	0
Feb 18, 2023	3458	0	0	4433
Feb 19, 2023	3458	0	0	0
Feb 20, 2023	3458	0	0	3173
Feb 21, 2023	3458	0	0	1585
Feb 22, 2023	3458	0	0	1674
Feb 23, 2023	3458	0	0	0
Feb 24, 2023	3458	0	0	3396
Feb 25, 2023	3458	0	30	2668
Feb 26, 2023	3458	0	13	2210
Feb 27, 2023	3588	0	0	2039
Feb 28, 2023	3588	0	0	2091
Mar 01, 2023	3526	0	0	1963
Mar 02, 2023	3526	0	0	0
Mar 03, 2023	3526	0	0	0
Mar 04, 2023	3526	0	0	7102
Mar 05, 2023	3526	0	0	2710
Mar 06, 2023	3526	0	0	2592
Mar 07, 2023	3526	0	0	2602
Mar 08, 2023	3526	0	0	2722
Mar 09, 2023	3526	0	0	0
Mar 10, 2023	3556	0	0	5428
Mar 11, 2023	3569	0	0	4092
Mar 12, 2023	3569	0	0	3657
Mar 13, 2023	3548	0	0	3426
Mar 14, 2023	3548	0	0	3676
Mar 15, 2023	3548	0	0	3819
Mar 16, 2023	3548	0	19	3535
Mar 17, 2023	3548	0	0	3596
Mar 18, 2023	3548	0	0	5249
Mar 19, 2023	3548	0	0	4031
Mar 20, 2023	3548	0	0	3712
Mar 21, 2023	3548	0	0	3546
Mar 22, 2023	3548	0	0	3237
Mar 23, 2023	3548	0	5	0
Mar 24, 2023	3548	0	0	5760
Mar 25, 2023	3548	0	0	4205
Mar 26, 2023	3548	0	0	0
Mar 27, 2023	3548	0	0	5627
Mar 28, 2023	3548	0	0	2524
Mar 29, 2023	3567	0	0	2180
Mar 30, 2023	3567	0	10	0
Mar 31, 2023	3567	0	0	0
Apr 01, 2023	3567	0	0	6226
Apr 02, 2023	3567	0	0	1850
Apr 03, 2023	3567	0	0	0
Apr 04, 2023	3567	0	0	2993
Apr 05, 2023	3572	0	0	1170
Apr 06, 2023	3572	0	0	1047
Apr 07, 2023	3572	0	0	1146
Apr 08, 2023	3572	0	0	1456
Apr 09, 2023	3572	0	0	0
Apr 10, 2023	3572	0	0	0
Apr 11, 2023	3572	0	0	0
Apr 12, 2023	3567	0	0	0
Apr 13, 2023	3567	0	0	4096
Apr 14, 2023	3567	0	0	788
Apr 15, 2023	3567	0	0	1201
Apr 16, 2023	3567	0	0	773
Apr 17, 2023	3567	0	0	597
Apr 18, 2023	3567	0	0	566
Apr 19, 2023	3567	0	0	561
Apr 20, 2023	3567	0	0	428
Apr 21, 2023	3567	0	0	0
Apr 22, 2023	3567	0	0	979
Apr 23, 2023	3567	0	0	0
Apr 24, 2023	3567	0	0	795
Apr 25, 2023	3567	0	0	383
Apr 26, 2023	3567	0	0	342
Apr 27, 2023	3567	0	0	0
Apr 28, 2023	3567	0	0	0
Apr 29, 2023	3567	0	0	0
Apr 30, 2023	3567	0	0	1276
May 01, 2023	3567	0	0	240
May 02, 2023	3567	0	0	175
May 03, 2023	3567	0	0	203
May 04, 2023	3567	0	0	134
May 05, 2023	3567	0	0	152
May 06, 2023	3567	0	0	180
May 07, 2023	3567	0	0	240
May 08, 2023	3567	0	0	141
May 09, 2023	3567	0	0	0
May 10, 2023	3567	0	0	305
May 11, 2023	3567	0	0	0
May 12, 2023	3567	0	0	255
May 13, 2023	3567	0	0	181
May 14, 2023	3567	0	0	0
May 15, 2023	3567	0	0	219
May 16, 2023	3567	0	0	97
May 17, 2023	3567	0	0	104
May 18, 2023	3567	0	0	0
May 19, 2023	3567	0	0	186
May 20, 2023	3567	0	0	123
May 21, 2023	3567	0	0	112
May 22, 2023	3567	0	0	63
May 23, 2023	3567	0	0	74
May 24, 2023	3567	0	0	77
May 25, 2023	3567	0	0	54
May 26, 2023	3567	0	0	64
May 27, 2023	3567	0	0	85
May 28, 2023	3567	0	0	66
May 29, 2023	3567	0	0	42
May 30, 2023	3567	0	0	68
May 31, 2023	3567	0	0	36
Jun 01, 2023	3567	0	0	43
Jun 02, 2023	3567	0	0	33
Jun 03, 2023	3567	0	0	60
Jun 04, 2023	3567	0	0	52
Jun 05, 2023	3567	0	0	34
Jun 06, 2023	3567	0	0	32
Jun 07, 2023	3567	0	0	42
Jun 08, 2023	3567	0	0	24
Jun 09, 2023	3567	0	0	27
Jun 10, 2023	3567	0	0	42
Jun 11, 2023	3567	0	0	31
Jun 12, 2023	3567	0	0	26
Jun 13, 2023	3567	0	0	22
Jun 14, 2023	3567	0	0	23
Jun 15, 2023	3567	0	0	24
Jun 16, 2023	3567	0	0	22
Jun 17, 2023	3567	0	0	51
Jun 18, 2023	3567	0	0	28
Jun 19, 2023	3567	0	0	38
Jun 20, 2023	3567	0	0	26
Jun 21, 2023	3567	0	0	27
Jun 22, 2023	3567	0	0	20
Jun 23, 2023	3567	0	0	20
Jun 24, 2023	3567	0	0	32
Jun 25, 2023	3567	0	0	17
Jun 26, 2023	3567	0	0	16
Jun 27, 2023	3567	0	0	19
Jun 28, 2023	3567	0	0	29
Jun 29, 2023	3567	0	0	25
Jun 30, 2023	3567	0	0	18
Jul 01, 2023	3567	0	0	26
Jul 02, 2023	3567	0	0	30
Jul 03, 2023	3567	0	0	15
Jul 04, 2023	3567	0	0	23
Jul 05, 2023	3567	0	0	19
Jul 06, 2023	3567	0	0	16
Jul 07, 2023	3567	0	0	0
Jul 08, 2023	3567	0	0	34
Jul 09, 2023	3567	0	0	0
Jul 10, 2023	3567	0	0	41
Jul 11, 2023	3567	0	0	18
Jul 12, 2023	3567	0	0	12
Jul 13, 2023	3567	0	0	24
Jul 14, 2023	3567	0	0	22
Jul 15, 2023	3567	0	0	38
Jul 16, 2023	3567	0	0	0
Jul 17, 2023	3567	0	0	32
Jul 18, 2023	3567	0	0	20
Jul 19, 2023	3567	0	0	22
Jul 20, 2023	3567	0	0	13
Jul 21, 2023	3567	0	0	21
Jul 22, 2023	3567	0	0	31
Jul 23, 2023	3567	0	0	29
Jul 24, 2023	3567	0	0	23
Jul 25, 2023	3567	0	0	28
Jul 26, 2023	3567	0	0	0
Jul 27, 2023	3567	0	0	55
Jul 28, 2023	3567	0	0	44
Jul 29, 2023	3567	0	0	55
Jul 30, 2023	3567	0	0	44
Jul 31, 2023	3567	0	0	36
Aug 01, 2023	3567	0	0	50
Aug 02, 2023	3567	0	0	44
Aug 03, 2023	3567	0	0	44
Aug 04, 2023	3567	0	0	43
Aug 05, 2023	3567	0	0	71
Aug 06, 2023	3567	0	0	50
Aug 07, 2023	3567	0	0	50
Aug 08, 2023	3567	0	0	0
Aug 09, 2023	3567	0	0	0
Aug 10, 2023	3567	0	0	0
Aug 11, 2023	3567	0	0	224
Aug 12, 2023	3567	0	0	0
Aug 13, 2023	3567	0	0	0
Aug 14, 2023	3567	0	0	188
Aug 15, 2023	3567	0	0	63
Aug 16, 2023	3567	0	0	69
Aug 17, 2023	3567	0	0	0
Aug 18, 2023	3567	0	0	104
Aug 19, 2023	3567	0	0	0
Aug 20, 2023	3567	0	0	0
Aug 21, 2023	3567	0	0	228
Aug 22, 2023	3567	0	0	0
Aug 23, 2023	3567	0	0	0
Aug 24, 2023	3567	0	0	215
Aug 25, 2023	3567	0	0	73
Aug 26, 2023	3567	0	0	0
Aug 27, 2023	3567	0	0	0
Aug 28, 2023	3567	0	0	0
Aug 29, 2023	3567	0	0	371
Aug 30, 2023	3567	0	0	0
Aug 31, 2023	3567	0	0	83
Sep 01, 2023	3567	0	0	0
Sep 02, 2023	3567	0	0	0
Sep 03, 2023	3567	0	0	0
Sep 04, 2023	3567	0	0	0
Sep 05, 2023	3567	0	0	0
Sep 06, 2023	3567	0	0	491
Sep 07, 2023	3567	0	0	0
Sep 08, 2023	3567	0	0	0
Sep 09, 2023	3567	0	0	0
Sep 10, 2023	3567	0	0	0
Sep 11, 2023	3567	0	0	0
Sep 12, 2023	3567	0	0	0
Sep 13, 2023	3567	0	0	0
Sep 14, 2023	3567	0	0	649
Sep 15, 2023	3567	0	0	0
Sep 16, 2023	3567	0	0	0
Sep 17, 2023	3567	0	0	0
Sep 18, 2023	3567	0	0	0
Sep 19, 2023	3567	0	0	0
Sep 20, 2023	3567	0	0	0
Sep 21, 2023	3567	0	471	790
Sep 22, 2023	3567	0	0	0
Sep 23, 2023	3567	0	0	0
Sep 24, 2023	3567	0	0	0
Sep 25, 2023	3567	0	0	0
Sep 26, 2023	3567	0	0	0
Sep 27, 2023	3567	0	0	0
Sep 28, 2023	3567	0	0	0
Sep 29, 2023	3567	0	0	0
Sep 30, 2023	3567	0	0	864
Oct 01, 2023	3567	0	0	0
Oct 02, 2023	3567	0	0	0
Oct 03, 2023	3567	0	20	0
Oct 04, 2023	4038	0	0	0
Oct 05, 2023	4038	0	0	0
Oct 06, 2023	4038	0	0	1354
Oct 07, 2023	4038	0	0	0
Oct 08, 2023	4038	0	0	0
Oct 09, 2023	4038	0	0	0
Oct 10, 2023	4038	0	7	0
Oct 11, 2023	4038	0	0	0
Oct 12, 2023	4038	0	0	0
Oct 13, 2023	4038	0	0	1774
Oct 14, 2023	4038	0	0	0
Oct 15, 2023	4038	0	0	0
Oct 16, 2023	4058	0	0	0
Oct 17, 2023	4058	0	0	0
Oct 18, 2023	4058	0	0	0
Oct 19, 2023	4058	0	0	0
Oct 20, 2023	4058	0	0	2091
Oct 21, 2023	4058	0	0	0
Oct 22, 2023	4058	0	0	0
Oct 23, 2023	4065	0	0	0
Oct 24, 2023	4065	0	0	0
Oct 25, 2023	4065	0	0	0
Oct 26, 2023	4065	0	0	0
Oct 27, 2023	4065	0	0	2952
Oct 28, 2023	4065	0	0	3418
Oct 29, 2023	4065	0	0	0
Oct 30, 2023	4065	0	0	0
Oct 31, 2023	4065	0	0	0
Nov 01, 2023	4065	0	0	0
Nov 02, 2023	4065	0	0	0
Nov 03, 2023	4065	0	0	0
Nov 04, 2023	4065	0	0	0
Nov 05, 2023	4065	0	0	0
Nov 06, 2023	4065	0	0	0
Nov 07, 2023	4065	0	0	0
Nov 08, 2023	4065	0	0	0
Nov 09, 2023	4065	0	0	0
Nov 10, 2023	4065	0	0	0
Nov 11, 2023	4065	0	0	3539
Nov 12, 2023	4065	0	0	8006
Nov 13, 2023	4065	0	0	0
Nov 14, 2023	4065	0	0	0
Nov 15, 2023	4065	0	0	0
Nov 16, 2023	4065	0	0	0
Nov 17, 2023	4065	0	0	0
Nov 18, 2023	4065	0	0	0
Nov 19, 2023	4065	0	0	0
Nov 20, 2023	4065	0	0	0
Nov 21, 2023	4065	0	0	0
Nov 22, 2023	4065	0	0	0
Nov 23, 2023	4065	0	0	0
Nov 24, 2023	4065	0	0	0
Nov 25, 2023	4065	0	0	0
Nov 26, 2023	4065	0	0	0
Nov 27, 2023	4065	0	0	0
Nov 28, 2023	4065	0	0	0
Nov 29, 2023	4065	0	0	0
Nov 30, 2023	4065	0	0	0
Dec 01, 2023	4065	0	0	0
Dec 02, 2023	4065	0	0	0
Dec 03, 2023	4065	0	0	0
Dec 04, 2023	4065	0	0	0
Dec 05, 2023	4065	0	0	0
Dec 06, 2023	4065	0	0	0
Dec 07, 2023	4065	0	0	0
Dec 08, 2023	4065	0	0	0
Dec 09, 2023	4065	0	0	0
Dec 10, 2023	4065	0	0	0
Dec 11, 2023	4065	0	0	0
Dec 12, 2023	4065	0	0	0
Dec 13, 2023	4065	0	0	0
Dec 14, 2023	4065	0	0	0
Dec 15, 2023	4065	0	0	0
Dec 16, 2023	4065	0	0	0
Dec 17, 2023	4065	0	0	0
Dec 18, 2023	4065	0	15	0
Dec 19, 2023	4065	0	0	0
Dec 20, 2023	4065	0	0	0
Dec 21, 2023	4065	0	0	0
Dec 22, 2023	4065	0	0	0
Dec 23, 2023	4065	0	0	0
Dec 24, 2023	4065	0	0	0
Dec 25, 2023	4065	0	0	0
Dec 26, 2023	4065	0	0	0
Dec 27, 2023	4065	0	0	0
Dec 28, 2023	4065	0	0	0
Dec 29, 2023	4065	0	0	0
Dec 30, 2023	4065	0	0	0
Dec 31, 2023	4080	0	0	0
Jan 01, 2024	4080	0	0	0
Jan 02, 2024	4080	0	0	0
Jan 03, 2024	4080	0	0	0
Jan 04, 2024	4080	0	0	0
Jan 05, 2024	4080	0	0	0
Jan 06, 2024	4080	0	0	0
Jan 07, 2024	4080	0	0	0
Jan 08, 2024	4080	0	0	0
Jan 09, 2024	4080	0	0	0
Jan 10, 2024	4080	0	0	0
Jan 11, 2024	4080	0	0	0
Jan 12, 2024	4080	0	0	0
Jan 13, 2024	4080	0	0	0
Jan 14, 2024	4080	0	0	0
Jan 15, 2024	4080	0	0	0
Jan 16, 2024	4080	0	0	0
Jan 17, 2024	4080	0	0	0
Jan 18, 2024	4080	0	0	0
Jan 19, 2024	4080	0	0	0
Jan 20, 2024	4080	0	0	0
Jan 21, 2024	4080	0	0	0
Jan 22, 2024	4080	0	0	0
Jan 23, 2024	4080	0	0	0
Jan 24, 2024	4080	0	0	0
Jan 25, 2024	4080	0	0	0
Jan 26, 2024	4080	0	0	0
Jan 27, 2024	4080	0	0	0
Jan 28, 2024	4080	0	0	0
Jan 29, 2024	4080	0	0	0
Jan 30, 2024	4080	0	0	0
Jan 31, 2024	4080	0	0	0
Feb 01, 2024	4080	0	0	0
Feb 02, 2024	4080	0	0	0
Feb 03, 2024	4080	0	0	0
Feb 04, 2024	4080	0	0	0
Feb 05, 2024	4080	0	0	0
Feb 06, 2024	4080	0	0	0
Feb 07, 2024	4080	0	0	0
Feb 08, 2024	4080	0	0	0
Feb 09, 2024	4080	0	0	0
Feb 10, 2024	4080	0	0	0
Feb 11, 2024	4080	0	0	0
Feb 12, 2024	4080	0	0	0
Feb 13, 2024	4080	0	0	0
Feb 14, 2024	4080	0	0	0
Feb 15, 2024	4080	0	0	0
Feb 16, 2024	4080	0	0	0
Feb 17, 2024	4080	0	0	0
Feb 18, 2024	4080	0	0	0
Feb 19, 2024	4080	0	0	0
Feb 20, 2024	4080	0	0	0
Feb 21, 2024	4080	0	0	0
Feb 22, 2024	4080	0	0	0
Feb 23, 2024	4080	0	0	0
Feb 24, 2024	4080	0	0	0
Feb 25, 2024	4080	0	0	0
Feb 26, 2024	4080	0	0	0
Feb 27, 2024	4080	0	0	0
Feb 28, 2024	4080	0	0	0
Feb 29, 2024	4080	0	0	0
Mar 01, 2024	4080	0	0	0
Mar 02, 2024	4080	0	0	0
Mar 03, 2024	4080	0	0	0
Mar 04, 2024	4080	0	0	0
Mar 05, 2024	4080	0	0	0
Mar 06, 2024	4080	0	0	0
Mar 07, 2024	4080	0	0	0
Mar 08, 2024	4080	0	0	0
Mar 09, 2024	4080	0	0	0
Mar 10, 2024	4080	0	0	0
Mar 11, 2024	4080	0	0	0
Mar 12, 2024	4080	NA	NA	0
Mar 13, 2024	4080	NA	NA	0
Mar 14, 2024	4080	NA	NA	0
Mar 15, 2024	4080	NA	NA	0
Mar 16, 2024	4080	NA	NA	0
Mar 17, 2024	4080	NA	NA	0
Mar 18, 2024	4080	NA	NA	0
Mar 19, 2024	4080	NA	NA	0
Mar 20, 2024	4080	NA	NA	0
Mar 21, 2024	4080	NA	NA	0
Mar 22, 2024	4080	NA	NA	0
Mar 23, 2024	4080	NA	NA	0
Mar 24, 2024	4080	NA	NA	NA
