Dates	Active	Deaths	Newcases	recover
Feb 15, 2020	0	0	0	0
Feb 16, 2020	0	1	1	0
Feb 17, 2020	0	1	1	0
Feb 18, 2020	0	2	4	0
Feb 19, 2020	0	0	0	0
Feb 20, 2020	0	0	6	0
Feb 21, 2020	0	4	3	0
Feb 22, 2020	0	0	8	0
Feb 23, 2020	0	2	14	0
Feb 24, 2020	0	1	23	0
Feb 25, 2020	0	1	3	0
Feb 26, 2020	0	5	21	0
Feb 27, 2020	0	0	31	0
Feb 28, 2020	0	6	34	0
Feb 29, 2020	0	1	52	0
Mar 01, 2020	0	0	38	0
Mar 02, 2020	0	2	34	0
Mar 03, 2020	0	0	129	0
Mar 04, 2020	0	7	153	0
Mar 05, 2020	1	14	156	0
Mar 06, 2020	1	2	219	0
Mar 07, 2020	2	2	244	0
Mar 08, 2020	3	2	17	0
Mar 09, 2020	7	4	94	0
Mar 10, 2020	7	0	46	0
Mar 11, 2020	13	7	27	0
Mar 12, 2020	16	10	27	0
Mar 13, 2020	24	4	82	0
Mar 14, 2020	38	7	43	0
Mar 15, 2020	61	1	80	0
Mar 16, 2020	64	3	70	0
Mar 17, 2020	85	3	31	0
Mar 18, 2020	116	10	63	0
Mar 19, 2020	150	0	97	6
Mar 20, 2020	202	13	90	2
Mar 21, 2020	238	7	69	0
Mar 22, 2020	272	8	25	3
Mar 23, 2020	399	7	146	6
Mar 24, 2020	552	10	100	5
Mar 25, 2020	700	5	144	0
Mar 26, 2020	919	8	92	21
Mar 27, 2020	1143	17	100	18
Mar 28, 2020	1160	8	179	14
Mar 29, 2020	1253	8	253	81
Mar 30, 2020	1298	12	125	0
Mar 31, 2020	1323	0	143	78
Apr 01, 2020	1331	13	166	101
Apr 02, 2020	1413	19	171	92
Apr 03, 2020	1407	9	320	101
Apr 04, 2020	1487	14	269	90
Apr 05, 2020	1555	3	142	110
Apr 06, 2020	1585	22	186	170
Apr 07, 2020	1647	27	248	217
Apr 08, 2020	1739	28	204	159
Apr 09, 2020	1829	31	356	297
Apr 10, 2020	1575	29	299	293
Apr 11, 2020	1599	10	306	195
Apr 12, 2020	1745	22	387	308
Apr 13, 2020	1843	53	450	279
Apr 14, 2020	1987	44	440	291
Apr 15, 2020	2072	29	354	362
Apr 16, 2020	1662	26	237	322
Apr 17, 2020	1839	35	427	414
Apr 18, 2020	2090	33	667	303
Apr 19, 2020	2213	41	528	338
Apr 20, 2020	2199	22	599	293
Apr 21, 2020	2365	51	641	417
Apr 22, 2020	2529	38	702	418
Apr 23, 2020	2418	57	728	523
Apr 24, 2020	2683	61	669	419
Apr 25, 2020	2818	45	790	278
Apr 26, 2020	3003	47	836	303
Apr 27, 2020	3248	84	1167	383
Apr 28, 2020	2845	84	924	347
Apr 29, 2020	3191	49	772	523
Apr 30, 2020	3490	76	808	438
May 01, 2020	3472	71	1141	554
May 02, 2020	3684	70	994	469
May 03, 2020	4126	58	1225	374
May 04, 2020	4361	91	1247	295
May 05, 2020	4705	58	1038	479
May 06, 2020	4528	50	653	475
May 07, 2020	4947	64	1683	496
May 08, 2020	5597	97	1475	507
May 09, 2020	5282	47	1848	445
May 10, 2020	5682	54	1737	493
May 11, 2020	6126	62	1726	520
May 12, 2020	6828	114	1684	740
May 13, 2020	7153	106	1464	790
May 14, 2020	6866	90	1723	959
May 15, 2020	7238	49	3287	1400
May 16, 2020	7663	75	2658	1199
May 17, 2020	8296	44	2554	952
May 18, 2020	8904	75	2326	1342
May 19, 2020	8983	132	2610	997
May 20, 2020	8767	95	2125	1488
May 21, 2020	9877	98	2445	1350
May 22, 2020	9681	111	3166	1204
May 23, 2020	10896	76	3379	1602
May 24, 2020	11119	178	3832	1154
May 25, 2020	11282	114	4328	1613
May 26, 2020	11062	197	3516	2625
May 27, 2020	12002	103	2818	2610
May 28, 2020	12526	122	4103	2448
May 29, 2020	13612	144	3499	1833
May 30, 2020	14287	114	3848	2296
May 31, 2020	15275	111	4996	2219
Jun 01, 2020	16452	96	4649	0
Jun 02, 2020	16837	179	4314	41227
Jun 03, 2020	17145	110	4545	4575
Jun 04, 2020	18736	222	5722	4883
Jun 05, 2020	19545	139	6619	0
Jun 06, 2020	20877	148	6253	0
Jun 07, 2020	23049	88	7254	0
Jun 08, 2020	23830	144	6372	0
Jun 09, 2020	22946	200	6167	0
Jun 10, 2020	22828	587	6987	30813
Jun 11, 2020	24160	157	8173	4914
Jun 12, 2020	25703	257	8781	5938
Jun 13, 2020	27610	321	9118	6408
Jun 14, 2020	30189	117	10919	5088
Jun 15, 2020	32270	306	8826	7440
Jun 16, 2020	32821	195	9025	0
Jun 17, 2020	34592	246	10195	30209
Jun 18, 2020	37434	324	8863	5050
Jun 19, 2020	38262	198	13757	5118
Jun 20, 2020	40695	152	12423	3960
Jun 21, 2020	44000	219	13579	4828
Jun 22, 2020	46405	178	12131	5173
Jun 23, 2020	49225	354	11624	4523
Jun 24, 2020	53001	425	10559	4234
Jun 25, 2020	56411	314	12834	4104
Jun 26, 2020	58453	313	13252	4624
Jun 27, 2020	62631	309	13454	4155
Jun 28, 2020	67117	203	13365	3944
Jun 29, 2020	71510	219	13530	5075
Jun 30, 2020	75418	134	9356	4214
Jul 01, 2020	80999	266	8219	3804
Jul 02, 2020	83672	268	13229	4096
Jul 03, 2020	88354	294	13183	4102
Jul 04, 2020	94238	125	14028	3587
Jul 05, 2020	100785	166	12278	3339
Jul 06, 2020	105136	147	11301	3874
Jul 07, 2020	110656	290	7139	3458
Jul 08, 2020	114846	163	7276	3219
Jul 09, 2020	122224	200	11431	3131
Jul 10, 2020	129301	231	11113	3061
Jul 11, 2020	133226	148	11081	2788
Jul 12, 2020	138044	74	10168	2654
Jul 13, 2020	146185	103	8245	2664
Jul 14, 2020	148478	153	5409	2865
Jul 15, 2020	146701	199	4483	3216
Jul 16, 2020	154803	130	8611	1513
Jul 17, 2020	155450	118	8357	2635
Jul 18, 2020	164596	244	7336	2345
Jul 19, 2020	169156	48	7759	2198
Jul 20, 2020	174539	125	6711	2824
Jul 21, 2020	169199	117	3762	2425
Jul 22, 2020	160683	130	2526	2190
Jul 23, 2020	166581	179	2827	2265
Jul 24, 2020	170784	118	3970	2473
Jul 25, 2020	165354	104	6313	1926
Jul 26, 2020	174503	113	4540	1859
Jul 27, 2020	171429	118	3714	2378
Jul 28, 2020	166047	84	2556	2225
Jul 29, 2020	166514	84	2272	2071
Jul 30, 2020	165599	100	3940	1699
Jul 31, 2020	159812	116	3903	2180
Aug 01, 2020	153440	50	3419	1904
Aug 02, 2020	156671	20	3729	1565
Aug 03, 2020	151027	53	2744	2354
Aug 04, 2020	149407	146	1687	1961
Aug 05, 2020	143996	65	1576	1877
Aug 06, 2020	141928	68	2700	2000
Aug 07, 2020	141463	88	2601	1965
Aug 08, 2020	139045	86	1857	1693
Aug 09, 2020	138605	13	2434	1516
Aug 10, 2020	136387	40	2520	2199
Aug 11, 2020	129800	130	1997	1878
Aug 12, 2020	126421	91	1225	1712
Aug 13, 2020	124501	79	2350	1906
Aug 14, 2020	106257	30	2435	1914
Aug 15, 2020	105434	65	2075	1877
Aug 16, 2020	103513	22	1817	1557
Aug 17, 2020	100596	193	1643	2055
Aug 18, 2020	94734	83	850	1845
Aug 19, 2020	92502	68	1086	1778
Aug 20, 2020	90442	136	2002	1834
Aug 21, 2020	90679	44	2019	1833
Aug 22, 2020	90211	30	1972	1449
Aug 23, 2020	90524	39	1827	1285
Aug 24, 2020	82023	41	1589	1999
Aug 25, 2020	79536	90	962	1805
Aug 26, 2020	77147	149	777	1654
Aug 27, 2020	73485	164	1935	1530
Aug 28, 2020	72611	143	2141	1731
Aug 29, 2020	72025	130	2067	1401
Aug 30, 2020	72575	110	2041	1295
Aug 31, 2020	72114	86	1564	1911
Sep 01, 2020	64097	170	729	1893
Sep 02, 2020	62833	127	1354	1726
Sep 03, 2020	63649	162	1918	1839
Sep 04, 2020	62657	62	1872	1719
Sep 05, 2020	60964	39	1489	1432
Sep 06, 2020	59791	64	975	1318
Sep 07, 2020	57843	21	1276	2013
Sep 08, 2020	57664	168	908	1825
Sep 09, 2020	57363	88	908	1801
Sep 10, 2020	56195	105	1778	1708
Sep 11, 2020	56457	49	1756	1855
Sep 12, 2020	56387	54	1760	1407
Sep 13, 2020	56464	25	1894	1399
Sep 14, 2020	55982	41	1583	2219
Sep 15, 2020	52753	46	932	1909
Sep 16, 2020	53548	59	1033	2075
Sep 17, 2020	54506	54	1925	2053
Sep 18, 2020	54935	67	1746	2120
Sep 19, 2020	54284	47	1470	1645
Sep 20, 2020	55194	139	2559	1365
Sep 21, 2020	54739	55	1585	2065
Sep 22, 2020	54257	76	893	1989
Sep 23, 2020	54751	47	1185	1711
Sep 24, 2020	54847	95	1888	1704
Sep 25, 2020	53053	74	1781	4390
Sep 26, 2020	51278	41	2031	1429
Sep 27, 2020	50618	20	1940	2113
Sep 28, 2020	50571	37	1672	1764
Sep 29, 2020	49342	109	1470	1842
Sep 30, 2020	49450	61	1056	1700
Oct 01, 2020	49589	66	2067	1839
Oct 02, 2020	49836	79	2169	1402
Oct 03, 2020	49971	54	1908	1165
Oct 04, 2020	49485	36	1845	1981
Oct 05, 2020	49468	75	1632	1580
Oct 06, 2020	49231	122	896	1436
Oct 07, 2020	49729	128	1099	1617
Oct 08, 2020	50663	118	1874	1665
Oct 09, 2020	50672	91	2068	1275
Oct 10, 2020	51016	89	1924	1093
Oct 11, 2020	50869	59	1781	1638
Oct 12, 2020	50777	66	1379	1619
Oct 13, 2020	50871	118	777	1558
Oct 14, 2020	51300	122	1249	1582
Oct 15, 2020	51508	91	1722	1531
Oct 16, 2020	52512	92	1877	1337
Oct 17, 2020	53230	62	1772	1033
Oct 18, 2020	50706	39	1741	1265
Oct 19, 2020	51437	60	1380	1767
Oct 20, 2020	47988	110	1255	1613
Oct 21, 2020	47816	65	1739	1517
Oct 22, 2020	49021	95	2153	1425
Oct 23, 2020	49911	161	2352	1246
Oct 24, 2020	50577	105	2226	1123
Oct 25, 2020	50646	140	2251	1698
Oct 26, 2020	50947	43	1853	1481
Oct 27, 2020	50881	184	1253	1395
Oct 28, 2020	51870	143	1999	1295
Oct 29, 2020	52595	174	2905	1350
Oct 30, 2020	51316	206	2529	1118
Oct 31, 2020	51913	155	3124	1031
Nov 01, 2020	51998	171	2662	1591
Nov 02, 2020	50537	176	2284	1508
Nov 03, 2020	49940	211	2093	1503
Nov 04, 2020	50683	167	2508	1218
Nov 05, 2020	41002	185	3270	1340
Nov 06, 2020	38662	276	3088	1054
Nov 07, 2020	37198	255	3390	1079
Nov 08, 2020	37602	153	3217	1727
Nov 09, 2020	37776	217	2578	1473
Nov 10, 2020	36923	341	2316	1313
Nov 11, 2020	35731	413	2309	1343
Nov 12, 2020	33545	328	4198	1353
Nov 13, 2020	34410	295	4427	1170
Nov 14, 2020	35516	246	4962	1052
Nov 15, 2020	37126	215	4673	1632
Nov 16, 2020	36263	338	4141	1529
Nov 17, 2020	36808	500	3333	1366
Nov 18, 2020	34843	468	4035	1319
Nov 19, 2020	36238	439	6750	1332
Nov 20, 2020	34748	420	8215	1150
Nov 21, 2020	36573	290	8369	1027
Nov 22, 2020	36469	404	7930	1557
Nov 23, 2020	37393	437	8047	1393
Nov 24, 2020	34502	516	5194	1401
Nov 25, 2020	37650	394	7598	1377
Nov 26, 2020	40647	444	10068	1486
Nov 27, 2020	37474	620	9181	1140
Nov 28, 2020	40155	401	8778	1070
Nov 29, 2020	35364	341	11005	1683
Nov 30, 2020	37007	418	9502	1501
Dec 01, 2020	37909	759	8842	1446
Dec 02, 2020	40257	811	9558	1400
Dec 03, 2020	39496	716	14131	1410
Dec 04, 2020	43207	619	14391	1190
Dec 05, 2020	43904	386	14885	1036
Dec 06, 2020	47420	255	11622	1787
Dec 07, 2020	49734	346	9559	1766
Dec 08, 2020	46219	844	7503	1683
Dec 09, 2020	51230	569	9638	1677
Dec 10, 2020	57246	651	17817	1665
Dec 11, 2020	63697	578	18109	1420
Dec 12, 2020	69716	501	16827	1227
Dec 13, 2020	76694	302	15093	2044
Dec 14, 2020	79967	244	11931	1589
Dec 15, 2020	85110	684	12677	1893
Dec 16, 2020	85345	757	14497	1884
Dec 17, 2020	88578	558	21964	1912
Dec 18, 2020	93554	531	21126	1664
Dec 19, 2020	100316	320	22113	1533
Dec 20, 2020	103496	214	21737	2334
Dec 21, 2020	109674	236	17526	2222
Dec 22, 2020	106924	550	15137	2039
Dec 23, 2020	117492	400	13184	1980
Dec 24, 2020	119879	263	18667	2054
Dec 25, 2020	127152	299	18615	1805
Dec 26, 2020	129531	280	14970	1783
Dec 27, 2020	133161	111	14057	2672
Dec 28, 2020	135195	184	12341	2400
Dec 29, 2020	135800	398	9064	2425
Dec 30, 2020	143953	278	9839	2144
Dec 31, 2020	149476	238	12787	1915
Jan 01, 2021	157804	290	11450	2535
Jan 02, 2021	162544	152	11832	2474
Jan 03, 2021	168060	78	12345	3728
Jan 04, 2021	172358	196	8196	3088
Jan 05, 2021	176977	220	4579	3115
Jan 06, 2021	190136	166	6078	2675
Jan 07, 2021	201787	231	7113	2735
Jan 08, 2021	213518	152	7193	3088
Jan 09, 2021	226008	81	6178	3022
Jan 10, 2021	233479	114	5329	4823
Jan 11, 2021	241259	98	4552	4156
Jan 12, 2021	207549	265	2563	4216
Jan 13, 2021	213527	111	2665	4112
Jan 14, 2021	212502	145	4083	3991
Jan 15, 2021	213825	118	3774	3416
Jan 16, 2021	206079	158	3772	2859
Jan 17, 2021	203615	52	3203	4566
Jan 18, 2021	193207	84	2450	4157
Jan 19, 2021	174631	195	1384	4106
Jan 20, 2021	171200	96	1753	3942
Jan 21, 2021	158829	97	3178	4289
Jan 22, 2021	152134	105	2503	3515
Jan 23, 2021	147672	81	2798	3111
Jan 24, 2021	142459	31	2396	4892
Jan 25, 2021	135827	126	1755	4341
Jan 26, 2021	127888	104	1109	4236
Jan 27, 2021	125389	110	1217	4091
Jan 28, 2021	123250	96	2334	4167
Jan 29, 2021	116237	69	2341	3280
Jan 30, 2021	113057	82	1923	2817
Jan 31, 2021	110656	65	1700	4573
Feb 01, 2021	106542	96	1438	3871
Feb 02, 2021	96100	140	797	3651
Feb 03, 2021	94576	74	1004	3723
Feb 04, 2021	94560	91	1873	3506
Feb 05, 2021	89550	313	1686	2716
Feb 06, 2021	87565	47	1664	2339
Feb 07, 2021	70078	29	1456	4400
Feb 08, 2021	67512	86	1175	3611
Feb 09, 2021	65547	55	569	3391
Feb 10, 2021	61283	122	861	3390
Feb 11, 2021	59914	164	1456	3519
Feb 12, 2021	56742	67	1412	2983
Feb 13, 2021	56602	46	1321	2482
Feb 14, 2021	55940	15	1234	4060
Feb 15, 2021	54002	47	867	3688
Feb 16, 2021	49168	78	642	3692
Feb 17, 2021	48441	58	997	3359
Feb 18, 2021	47146	51	1486	3338
Feb 19, 2021	45202	49	1483	2821
Feb 20, 2021	44159	8	1232	2557
Feb 21, 2021	43006	33	1550	3999
Feb 22, 2021	42145	8	1012	3543
Feb 23, 2021	36955	37	617	3619
Feb 24, 2021	35535	79	939	3413
Feb 25, 2021	35286	62	1540	3654
Feb 26, 2021	34804	53	1473	3124
Feb 27, 2021	33456	30	1471	2721
Feb 28, 2021	33360	66	1386	4639
Mar 01, 2021	32761	34	1057	3939
Mar 02, 2021	31431	67	603	3968
Mar 03, 2021	31330	75	513	3990
Mar 04, 2021	31400	73	1054	4124
Mar 05, 2021	31570	93	1563	3634
Mar 06, 2021	30243	48	1525	3351
Mar 07, 2021	29712	25	1395	5641
Mar 08, 2021	29050	21	971	4841
Mar 09, 2021	27692	131	551	4817
Mar 10, 2021	27361	53	761	4822
Mar 11, 2021	27215	55	1431	5159
Mar 12, 2021	26214	71	1302	4509
Mar 13, 2021	24328	59	1281	3947
Mar 14, 2021	23965	23	782	6122
Mar 15, 2021	23445	38	466	5635
Mar 16, 2021	21552	51	455	5720
Mar 17, 2021	21957	48	440	5459
Mar 18, 2021	22496	46	761	5956
Mar 19, 2021	22344	19	1374	5116
Mar 20, 2021	22763	56	1275	4557
Mar 21, 2021	22806	11	1293	7417
Mar 22, 2021	22454	35	937	6501
Mar 23, 2021	21653	59	659	6546
Mar 24, 2021	21186	46	852	6228
Mar 25, 2021	21922	63	1609	6760
Mar 26, 2021	21055	67	1380	5772
Mar 27, 2021	20795	37	1433	5190
Mar 28, 2021	21012	11	1333	8099
Mar 29, 2021	20765	91	1096	7232
Mar 30, 2021	20499	71	748	6962
Mar 31, 2021	21137	72	858	6864
Apr 01, 2021	21878	44	1578	7488
Apr 02, 2021	22535	113	1422	5833
Apr 03, 2021	22095	59	1647	5028
Apr 04, 2021	21765	27	1393	8481
Apr 05, 2021	21483	50	1108	7163
Apr 06, 2021	21150	80	854	6834
Apr 07, 2021	20825	168	885	7592
Apr 08, 2021	21321	61	1258	5879
Apr 09, 2021	21532	152	1093	5895
Apr 10, 2021	21744	53	1684	5443
Apr 11, 2021	21997	30	1642	8509
Apr 12, 2021	21556	72	1229	7383
Apr 13, 2021	21376	103	902	6918
Apr 14, 2021	21343	102	1194	6748
Apr 15, 2021	21456	94	2086	6900
Apr 16, 2021	22281	124	2162	5913
Apr 17, 2021	22676	70	1968	4953
Apr 18, 2021	23057	76	2506	7785
Apr 19, 2021	23047	67	1789	6799
Apr 20, 2021	19997	96	1136	6589
Apr 21, 2021	20281	111	1557	6555
Apr 22, 2021	20751	54	2776	6564
Apr 23, 2021	19959	67	3240	5452
Apr 24, 2021	20035	98	3160	4631
Apr 25, 2021	20290	45	2767	7248
Apr 26, 2021	20407	90	2601	6539
Apr 27, 2021	20128	121	1768	6006
Apr 28, 2021	20709	128	2369	5778
Apr 29, 2021	20936	101	3543	6042
Apr 30, 2021	21400	183	3663	5109
May 01, 2021	21867	115	3352	4237
May 02, 2021	22033	59	4262	6603
May 03, 2021	22115	115	2911	5666
May 04, 2021	22145	209	2397	5401
May 05, 2021	23452	137	3103	4928
May 06, 2021	24022	101	4651	5350
May 07, 2021	24618	119	4449	4381
May 08, 2021	26196	150	4602	3979
May 09, 2021	25793	113	4546	6445
May 10, 2021	25737	94	3778	5492
May 11, 2021	25303	299	2809	5452
May 12, 2021	27528	167	3636	5331
May 13, 2021	29573	149	5817	5626
May 14, 2021	31325	216	5392	4658
May 15, 2021	32948	158	5702	4222
May 16, 2021	34406	123	5483	7083
May 17, 2021	33824	139	5104	6091
May 18, 2021	34775	227	3305	6026
May 19, 2021	37245	385	4234	5692
May 20, 2021	37703	384	8935	6406
May 21, 2021	38532	305	9202	5367
May 22, 2021	39642	176	8068	4987
May 23, 2021	40546	335	9375	7984
May 24, 2021	41005	333	7703	6958
May 25, 2021	41288	460	5582	6512
May 26, 2021	43189	413	8487	6920
May 27, 2021	46026	463	13326	5611
May 28, 2021	47055	376	11838	5820
May 29, 2021	48851	267	10574	5643
May 30, 2021	49847	152	13657	8386
May 31, 2021	50111	221	13235	7598
Jun 01, 2021	49243	637	9215	7270
Jun 02, 2021	52972	456	11160	6848
Jun 03, 2021	56347	379	17599	7106
Jun 04, 2021	58622	415	16175	6083
Jun 05, 2021	60739	293	18875	5334
Jun 06, 2021	61965	184	18065	8722
Jun 07, 2021	61652	222	15127	8119
Jun 08, 2021	60257	600	12296	7466
Jun 09, 2021	66563	519	13428	7021
Jun 10, 2021	72085	436	19624	7190
Jun 11, 2021	74704	453	21714	5984
Jun 12, 2021	79826	415	24417	5108
Jun 13, 2021	83270	289	26645	7761
Jun 14, 2021	83842	244	16685	7023
Jun 15, 2021	87132	372	12589	6508
Jun 16, 2021	96385	523	15594	6020
Jun 17, 2021	105102	526	21557	6136
Jun 18, 2021	106640	249	23048	5106
Jun 19, 2021	111428	336	22577	4086
Jun 20, 2021	117856	179	21741	6467
Jun 21, 2021	117745	247	16401	5462
Jun 22, 2021	119692	558	11250	5047
Jun 23, 2021	131238	425	12611	4728
Jun 24, 2021	142801	461	17595	4693
Jun 25, 2021	146819	482	16534	3646
Jun 26, 2021	152965	273	16035	3293
Jun 27, 2021	159992	191	14790	3605
Jun 28, 2021	158182	200	11283	4495
Jun 29, 2021	155192	190	7253	3947
Jun 30, 2021	166316	576	8982	3606
Jul 01, 2021	180854	476	16338	3437
Jul 02, 2021	185713	386	14948	2816
Jul 03, 2021	193640	239	13802	2263
Jul 04, 2021	194174	274	12129	2767
Jul 05, 2021	186572	301	9777	3079
Jul 06, 2021	184385	556	5701	2899
Jul 07, 2021	196710	386	7780	2821
Jul 08, 2021	210144	319	17407	2698
Jul 09, 2021	210947	291	13708	2047
Jul 10, 2021	212364	270	12963	1863
Jul 11, 2021	210007	171	12493	2677
Jul 12, 2021	199998	164	8783	2242
Jul 13, 2021	193929	371	5608	2039
Jul 14, 2021	201945	519	9042	1971
Jul 15, 2021	206424	359	13343	1830
Jul 16, 2021	194545	363	13728	1521
Jul 17, 2021	189500	276	13605	1173
Jul 18, 2021	179187	135	12384	1879
Jul 19, 2021	167183	236	10038	1542
Jul 20, 2021	159434	434	6797	1515
Jul 21, 2021	161471	236	6580	1385
Jul 22, 2021	164915	420	7523	1093
Jul 23, 2021	154747	248	14357	1145
Jul 24, 2021	152405	183	14000	1047
Jul 25, 2021	150811	76	13099	1565
Jul 26, 2021	144931	199	10200	1359
Jul 27, 2021	141230	284	8031	1184
Jul 28, 2021	151581	254	10750	1141
Jul 29, 2021	156942	176	14816	1147
Jul 30, 2021	156378	283	13754	916
Jul 31, 2021	154070	144	14399	821
Aug 01, 2021	154089	127	13341	1217
Aug 02, 2021	151888	126	10813	1063
Aug 03, 2021	147978	302	7678	986
Aug 04, 2021	152953	168	10409	911
Aug 05, 2021	156681	312	13331	851
Aug 06, 2021	157324	174	12848	772
Aug 07, 2021	159545	165	12118	785
Aug 08, 2021	161693	58	10234	1019
Aug 09, 2021	158149	42	7787	942
Aug 10, 2021	152719	161	5678	837
Aug 11, 2021	141771	125	7127	788
Aug 12, 2021	148303	156	9602	829
Aug 13, 2021	151496	314	9258	665
Aug 14, 2021	155047	34	9255	613
Aug 15, 2021	153780	51	8461	958
Aug 16, 2021	154291	165	5967	790
Aug 17, 2021	154099	202	4143	738
Aug 18, 2021	159588	109	5404	682
Aug 19, 2021	163231	102	7382	682
Aug 20, 2021	170060	79	6307	540
Aug 21, 2021	163821	48	5919	531
Aug 22, 2021	168198	27	5341	807
Aug 23, 2021	164053	39	3985	665
Aug 24, 2021	165428	104	2656	613
Aug 25, 2021	168546	59	3721	562
Aug 26, 2021	170106	124	4695	579
Aug 27, 2021	168460	133	4239	465
Aug 28, 2021	156937	56	3670	420
Aug 29, 2021	158132	25	3306	675
Aug 30, 2021	155770	29	2295	542
Aug 31, 2021	151792	83	1513	544
Sep 01, 2021	145019	37	2210	469
Sep 02, 2021	145950	40	2985	450
Sep 03, 2021	144619	56	2800	386
Sep 04, 2021	144944	25	2275	335
Sep 05, 2021	142574	25	1644	462
Sep 06, 2021	141679	7	973	412
Sep 07, 2021	136102	55	581	437
Sep 08, 2021	135095	80	1375	386
Sep 09, 2021	121789	81	2119	444
Sep 10, 2021	108483	56	1688	372
Sep 11, 2021	106564	23	1645	332
Sep 12, 2021	106711	11	1314	544
Sep 13, 2021	105191	9	814	471
Sep 14, 2021	91135	53	432	423
Sep 15, 2021	83985	62	773	397
Sep 16, 2021	81882	55	1156	460
Sep 17, 2021	77056	47	995	428
Sep 18, 2021	65714	12	930	396
Sep 19, 2021	64528	14	821	602
Sep 20, 2021	63004	2	652	494
Sep 21, 2021	56476	18	202	584
Sep 22, 2021	52950	23	596	509
Sep 23, 2021	52454	31	948	492
Sep 24, 2021	51036	44	953	485
Sep 25, 2021	51055	24	737	549
Sep 26, 2021	50147	13	623	879
Sep 27, 2021	47828	20	417	760
Sep 28, 2021	46096	35	211	687
Sep 29, 2021	46907	48	455	694
Sep 30, 2021	42002	17	595	640
Oct 01, 2021	39900	17	523	490
Oct 02, 2021	39252	7	520	562
Oct 03, 2021	39020	8	452	884
Oct 04, 2021	37744	5	302	717
Oct 05, 2021	36951	15	147	724
Oct 06, 2021	34637	11	333	712
Oct 07, 2021	33777	40	475	802
Oct 08, 2021	33264	7	536	708
Oct 09, 2021	32801	10	478	679
Oct 10, 2021	32821	2	299	1062
Oct 11, 2021	32453	10	231	982
Oct 12, 2021	27283	51	107	976
Oct 13, 2021	22991	22	170	972
Oct 14, 2021	23537	115	346	1046
Oct 15, 2021	23126	12	321	986
Oct 16, 2021	23109	8	341	1003
Oct 17, 2021	22988	6	360	1240
Oct 18, 2021	22810	25	206	1726
Oct 19, 2021	20600	21	117	1574
Oct 20, 2021	20030	28	246	1386
Oct 21, 2021	19387	44	307	1430
Oct 22, 2021	19424	29	358	1303
Oct 23, 2021	19412	21	395	1211
Oct 24, 2021	19440	1	308	1982
Oct 25, 2021	19086	9	264	1921
Oct 26, 2021	18972	27	137	1921
Oct 27, 2021	18482	36	275	1703
Oct 28, 2021	18738	22	569	1790
Oct 29, 2021	18828	20	589	1598
Oct 30, 2021	18818	36	794	1506
Oct 31, 2021	18846	21	892	2298
Nov 01, 2021	18803	11	691	2110
Nov 02, 2021	18711	24	314	1950
Nov 03, 2021	18519	54	868	1956
Nov 04, 2021	18131	36	1275	1811
Nov 05, 2021	18249	35	2465	1536
Nov 06, 2021	16828	48	2828	1606
Nov 07, 2021	16680	3	3220	2177
Nov 08, 2021	16643	106	2858	2640
Nov 09, 2021	16476	35	2273	2565
Nov 10, 2021	16585	100	4373	2430
Nov 11, 2021	16555	75	8561	2354
Nov 12, 2021	16755	81	11535	1975
Nov 13, 2021	17056	30	16055	1992
Nov 14, 2021	16929	41	16366	2852
Nov 15, 2021	16878	15	11125	2748
Nov 16, 2021	16977	25	6381	2433
Nov 17, 2021	17048	81	13147	2238
Nov 18, 2021	17497	127	19842	2481
Nov 19, 2021	18165	84	22388	1869
Nov 20, 2021	18782	53	19017	1833
Nov 21, 2021	19323	30	17153	2849
Nov 22, 2021	19285	85	37875	2442
Nov 23, 2021	20102	140	13288	2399
Nov 24, 2021	20111	111	23857	2176
Nov 25, 2021	18268	45	26389	2271
Nov 26, 2021	19438	140	24785	1933
Nov 27, 2021	21174	119	20713	1831
Nov 28, 2021	23338	82	16080	2769
Nov 29, 2021	23918	77	15465	2383
Nov 30, 2021	28151	119	8511	2131
Dec 01, 2021	36100	181	15423	1983
Dec 02, 2021	46828	159	21098	1892
Dec 03, 2021	60861	128	21156	1613
Dec 04, 2021	74630	161	18847	1428
Dec 05, 2021	83084	86	14828	2133
Dec 06, 2021	86228	87	5603	1841
Dec 07, 2021	96072	100	3778	1856
Dec 08, 2021	112560	156	7216	1493
Dec 09, 2021	132563	139	9020	1580
Dec 10, 2021	143034	103	12978	1300
Dec 11, 2021	158534	114	11754	1132
Dec 12, 2021	163628	114	9793	1796
Dec 13, 2021	176840	88	4357	1532
Dec 14, 2021	170400	132	3076	1135
Dec 15, 2021	191096	94	8078	1363
Dec 16, 2021	210135	160	11106	1367
Dec 17, 2021	210315	133	9858	1107
Dec 18, 2021	209475	121	9259	994
Dec 19, 2021	206713	117	7759	1502
Dec 20, 2021	199346	71	4482	1275
Dec 21, 2021	197925	195	2409	1179
Dec 22, 2021	209618	175	5668	1089
Dec 23, 2021	188196	82	6760	1137
Dec 24, 2021	206962	221	5917	964
Dec 25, 2021	213945	51	5235	1008
Dec 26, 2021	210267	18	4590	1369
Dec 27, 2021	205975	186	2597	1266
Dec 28, 2021	198864	268	1691	1193
Dec 29, 2021	196574	213	3657	1183
Dec 30, 2021	195825	203	4322	1177
Dec 31, 2021	192601	146	3960	1046
Jan 01, 2022	193409	134	3519	1186
Jan 02, 2022	183688	8	3049	1964
Jan 03, 2022	159544	257	1931	1748
Jan 04, 2022	153388	181	1332	1559
Jan 05, 2022	152891	89	3197	1645
Jan 06, 2022	151800	435	4511	1699
Jan 07, 2022	148539	343	4100	1893
Jan 08, 2022	147754	319	3789	2520
Jan 09, 2022	146649	50	3342	4223
Jan 10, 2022	144355	137	2226	4187
Jan 11, 2022	142810	64	1366	4375
Jan 12, 2022	138326	110	3085	4359
Jan 13, 2022	106883	40	4502	5233
Jan 14, 2022	100861	127	3266	4792
Jan 15, 2022	102476	46	2778	5195
Jan 16, 2022	94862	38	3357	9513
Jan 17, 2022	91611	183	1752	9440
Jan 18, 2022	90653	18	1228	10154
Jan 19, 2022	85166	28	824	10191
Jan 20, 2022	84487	41	5628	10873
Jan 21, 2022	79177	18	3169	10281
Jan 22, 2022	79652	26	2862	10743
Jan 23, 2022	75627	0	2489	17643
Jan 24, 2022	74500	66	1649	17606
Jan 25, 2022	73368	16	1094	17560
Jan 26, 2022	66410	31	2364	19547
Jan 27, 2022	67019	25	3699	20698
Jan 28, 2022	67178	28	3056	19491
Jan 29, 2022	67243	3	2800	19098
Jan 30, 2022	65299	13	2267	32258
Jan 31, 2022	53668	0	1456	32072
Feb 01, 2022	53601	2	1151	32013
Feb 02, 2022	55856	40	2334	32015
Feb 03, 2022	54849	62	3117	33191
Feb 04, 2022	49967	39	2411	27462
Feb 05, 2022	49057	11	2111	24936
Feb 06, 2022	47878	2	2320	42657
Feb 07, 2022	46895	9	1266	41565
Feb 08, 2022	40745	3	785	38428
Feb 09, 2022	43514	6	1649	35978
Feb 10, 2022	44090	33	1995	35234
Feb 11, 2022	43781	7	1853	29313
Feb 12, 2022	42351	26	1898	26272
Feb 13, 2022	42499	1	1735	42721
Feb 14, 2022	37406	4	1147	39816
Feb 15, 2022	36837	6	801	36232
Feb 16, 2022	38370	44	1436	33600
Feb 17, 2022	38873	12	1867	31474
Feb 18, 2022	38210	10	1868	26103
Feb 19, 2022	37228	4	1671	23224
Feb 20, 2022	37148	4	1570	37720
Feb 21, 2022	36492	2	972	33817
Feb 22, 2022	37049	15	671	31109
Feb 23, 2022	34211	3	1648	27992
Feb 24, 2022	34847	5	1980	26873
Feb 25, 2022	34023	9	1681	21445
Feb 26, 2022	33018	12	1558	19448
Feb 27, 2022	32298	0	1287	30861
Feb 28, 2022	31521	2	889	27264
Mar 01, 2022	25222	18	566	24111
Mar 02, 2022	25440	16	912	22101
Mar 03, 2022	25758	6	1393	21739
Mar 04, 2022	24551	4	2120	17248
Mar 05, 2022	23678	2	1557	15487
Mar 06, 2022	24559	3	1497	25031
Mar 07, 2022	21020	34	989	21403
Mar 08, 2022	17490	14	581	19299
Mar 09, 2022	19229	16	1557	17788
Mar 10, 2022	18852	65	1677	17190
Mar 11, 2022	19719	10	1886	14417
Mar 12, 2022	20351	12	1692	12607
Mar 13, 2022	18341	5	1420	19787
Mar 14, 2022	18112	30	889	17020
Mar 15, 2022	18219	15	685	16198
Mar 16, 2022	14743	3	1538	14727
Mar 17, 2022	15052	4	2031	14296
Mar 18, 2022	15029	5	1481	11884
Mar 19, 2022	15186	3	1377	10936
Mar 20, 2022	14886	0	1181	16540
Mar 21, 2022	14628	7	828	13314
Mar 22, 2022	14230	7	553	11867
Mar 23, 2022	12996	30	1291	9931
Mar 24, 2022	13765	64	1659	9253
Mar 25, 2022	13836	34	1768	7040
Mar 26, 2022	14573	11	1846	6230
Mar 27, 2022	13723	7	1206	9856
Mar 28, 2022	13636	10	832	7854
Mar 29, 2022	13163	26	877	7170
Mar 30, 2022	13699	50	1475	6172
Mar 31, 2022	15100	21	2842	6010
Apr 01, 2022	12531	114	4406	4597
Apr 02, 2022	12742	9	4629	4227
Apr 03, 2022	11781	2	4230	6503
Apr 04, 2022	11506	16	3222	5262
Apr 05, 2022	11422	41	1954	4807
Apr 06, 2022	12629	55	5062	4075
Apr 07, 2022	13083	31	6371	3813
Apr 08, 2022	12358	18	4146	3015
Apr 09, 2022	13443	15	4954	2851
Apr 10, 2022	12668	2	6527	4485
Apr 11, 2022	11447	19	3838	3743
Apr 12, 2022	11706	50	2650	3108
Apr 13, 2022	10995	41	3785	2856
Apr 14, 2022	11801	49	6170	2807
Apr 15, 2022	12941	36	9757	2258
Apr 16, 2022	13054	14	9253	2113
Apr 17, 2022	13489	4	8524	3195
Apr 18, 2022	13957	16	5486	2585
Apr 19, 2022	14611	28	3237	2237
Apr 20, 2022	16180	29	7523	2046
Apr 21, 2022	19472	31	10017	1680
Apr 22, 2022	22891	35	8920	1922
Apr 23, 2022	26819	28	8349	2095
Apr 24, 2022	29311	4	8015	3240
Apr 25, 2022	30086	33	4344	2492
Apr 26, 2022	34150	47	2952	2159
Apr 27, 2022	37860	27	5096	1989
Apr 28, 2022	39518	24	8179	1911
Apr 29, 2022	38797	20	7238	1761
Apr 30, 2022	42731	9	6375	1645
May 01, 2022	45285	7	5019	2559
May 02, 2022	46378	25	3220	2344
May 03, 2022	40186	41	1662	2168
May 04, 2022	44808	26	4227	2017
May 05, 2022	48672	8	5284	2084
May 06, 2022	53603	5	3800	2118
May 07, 2022	58576	9	3274	2204
May 08, 2022	61812	6	4074	3383
May 09, 2022	63237	16	1774	3228
May 10, 2022	66393	20	1004	2974
May 11, 2022	69872	57	2806	2836
May 12, 2022	73724	7	2647	2900
May 13, 2022	76274	13	2970	2975
May 14, 2022	78349	10	2028	3076
May 15, 2022	80342	4	1656	4707
May 16, 2022	80177	9	1127	4716
May 17, 2022	78602	5	726	4600
May 18, 2022	80191	19	2062	4268
May 19, 2022	80791	29	2093	4552
May 20, 2022	81174	16	1976	4536
May 21, 2022	59118	2	1591	4335
May 22, 2022	59988	1	975	7045
May 23, 2022	57471	3	962	6366
May 24, 2022	54600	32	536	6065
May 25, 2022	55077	12	710	5745
May 26, 2022	50253	9	1903	6204
May 27, 2022	48942	8	1936	5349
May 28, 2022	53002	0	971	5549
May 29, 2022	49096	0	960	8820
May 30, 2022	45730	4	995	8336
May 31, 2022	44024	15	291	7775
Jun 01, 2022	42203	12	1087	7193
Jun 02, 2022	40594	8	1028	7088
Jun 03, 2022	33552	3	1050	6332
Jun 04, 2022	31952	0	946	5904
Jun 05, 2022	30551	0	941	9926
Jun 06, 2022	27723	4	505	8852
Jun 07, 2022	25556	13	212	8941
Jun 08, 2022	25065	4	343	8202
Jun 09, 2022	23897	3	440	8950
Jun 10, 2022	23329	1	399	8305
Jun 11, 2022	22482	0	380	7900
Jun 12, 2022	22233	0	842	12888
Jun 13, 2022	20660	12	226	11438
Jun 14, 2022	19337	7	109	10592
Jun 15, 2022	18286	5	384	9980
Jun 16, 2022	15851	10	657	10073
Jun 17, 2022	14798	5	463	8630
Jun 18, 2022	14573	4	365	8171
Jun 19, 2022	14102	4	0	13416
Jun 20, 2022	13851	4	0	11685
Jun 21, 2022	13571	4	706	10770
Jun 22, 2022	13520	4	491	9701
Jun 23, 2022	13409	4	397	9226
Jun 24, 2022	13204	4	482	7546
Jun 25, 2022	13271	4	406	6885
Jun 26, 2022	13318	4	0	11791
Jun 27, 2022	12972	4	0	8587
Jun 28, 2022	12257	4	880	11813
Jun 29, 2022	11739	5	263	9858
Jun 30, 2022	11588	5	550	9217
Jul 01, 2022	9274	5	372	7879
Jul 02, 2022	9542	5	317	6909
Jul 03, 2022	9590	5	0	8653
Jul 04, 2022	9131	5	0	11748
Jul 05, 2022	8344	5	848	10238
Jul 06, 2022	7798	5	521	8795
Jul 07, 2022	8252	3	381	8551
Jul 08, 2022	8211	3	318	7422
Jul 09, 2022	8211	3	354	6931
Jul 10, 2022	8211	3	569	10936
Jul 11, 2022	7355	2	162	9560
Jul 12, 2022	7376	2	162	8638
Jul 13, 2022	7761	2	160	8091
Jul 14, 2022	7432	4	160	7854
Jul 15, 2022	7324	4	160	6612
Jul 16, 2022	7324	3	165	6288
Jul 17, 2022	7324	3	263	9598
Jul 18, 2022	6675	3	287	8129
Jul 19, 2022	5964	3	273	7434
Jul 20, 2022	5913	4	0	6219
Jul 21, 2022	6002	3	164	6158
Jul 22, 2022	5974	3	532	5345
Jul 23, 2022	5974	3	313	5289
Jul 24, 2022	5974	3	239	9024
Jul 25, 2022	6179	3	168	7889
Jul 26, 2022	6167	3	111	7572
Jul 27, 2022	6299	3	253	7139
Jul 28, 2022	4931	0	292	7411
Jul 29, 2022	4966	0	255	6867
Jul 30, 2022	5531	0	266	6541
Jul 31, 2022	5689	0	221	10378
Aug 01, 2022	5847	0	0	8837
Aug 02, 2022	6003	0	270	8430
Aug 03, 2022	6159	0	207	6601
Aug 04, 2022	6315	17	246	6602
Aug 05, 2022	6476	0	299	8184
Aug 06, 2022	6735	0	247	7646
Aug 07, 2022	7018	0	211	7532
Aug 08, 2022	7287	15	147	12328
Aug 09, 2022	7283	4	74	10558
Aug 10, 2022	7442	4	226	10033
Aug 11, 2022	7969	0	280	9376
Aug 12, 2022	8277	0	302	9495
Aug 13, 2022	8511	0	246	9218
Aug 14, 2022	8674	0	168	8458
Aug 15, 2022	8780	0	159	13732
Aug 16, 2022	9028	0	108	11781
Aug 17, 2022	5590	0	0	11135
Aug 18, 2022	5842	16	526	0
Aug 19, 2022	6105	0	275	18721
Aug 20, 2022	6323	0	329	7626
Aug 21, 2022	6320	0	227	6902
Aug 22, 2022	6588	0	128	0
Aug 23, 2022	6793	0	80	19792
Aug 24, 2022	5547	9	239	9411
Aug 25, 2022	5588	0	262	0
Aug 26, 2022	5582	0	361	16290
Aug 27, 2022	5523	0	279	6900
Aug 28, 2022	5415	0	254	0
Aug 29, 2022	5227	0	0	15291
Aug 30, 2022	5241	0	277	7843
Aug 31, 2022	5316	0	0	0
Sep 01, 2022	5615	52	303	13154
Sep 02, 2022	5858	0	551	0
Sep 03, 2022	6023	0	152	11084
Sep 04, 2022	6179	0	322	4775
Sep 05, 2022	6284	0	67	6659
Sep 06, 2022	6281	0	236	5660
Sep 07, 2022	5380	0	314	5095
Sep 08, 2022	5655	0	323	0
Sep 09, 2022	5984	11	344	8943
Sep 10, 2022	6211	0	308	3957
Sep 11, 2022	6339	0	0	3619
Sep 12, 2022	6419	0	0	0
Sep 13, 2022	6658	0	323	10670
Sep 14, 2022	6920	0	400	4136
Sep 15, 2022	6110	0	342	3661
Sep 16, 2022	6389	54	287	3615
Sep 17, 2022	6643	0	359	3055
Sep 18, 2022	6643	0	261	0
Sep 19, 2022	6905	0	203	0
Sep 20, 2022	6901	0	134	9698
Sep 21, 2022	7200	0	360	2669
Sep 22, 2022	5577	0	361	2231
Sep 23, 2022	5729	52	470	1939
Sep 24, 2022	6051	0	396	0
Sep 25, 2022	6118	0	385	5148
Sep 26, 2022	6354	0	0	3274
Sep 27, 2022	6668	0	374	4565
Sep 28, 2022	6991	8	397	0
Sep 29, 2022	7319	0	424	7462
Sep 30, 2022	7627	0	406	3168
Oct 01, 2022	7627	0	416	2977
Oct 02, 2022	7627	0	0	2799
Oct 03, 2022	7950	0	212	4139
Oct 04, 2022	8350	0	481	0
Oct 05, 2022	5442	0	369	6565
Oct 06, 2022	5729	0	349	2719
Oct 07, 2022	6088	0	371	2674
Oct 08, 2022	6349	0	410	2544
Oct 09, 2022	6552	0	177	2669
Oct 10, 2022	6686	24	416	4096
Oct 11, 2022	7046	0	148	3433
Oct 12, 2022	7407	0	343	3064
Oct 13, 2022	7825	0	376	3026
Oct 14, 2022	8221	33	469	2939
Oct 15, 2022	8606	0	241	0
Oct 16, 2022	8606	0	0	5715
Oct 17, 2022	8980	0	205	13276
Oct 18, 2022	9377	0	718	0
Oct 19, 2022	9801	0	436	8169
Oct 20, 2022	10207	36	528	4036
Oct 21, 2022	10612	0	485	4222
Oct 22, 2022	10612	0	609	7620
Oct 23, 2022	10824	0	464	5520
Oct 24, 2022	11305	0	263	5418
Oct 25, 2022	11674	0	898	5623
Oct 26, 2022	12023	0	1179	0
Oct 27, 2022	12394	86	643	10304
Oct 28, 2022	12750	0	458	5021
Oct 29, 2022	12927	0	598	0
Oct 30, 2022	13343	0	0	14528
Oct 31, 2022	13491	0	0	5605
Nov 01, 2022	13834	0	900	4865
Nov 02, 2022	14210	0	380	4334
Nov 03, 2022	14679	18	843	0
Nov 04, 2022	14868	0	514	7420
Nov 05, 2022	14868	0	431	5244
Nov 06, 2022	15073	0	0	5180
Nov 07, 2022	15791	0	423	7836
Nov 08, 2022	16227	0	268	7496
Nov 09, 2022	16747	0	465	6762
Nov 10, 2022	17232	0	445	5336
Nov 11, 2022	17841	0	318	5533
Nov 12, 2022	18305	0	312	8947
Nov 13, 2022	18568	0	249	6535
Nov 14, 2022	19466	0	143	5802
Nov 15, 2022	20645	0	105	5611
Nov 16, 2022	21288	0	225	5297
Nov 17, 2022	21746	0	301	4342
Nov 18, 2022	22344	0	879	4352
Nov 19, 2022	22344	0	339	7735
Nov 20, 2022	22344	0	309	5912
Nov 21, 2022	23220	0	192	5493
Nov 22, 2022	23600	0	0	5050
Nov 23, 2022	24443	0	210	4852
Nov 24, 2022	24957	0	401	3906
Nov 25, 2022	25355	0	277	3946
Nov 26, 2022	25355	0	418	6425
Nov 27, 2022	25778	0	35	4820
Nov 28, 2022	26046	0	0	7309
Nov 29, 2022	26511	0	0	1211
Nov 30, 2022	26956	0	383	3883
Dec 01, 2022	27238	0	0	3193
Dec 02, 2022	27550	0	287	3318
Dec 03, 2022	27799	0	408	0
Dec 04, 2022	27942	0	366	9392
Dec 05, 2022	28047	0	152	0
Dec 06, 2022	28272	0	82	7072
Dec 07, 2022	28573	0	154	3210
Dec 08, 2022	29366	0	145	2628
Dec 09, 2022	29705	20	0	2552
Dec 10, 2022	30014	0	418	0
Dec 11, 2022	30206	0	204	0
Dec 12, 2022	30206	0	117	0
Dec 13, 2022	30416	0	47	0
Dec 14, 2022	30817	7	88	12564
Dec 15, 2022	31076	0	25	6807
Dec 16, 2022	31494	0	357	2915
Dec 17, 2022	31529	0	214	4578
Dec 18, 2022	31529	0	0	3605
Dec 19, 2022	31529	0	32	3572
Dec 20, 2022	31912	0	206	3353
Dec 21, 2022	31912	0	0	3323
Dec 22, 2022	32199	0	602	3122
Dec 23, 2022	32607	0	170	3184
Dec 24, 2022	32973	0	183	5283
Dec 25, 2022	33125	0	364	4287
Dec 26, 2022	33207	0	180	3767
Dec 27, 2022	33361	0	104	3848
Dec 28, 2022	33506	0	223	0
Dec 29, 2022	33506	0	874	7093
Dec 30, 2022	33924	0	539	3889
Dec 31, 2022	34128	0	269	6752
Jan 01, 2023	34245	0	0	5186
Jan 02, 2023	34292	0	364	4458
Jan 03, 2023	34380	0	107	3703
Jan 04, 2023	34405	0	255	3277
Jan 05, 2023	34762	0	281	2385
Jan 06, 2023	34976	0	251	2929
Jan 07, 2023	34976	0	230	4074
Jan 08, 2023	35008	0	0	5084
Jan 09, 2023	35214	0	132	3985
Jan 10, 2023	35214	0	304	3604
Jan 11, 2023	35816	0	246	3164
Jan 12, 2023	35986	0	235	2578
Jan 13, 2023	36169	0	257	2530
Jan 14, 2023	36533	0	243	4091
Jan 15, 2023	36713	0	0	3118
Jan 16, 2023	36817	0	0	2756
Jan 17, 2023	37040	0	510	0
Jan 18, 2023	37914	0	451	4944
Jan 19, 2023	38453	0	348	0
Jan 20, 2023	38702	0	336	4047
Jan 21, 2023	38702	0	277	3094
Jan 22, 2023	39066	0	199	2409
Jan 23, 2023	39173	0	90	2041
Jan 24, 2023	39428	0	54	2101
Jan 25, 2023	39702	0	382	1844
Jan 26, 2023	39953	0	0	1608
Jan 27, 2023	40183	0	729	1600
Jan 28, 2023	40183	0	272	2395
Jan 29, 2023	40315	0	0	1915
Jan 30, 2023	40619	0	0	1677
Jan 31, 2023	40865	0	736	1607
Feb 01, 2023	41100	0	0	1567
Feb 02, 2023	41357	0	0	1502
Feb 03, 2023	41600	0	0	1398
Feb 04, 2023	41600	0	298	2091
Feb 05, 2023	41600	0	195	1615
Feb 06, 2023	42110	0	745	1606
Feb 07, 2023	42561	0	914	1470
Feb 08, 2023	42909	0	336	3823
Feb 09, 2023	43245	0	290	0
Feb 10, 2023	43522	0	594	183
Feb 11, 2023	43721	0	432	2002
Feb 12, 2023	43811	0	0	1639
Feb 13, 2023	43865	0	0	1483
Feb 14, 2023	44247	0	968	1410
Feb 15, 2023	44247	0	187	1318
Feb 16, 2023	44976	0	597	0
Feb 17, 2023	45248	0	426	0
Feb 18, 2023	45248	0	386	4433
Feb 19, 2023	45248	0	0	0
Feb 20, 2023	45984	0	0	3173
Feb 21, 2023	45984	0	866	1585
Feb 22, 2023	45984	0	0	1674
Feb 23, 2023	45984	0	0	0
Feb 24, 2023	46282	0	1259	3396
Feb 25, 2023	46477	0	0	2668
Feb 26, 2023	47222	0	0	2210
Feb 27, 2023	48136	0	0	2039
Feb 28, 2023	48472	0	1	2091
Mar 01, 2023	48762	0	1482	1963
Mar 02, 2023	49356	0	198	0
Mar 03, 2023	49788	0	380	0
Mar 04, 2023	49788	0	359	7102
Mar 05, 2023	49788	0	296	2710
Mar 06, 2023	50756	0	0	2592
Mar 07, 2023	50943	0	326	2602
Mar 08, 2023	51540	0	272	2722
Mar 09, 2023	51966	0	0	0
Mar 10, 2023	52352	0	0	5428
Mar 11, 2023	52352	0	315	4092
Mar 12, 2023	52352	0	0	3657
Mar 13, 2023	53218	0	0	3426
Mar 14, 2023	53218	0	1104	3676
Mar 15, 2023	53218	0	244	3819
Mar 16, 2023	54477	0	259	3535
Mar 17, 2023	54477	0	287	3596
Mar 18, 2023	54477	0	0	5249
Mar 19, 2023	54477	0	0	4031
Mar 20, 2023	54478	0	0	3712
Mar 21, 2023	55960	0	0	3546
Mar 22, 2023	56158	0	136	3237
Mar 23, 2023	56538	0	275	0
Mar 24, 2023	56897	0	0	5760
Mar 25, 2023	57193	0	337	4205
Mar 26, 2023	57193	0	0	0
Mar 27, 2023	57519	0	0	5627
Mar 28, 2023	57791	0	614	2524
Mar 29, 2023	57791	0	0	2180
Mar 30, 2023	57791	0	0	0
Mar 31, 2023	58106	0	0	0
Apr 01, 2023	58106	0	0	6226
Apr 02, 2023	58106	0	0	1850
Apr 03, 2023	59210	0	0	0
Apr 04, 2023	59454	0	0	2993
Apr 05, 2023	59713	0	0	1170
Apr 06, 2023	60000	0	0	1047
Apr 07, 2023	60000	0	0	1146
Apr 08, 2023	60000	0	0	1456
Apr 09, 2023	60000	0	0	0
Apr 10, 2023	60000	0	0	0
Apr 11, 2023	60136	0	0	0
Apr 12, 2023	60411	0	0	0
Apr 13, 2023	60411	0	0	4096
Apr 14, 2023	60748	0	0	788
Apr 15, 2023	60748	0	0	1201
Apr 16, 2023	60748	0	0	773
Apr 17, 2023	61362	0	0	597
Apr 18, 2023	61362	0	0	566
Apr 19, 2023	61362	0	0	561
Apr 20, 2023	61362	0	0	428
Apr 21, 2023	61362	0	0	0
Apr 22, 2023	61362	0	0	979
Apr 23, 2023	61362	0	0	0
Apr 24, 2023	61362	0	0	795
Apr 25, 2023	61362	0	0	383
Apr 26, 2023	61362	0	0	342
Apr 27, 2023	61362	0	0	0
Apr 28, 2023	61362	0	0	0
Apr 29, 2023	61362	0	0	0
Apr 30, 2023	61362	0	0	1276
May 01, 2023	61362	0	0	240
May 02, 2023	61362	0	0	175
May 03, 2023	61362	0	0	203
May 04, 2023	61362	0	0	134
May 05, 2023	61362	0	0	152
May 06, 2023	61362	0	0	180
May 07, 2023	61362	0	0	240
May 08, 2023	61362	0	0	141
May 09, 2023	61362	0	0	0
May 10, 2023	61362	0	0	305
May 11, 2023	61362	0	0	0
May 12, 2023	61362	0	0	255
May 13, 2023	61362	0	0	181
May 14, 2023	61362	0	0	0
May 15, 2023	61362	0	0	219
May 16, 2023	61362	0	0	97
May 17, 2023	61362	0	0	104
May 18, 2023	61362	0	0	0
May 19, 2023	61362	0	0	186
May 20, 2023	61362	0	0	123
May 21, 2023	61362	0	0	112
May 22, 2023	61362	0	0	63
May 23, 2023	61362	0	0	74
May 24, 2023	61362	0	0	77
May 25, 2023	61362	0	0	54
May 26, 2023	61362	0	0	64
May 27, 2023	61362	0	0	85
May 28, 2023	61362	0	0	66
May 29, 2023	61362	0	0	42
May 30, 2023	61362	0	0	68
May 31, 2023	61362	0	0	36
Jun 01, 2023	61362	0	0	43
Jun 02, 2023	61362	0	0	33
Jun 03, 2023	61362	0	0	60
Jun 04, 2023	61362	0	0	52
Jun 05, 2023	61362	0	0	34
Jun 06, 2023	61362	0	0	32
Jun 07, 2023	61362	0	0	42
Jun 08, 2023	61362	0	0	24
Jun 09, 2023	61362	0	0	27
Jun 10, 2023	61362	0	0	42
Jun 11, 2023	61362	0	0	31
Jun 12, 2023	61362	0	0	26
Jun 13, 2023	61362	0	0	22
Jun 14, 2023	61362	0	0	23
Jun 15, 2023	61362	0	0	24
Jun 16, 2023	61362	0	0	22
Jun 17, 2023	61362	0	0	51
Jun 18, 2023	61362	0	0	28
Jun 19, 2023	61362	0	0	38
Jun 20, 2023	61362	0	0	26
Jun 21, 2023	61362	0	0	27
Jun 22, 2023	61362	0	0	20
Jun 23, 2023	61362	0	0	20
Jun 24, 2023	61362	0	0	32
Jun 25, 2023	61362	0	0	17
Jun 26, 2023	61362	0	0	16
Jun 27, 2023	61362	0	0	19
Jun 28, 2023	61362	0	0	29
Jun 29, 2023	61362	0	0	25
Jun 30, 2023	61362	0	0	18
Jul 01, 2023	61362	0	0	26
Jul 02, 2023	61362	0	0	30
Jul 03, 2023	61362	0	0	15
Jul 04, 2023	61362	0	0	23
Jul 05, 2023	61362	0	0	19
Jul 06, 2023	61362	0	0	16
Jul 07, 2023	61362	0	0	0
Jul 08, 2023	61362	0	0	34
Jul 09, 2023	61362	0	0	0
Jul 10, 2023	61362	0	0	41
Jul 11, 2023	61362	0	0	18
Jul 12, 2023	61362	0	0	12
Jul 13, 2023	61362	0	0	24
Jul 14, 2023	61362	0	0	22
Jul 15, 2023	61362	0	0	38
Jul 16, 2023	61362	0	0	0
Jul 17, 2023	61362	0	0	32
Jul 18, 2023	61362	0	0	20
Jul 19, 2023	61362	0	0	22
Jul 20, 2023	61362	0	0	13
Jul 21, 2023	61362	0	0	21
Jul 22, 2023	61362	0	0	31
Jul 23, 2023	61362	0	0	29
Jul 24, 2023	61362	0	0	23
Jul 25, 2023	61362	0	0	28
Jul 26, 2023	61362	0	0	0
Jul 27, 2023	61362	0	0	55
Jul 28, 2023	61362	0	0	44
Jul 29, 2023	61362	0	0	55
Jul 30, 2023	61362	0	0	44
Jul 31, 2023	61362	0	0	36
Aug 01, 2023	61362	0	0	50
Aug 02, 2023	61362	0	0	44
Aug 03, 2023	61362	0	0	44
Aug 04, 2023	61362	0	0	43
Aug 05, 2023	61362	0	0	71
Aug 06, 2023	61362	0	0	50
Aug 07, 2023	61362	0	0	50
Aug 08, 2023	61362	0	0	0
Aug 09, 2023	61362	0	0	0
Aug 10, 2023	61362	0	0	0
Aug 11, 2023	61362	0	0	224
Aug 12, 2023	61362	0	0	0
Aug 13, 2023	61362	0	0	0
Aug 14, 2023	61362	0	0	188
Aug 15, 2023	61362	0	0	63
Aug 16, 2023	61362	0	0	69
Aug 17, 2023	61362	0	0	0
Aug 18, 2023	61362	0	0	104
Aug 19, 2023	61362	0	0	0
Aug 20, 2023	61362	0	0	0
Aug 21, 2023	61362	0	0	228
Aug 22, 2023	61362	0	0	0
Aug 23, 2023	61362	0	0	0
Aug 24, 2023	61362	0	0	215
Aug 25, 2023	61362	0	0	73
Aug 26, 2023	61362	0	0	0
Aug 27, 2023	61362	0	0	0
Aug 28, 2023	61362	0	0	0
Aug 29, 2023	61362	0	0	371
Aug 30, 2023	61362	0	0	0
Aug 31, 2023	61362	0	0	83
Sep 01, 2023	61362	0	0	0
Sep 02, 2023	61362	0	0	0
Sep 03, 2023	61362	0	0	0
Sep 04, 2023	61362	0	0	0
Sep 05, 2023	61362	0	0	0
Sep 06, 2023	61362	0	0	491
Sep 07, 2023	61362	0	0	0
Sep 08, 2023	61362	0	0	0
Sep 09, 2023	61362	0	0	0
Sep 10, 2023	61362	0	0	0
Sep 11, 2023	61362	0	0	0
Sep 12, 2023	61362	0	0	0
Sep 13, 2023	61362	0	0	0
Sep 14, 2023	61362	0	0	649
Sep 15, 2023	61362	0	0	0
Sep 16, 2023	61362	0	0	0
Sep 17, 2023	61362	0	0	0
Sep 18, 2023	61362	0	0	0
Sep 19, 2023	61362	0	0	0
Sep 20, 2023	61362	0	0	0
Sep 21, 2023	61362	0	0	790
Sep 22, 2023	61362	0	0	0
Sep 23, 2023	61362	0	0	0
Sep 24, 2023	61362	0	0	0
Sep 25, 2023	61362	0	0	0
Sep 26, 2023	61362	0	0	0
Sep 27, 2023	61362	0	0	0
Sep 28, 2023	61362	0	0	0
Sep 29, 2023	61362	0	0	0
Sep 30, 2023	61362	0	0	864
Oct 01, 2023	61362	0	0	0
Oct 02, 2023	61362	0	0	0
Oct 03, 2023	61362	0	0	0
Oct 04, 2023	61362	0	0	0
Oct 05, 2023	61362	0	0	0
Oct 06, 2023	61362	0	0	1354
Oct 07, 2023	61362	0	0	0
Oct 08, 2023	61362	0	0	0
Oct 09, 2023	61362	0	0	0
Oct 10, 2023	61362	0	0	0
Oct 11, 2023	61362	0	0	0
Oct 12, 2023	61362	0	0	0
Oct 13, 2023	61362	0	0	1774
Oct 14, 2023	61362	0	0	0
Oct 15, 2023	61362	0	0	0
Oct 16, 2023	61362	0	0	0
Oct 17, 2023	61362	0	0	0
Oct 18, 2023	61362	0	0	0
Oct 19, 2023	61362	0	0	0
Oct 20, 2023	61362	0	0	2091
Oct 21, 2023	61362	0	0	0
Oct 22, 2023	61362	0	0	0
Oct 23, 2023	61362	0	0	0
Oct 24, 2023	61362	0	0	0
Oct 25, 2023	61362	0	0	0
Oct 26, 2023	61362	0	0	0
Oct 27, 2023	61362	0	0	2952
Oct 28, 2023	61362	0	0	3418
Oct 29, 2023	61362	0	0	0
Oct 30, 2023	61362	0	0	0
Oct 31, 2023	61362	0	0	0
Nov 01, 2023	61362	0	0	0
Nov 02, 2023	61362	0	0	0
Nov 03, 2023	61362	0	0	0
Nov 04, 2023	61362	0	0	0
Nov 05, 2023	61362	0	0	0
Nov 06, 2023	61362	0	0	0
Nov 07, 2023	61362	0	0	0
Nov 08, 2023	61362	0	0	0
Nov 09, 2023	61362	0	0	0
Nov 10, 2023	61362	0	0	0
Nov 11, 2023	61362	0	0	3539
Nov 12, 2023	61362	0	0	8006
Nov 13, 2023	61362	0	0	0
Nov 14, 2023	61362	0	0	0
Nov 15, 2023	61362	0	0	0
Nov 16, 2023	61362	0	0	0
Nov 17, 2023	61362	0	0	0
Nov 18, 2023	61362	0	0	0
Nov 19, 2023	61362	0	0	0
Nov 20, 2023	61362	0	0	0
Nov 21, 2023	61362	0	0	0
Nov 22, 2023	61362	0	0	0
Nov 23, 2023	61362	0	0	0
Nov 24, 2023	61362	0	0	0
Nov 25, 2023	61362	0	0	0
Nov 26, 2023	61362	0	0	0
Nov 27, 2023	61362	0	0	0
Nov 28, 2023	61362	0	0	0
Nov 29, 2023	61362	0	0	0
Nov 30, 2023	61362	0	0	0
Dec 01, 2023	61362	0	0	0
Dec 02, 2023	61362	0	0	0
Dec 03, 2023	61362	0	0	0
Dec 04, 2023	61362	0	0	0
Dec 05, 2023	61362	0	0	0
Dec 06, 2023	61362	0	0	0
Dec 07, 2023	61362	0	0	0
Dec 08, 2023	61362	0	0	0
Dec 09, 2023	61362	0	0	0
Dec 10, 2023	61362	0	0	0
Dec 11, 2023	61362	0	0	0
Dec 12, 2023	61362	0	0	0
Dec 13, 2023	61362	0	0	0
Dec 14, 2023	61362	0	0	0
Dec 15, 2023	61362	0	0	0
Dec 16, 2023	61362	0	0	0
Dec 17, 2023	61362	0	0	0
Dec 18, 2023	61362	0	0	0
Dec 19, 2023	61362	0	0	0
Dec 20, 2023	61362	0	0	0
Dec 21, 2023	61362	0	0	0
Dec 22, 2023	61362	0	0	0
Dec 23, 2023	61362	0	0	0
Dec 24, 2023	61362	0	0	0
Dec 25, 2023	61362	0	0	0
Dec 26, 2023	61362	0	0	0
Dec 27, 2023	61362	0	0	0
Dec 28, 2023	61362	0	0	0
Dec 29, 2023	61362	0	0	0
Dec 30, 2023	61362	0	0	0
Dec 31, 2023	61362	0	0	0
Jan 01, 2024	61362	0	0	0
Jan 02, 2024	61362	0	0	0
Jan 03, 2024	61362	0	0	0
Jan 04, 2024	61362	0	0	0
Jan 05, 2024	61362	0	0	0
Jan 06, 2024	61362	0	0	0
Jan 07, 2024	61362	0	0	0
Jan 08, 2024	61362	0	0	0
Jan 09, 2024	61362	0	0	0
Jan 10, 2024	61362	0	0	0
Jan 11, 2024	61362	0	0	0
Jan 12, 2024	61362	0	0	0
Jan 13, 2024	61362	0	0	0
Jan 14, 2024	61362	0	0	0
Jan 15, 2024	61362	0	0	0
Jan 16, 2024	61362	0	0	0
Jan 17, 2024	61362	0	0	0
Jan 18, 2024	61362	0	0	0
Jan 19, 2024	61362	0	0	0
Jan 20, 2024	61362	0	0	0
Jan 21, 2024	61362	0	0	0
Jan 22, 2024	61362	0	0	0
Jan 23, 2024	61362	0	0	0
Jan 24, 2024	61362	0	0	0
Jan 25, 2024	61362	0	0	0
Jan 26, 2024	61362	0	0	0
Jan 27, 2024	61362	0	0	0
Jan 28, 2024	61362	0	0	0
Jan 29, 2024	61362	0	0	0
Jan 30, 2024	61362	0	0	0
Jan 31, 2024	61362	0	0	0
Feb 01, 2024	61362	0	0	0
Feb 02, 2024	61362	0	0	0
Feb 03, 2024	61362	0	0	0
Feb 04, 2024	61362	0	0	0
Feb 05, 2024	61362	0	0	0
Feb 06, 2024	61362	0	0	0
Feb 07, 2024	61362	0	0	0
Feb 08, 2024	61362	0	0	0
Feb 09, 2024	61362	0	0	0
Feb 10, 2024	61362	0	0	0
Feb 11, 2024	61362	0	0	0
Feb 12, 2024	61362	NA	0	0
Feb 13, 2024	61362	NA	0	0
Feb 14, 2024	61362	NA	0	0
Feb 15, 2024	61362	NA	0	0
Feb 16, 2024	61362	NA	0	0
Feb 17, 2024	61362	NA	0	0
Feb 18, 2024	61362	NA	0	0
Feb 19, 2024	61362	NA	0	0
Feb 20, 2024	61362	NA	0	0
Feb 21, 2024	61362	NA	0	0
Feb 22, 2024	61362	NA	0	0
Feb 23, 2024	61362	NA	0	0
Feb 24, 2024	61362	NA	0	0
Feb 25, 2024	61362	NA	0	0
Feb 26, 2024	61362	NA	0	0
Feb 27, 2024	61362	NA	0	0
Feb 28, 2024	61362	NA	0	0
Feb 29, 2024	61362	NA	0	0
Mar 01, 2024	61362	NA	0	0
Mar 02, 2024	61362	NA	0	0
Mar 03, 2024	61362	NA	0	0
Mar 04, 2024	61362	NA	0	0
Mar 05, 2024	61362	NA	NA	0
Mar 06, 2024	61362	NA	NA	0
Mar 07, 2024	61362	NA	NA	0
Mar 08, 2024	61362	NA	NA	0
Mar 09, 2024	61362	NA	NA	0
Mar 10, 2024	61362	NA	NA	0
Mar 11, 2024	61362	NA	NA	0
Mar 12, 2024	61362	NA	NA	0
Mar 13, 2024	61362	NA	NA	0
Mar 14, 2024	61362	NA	NA	0
Mar 15, 2024	61362	NA	NA	0
Mar 16, 2024	61362	NA	NA	0
Mar 17, 2024	61362	NA	NA	0
Mar 18, 2024	61362	NA	NA	0
Mar 19, 2024	61362	NA	NA	0
Mar 20, 2024	61362	NA	NA	0
Mar 21, 2024	61362	NA	NA	0
Mar 22, 2024	61362	NA	NA	0
Mar 23, 2024	61362	NA	NA	0
Mar 24, 2024	61362	NA	NA	NA
