Dates	Active	Deaths	Newcases	recover
Feb 15, 2020	0	0	0	0
Feb 16, 2020	0	0	0	0
Feb 17, 2020	0	0	0	0
Feb 18, 2020	0	0	1	0
Feb 19, 2020	0	0	0	0
Feb 20, 2020	0	0	0	0
Feb 21, 2020	0	0	9	0
Feb 22, 2020	0	1	4	0
Feb 23, 2020	0	0	6	0
Feb 24, 2020	0	0	6	0
Feb 25, 2020	0	0	1	0
Feb 26, 2020	0	0	6	0
Feb 27, 2020	0	0	1	0
Feb 28, 2020	0	0	0	0
Feb 29, 2020	0	0	3	0
Mar 01, 2020	0	0	0	0
Mar 02, 2020	0	1	0	0
Mar 03, 2020	0	0	0	0
Mar 04, 2020	0	0	0	0
Mar 05, 2020	0	0	0	0
Mar 06, 2020	0	0	0	0
Mar 07, 2020	0	0	0	0
Mar 08, 2020	0	0	1	0
Mar 09, 2020	0	0	0	0
Mar 10, 2020	0	0	3	0
Mar 11, 2020	0	0	2	0
Mar 12, 2020	0	0	0	0
Mar 13, 2020	0	0	3	0
Mar 14, 2020	0	0	0	0
Mar 15, 2020	0	0	4	0
Mar 16, 2020	0	0	5	0
Mar 17, 2020	0	0	4	0
Mar 18, 2020	2	0	4	0
Mar 19, 2020	2	1	5	6
Mar 20, 2020	2	0	4	2
Mar 21, 2020	2	0	2	0
Mar 22, 2020	3	3	8	3
Mar 23, 2020	3	0	0	6
Mar 24, 2020	3	0	4	5
Mar 25, 2020	12	0	1	0
Mar 26, 2020	16	0	6	21
Mar 27, 2020	22	0	2	18
Mar 28, 2020	28	0	9	14
Mar 29, 2020	29	0	3	81
Mar 30, 2020	35	0	10	0
Mar 31, 2020	36	0	5	78
Apr 01, 2020	36	0	13	101
Apr 02, 2020	38	0	1	92
Apr 03, 2020	36	0	8	101
Apr 04, 2020	36	0	7	90
Apr 05, 2020	35	0	14	110
Apr 06, 2020	33	0	85	170
Apr 07, 2020	31	0	15	217
Apr 08, 2020	31	0	0	159
Apr 09, 2020	14	0	174	297
Apr 10, 2020	13	0	5	293
Apr 11, 2020	10	0	208	195
Apr 12, 2020	11	0	0	308
Apr 13, 2020	13	0	25	279
Apr 14, 2020	13	0	74	291
Apr 15, 2020	16	0	8	362
Apr 16, 2020	16	0	11	322
Apr 17, 2020	20	0	60	414
Apr 18, 2020	22	0	34	303
Apr 19, 2020	25	0	54	338
Apr 20, 2020	27	0	0	293
Apr 21, 2020	32	3	0	417
Apr 22, 2020	36	0	0	418
Apr 23, 2020	36	0	0	523
Apr 24, 2020	44	0	137	419
Apr 25, 2020	44	0	0	278
Apr 26, 2020	43	0	0	303
Apr 27, 2020	44	1	0	383
Apr 28, 2020	50	0	0	347
Apr 29, 2020	40	0	32	523
Apr 30, 2020	48	0	0	438
May 01, 2020	32	0	0	554
May 02, 2020	41	0	0	469
May 03, 2020	43	0	0	374
May 04, 2020	56	0	0	295
May 05, 2020	43	0	0	479
May 06, 2020	41	7	111	475
May 07, 2020	46	0	0	496
May 08, 2020	52	0	0	507
May 09, 2020	133	3	0	445
May 10, 2020	143	0	121	493
May 11, 2020	143	1	36	520
May 12, 2020	317	0	1	740
May 13, 2020	315	2	24	790
May 14, 2020	523	6	23	959
May 15, 2020	523	0	7	1400
May 16, 2020	489	0	4	1199
May 17, 2020	558	0	14	952
May 18, 2020	562	0	0	1342
May 19, 2020	573	0	0	997
May 20, 2020	628	12	0	1488
May 21, 2020	557	1	47	1350
May 22, 2020	577	0	12	1204
May 23, 2020	577	0	8	1602
May 24, 2020	577	15	34	1154
May 25, 2020	577	25	0	1613
May 26, 2020	577	0	26	2625
May 27, 2020	271	1	11	2610
May 28, 2020	271	1	26	2448
May 29, 2020	271	0	38	1833
May 30, 2020	271	24	0	2296
May 31, 2020	271	11	0	2219
Jun 01, 2020	170	0	0	0
Jun 02, 2020	170	8	0	41227
Jun 03, 2020	170	0	0	4575
Jun 04, 2020	170	0	263	4883
Jun 05, 2020	170	6	42	0
Jun 06, 2020	170	2	69	0
Jun 07, 2020	170	3	29	0
Jun 08, 2020	278	0	99	0
Jun 09, 2020	278	1	71	0
Jun 10, 2020	278	2	78	30813
Jun 11, 2020	278	4	80	4914
Jun 12, 2020	207	3	138	5938
Jun 13, 2020	243	2	119	6408
Jun 14, 2020	225	14	190	5088
Jun 15, 2020	229	5	170	7440
Jun 16, 2020	252	1	168	0
Jun 17, 2020	259	2	178	30209
Jun 18, 2020	261	3	60	5050
Jun 19, 2020	225	23	197	5118
Jun 20, 2020	225	1	206	3960
Jun 21, 2020	225	3	67	4828
Jun 22, 2020	225	32	472	5173
Jun 23, 2020	246	6	153	4523
Jun 24, 2020	248	0	71	4234
Jun 25, 2020	256	5	450	4104
Jun 26, 2020	277	0	247	4624
Jun 27, 2020	277	10	306	4155
Jun 28, 2020	224	4	408	3944
Jun 29, 2020	235	0	265	5075
Jun 30, 2020	241	4	119	4214
Jul 01, 2020	254	0	233	3804
Jul 02, 2020	254	5	213	4096
Jul 03, 2020	254	5	229	4102
Jul 04, 2020	254	3	142	3587
Jul 05, 2020	254	2	322	3339
Jul 06, 2020	254	1	417	3874
Jul 07, 2020	505	0	182	3458
Jul 08, 2020	480	2	125	3219
Jul 09, 2020	549	0	65	3131
Jul 10, 2020	574	0	226	3061
Jul 11, 2020	658	1	162	2788
Jul 12, 2020	688	1	358	2654
Jul 13, 2020	766	3	165	2664
Jul 14, 2020	845	1	157	2865
Jul 15, 2020	975	2	496	3216
Jul 16, 2020	1094	2	142	1513
Jul 17, 2020	1251	0	237	2635
Jul 18, 2020	1398	0	154	2345
Jul 19, 2020	1531	0	255	2198
Jul 20, 2020	1578	3	204	2824
Jul 21, 2020	1638	0	251	2425
Jul 22, 2020	1778	2	66	2190
Jul 23, 2020	1978	3	137	2265
Jul 24, 2020	2043	0	91	2473
Jul 25, 2020	2236	6	225	1926
Jul 26, 2020	1992	6	178	1859
Jul 27, 2020	1597	0	123	2378
Jul 28, 2020	1665	8	123	2225
Jul 29, 2020	1818	4	72	2071
Jul 30, 2020	2117	2	284	1699
Jul 31, 2020	2009	0	34	2180
Aug 01, 2020	1933	3	108	1904
Aug 02, 2020	1684	1	116	1565
Aug 03, 2020	1708	0	70	2354
Aug 04, 2020	1511	1	67	1961
Aug 05, 2020	1179	0	60	1877
Aug 06, 2020	1179	1	116	2000
Aug 07, 2020	1022	0	160	1965
Aug 08, 2020	1269	0	102	1693
Aug 09, 2020	1152	0	109	1516
Aug 10, 2020	1167	0	143	2199
Aug 11, 2020	1030	0	73	1878
Aug 12, 2020	1022	0	181	1712
Aug 13, 2020	1016	0	99	1906
Aug 14, 2020	1179	1	68	1914
Aug 15, 2020	861	0	41	1877
Aug 16, 2020	671	0	94	1557
Aug 17, 2020	1000	0	48	2055
Aug 18, 2020	941	1	61	1845
Aug 19, 2020	823	1	44	1778
Aug 20, 2020	972	0	214	1834
Aug 21, 2020	1224	0	54	1833
Aug 22, 2020	610	1	48	1449
Aug 23, 2020	860	1	24	1285
Aug 24, 2020	660	0	97	1999
Aug 25, 2020	603	8	29	1805
Aug 26, 2020	401	0	19	1654
Aug 27, 2020	479	0	55	1530
Aug 28, 2020	551	1	44	1731
Aug 29, 2020	526	0	43	1401
Aug 30, 2020	284	0	28	1295
Aug 31, 2020	340	0	144	1911
Sep 01, 2020	612	0	78	1893
Sep 02, 2020	629	0	37	1726
Sep 03, 2020	669	0	81	1839
Sep 04, 2020	775	0	54	1719
Sep 05, 2020	749	0	77	1432
Sep 06, 2020	807	2	38	1318
Sep 07, 2020	793	0	76	2013
Sep 08, 2020	868	0	43	1825
Sep 09, 2020	973	0	91	1801
Sep 10, 2020	1015	0	38	1708
Sep 11, 2020	1118	0	29	1855
Sep 12, 2020	1147	1	43	1407
Sep 13, 2020	967	0	53	1399
Sep 14, 2020	1020	0	77	2219
Sep 15, 2020	905	0	64	1909
Sep 16, 2020	692	0	44	2075
Sep 17, 2020	573	0	85	2053
Sep 18, 2020	486	0	18	2120
Sep 19, 2020	375	0	35	1645
Sep 20, 2020	436	0	60	1365
Sep 21, 2020	215	0	22	2065
Sep 22, 2020	429	0	20	1989
Sep 23, 2020	482	1	63	1711
Sep 24, 2020	516	0	43	1704
Sep 25, 2020	540	0	42	4390
Sep 26, 2020	553	0	40	1429
Sep 27, 2020	525	0	90	2113
Sep 28, 2020	507	3	17	1764
Sep 29, 2020	446	0	48	1842
Sep 30, 2020	468	0	63	1700
Oct 01, 2020	508	3	118	1839
Oct 02, 2020	517	0	37	1402
Oct 03, 2020	547	0	72	1165
Oct 04, 2020	532	0	49	1981
Oct 05, 2020	449	1	89	1580
Oct 06, 2020	522	0	46	1436
Oct 07, 2020	547	0	17	1617
Oct 08, 2020	601	0	26	1665
Oct 09, 2020	564	0	39	1275
Oct 10, 2020	537	0	20	1093
Oct 11, 2020	522	0	37	1638
Oct 12, 2020	522	0	4	1619
Oct 13, 2020	459	0	26	1558
Oct 14, 2020	421	0	64	1582
Oct 15, 2020	414	0	56	1531
Oct 16, 2020	447	0	37	1337
Oct 17, 2020	516	7	70	1033
Oct 18, 2020	502	0	23	1265
Oct 19, 2020	520	0	21	1767
Oct 20, 2020	598	0	30	1613
Oct 21, 2020	486	0	30	1517
Oct 22, 2020	521	0	12	1425
Oct 23, 2020	570	0	69	1246
Oct 24, 2020	590	1	18	1123
Oct 25, 2020	444	1	16	1698
Oct 26, 2020	407	1	20	1481
Oct 27, 2020	414	0	19	1395
Oct 28, 2020	378	1	39	1295
Oct 29, 2020	392	1	18	1350
Oct 30, 2020	466	0	35	1118
Oct 31, 2020	403	4	30	1031
Nov 01, 2020	398	0	127	1591
Nov 02, 2020	461	0	41	1508
Nov 03, 2020	549	2	18	1503
Nov 04, 2020	530	4	15	1218
Nov 05, 2020	594	1	32	1340
Nov 06, 2020	608	1	99	1054
Nov 07, 2020	686	0	29	1079
Nov 08, 2020	655	1	70	1727
Nov 09, 2020	611	1	56	1473
Nov 10, 2020	628	1	57	1313
Nov 11, 2020	616	1	48	1343
Nov 12, 2020	604	1	106	1353
Nov 13, 2020	609	2	28	1170
Nov 14, 2020	610	2	48	1052
Nov 15, 2020	633	2	71	1632
Nov 16, 2020	434	2	45	1529
Nov 17, 2020	417	4	96	1366
Nov 18, 2020	429	14	52	1319
Nov 19, 2020	403	5	113	1332
Nov 20, 2020	411	6	241	1150
Nov 21, 2020	379	18	112	1027
Nov 22, 2020	366	23	337	1557
Nov 23, 2020	396	5	100	1393
Nov 24, 2020	402	2	163	1401
Nov 25, 2020	423	24	109	1377
Nov 26, 2020	417	14	234	1486
Nov 27, 2020	367	5	285	1140
Nov 28, 2020	307	13	263	1070
Nov 29, 2020	268	10	272	1683
Nov 30, 2020	292	9	233	1501
Dec 01, 2020	249	13	352	1446
Dec 02, 2020	257	19	411	1400
Dec 03, 2020	271	7	652	1410
Dec 04, 2020	348	12	850	1190
Dec 05, 2020	366	13	802	1036
Dec 06, 2020	379	17	1029	1787
Dec 07, 2020	356	12	1241	1766
Dec 08, 2020	331	21	1161	1683
Dec 09, 2020	403	12	868	1677
Dec 10, 2020	420	16	1161	1665
Dec 11, 2020	467	17	1343	1420
Dec 12, 2020	512	23	1700	1227
Dec 13, 2020	519	17	1478	2044
Dec 14, 2020	546	18	1796	1589
Dec 15, 2020	573	17	1531	1893
Dec 16, 2020	452	14	602	1884
Dec 17, 2020	455	10	1308	1912
Dec 18, 2020	473	8	1434	1664
Dec 19, 2020	491	16	1264	1533
Dec 20, 2020	581	11	1120	2334
Dec 21, 2020	575	14	1259	2222
Dec 22, 2020	612	16	745	2039
Dec 23, 2020	773	12	809	1980
Dec 24, 2020	817	20	1476	2054
Dec 25, 2020	1063	13	1289	1805
Dec 26, 2020	1089	17	1408	1783
Dec 27, 2020	1241	9	1305	2672
Dec 28, 2020	1263	11	1728	2400
Dec 29, 2020	1412	8	865	2425
Dec 30, 2020	1546	15	825	2144
Dec 31, 2020	1677	9	1191	1915
Jan 01, 2021	1834	8	1256	2535
Jan 02, 2021	1896	11	1514	2474
Jan 03, 2021	2105	14	1424	3728
Jan 04, 2021	2366	4	1000	3088
Jan 05, 2021	2707	11	1206	3115
Jan 06, 2021	3406	9	940	2675
Jan 07, 2021	3894	11	1037	2735
Jan 08, 2021	4536	8	963	3088
Jan 09, 2021	5591	7	1025	3022
Jan 10, 2021	6661	15	1083	4823
Jan 11, 2021	7344	10	773	4156
Jan 12, 2021	8188	7	983	4216
Jan 13, 2021	9023	6	811	4112
Jan 14, 2021	9782	4	575	3991
Jan 15, 2021	9646	1	854	3416
Jan 16, 2021	10431	4	790	2859
Jan 17, 2021	10900	3	736	4566
Jan 18, 2021	10321	8	691	4157
Jan 19, 2021	10871	8	609	4106
Jan 20, 2021	10589	5	524	3942
Jan 21, 2021	10094	3	555	4289
Jan 22, 2021	10056	8	902	3515
Jan 23, 2021	9672	1	687	3111
Jan 24, 2021	8738	4	468	4892
Jan 25, 2021	6847	5	563	4341
Jan 26, 2021	6588	6	332	4236
Jan 27, 2021	6941	3	468	4091
Jan 28, 2021	6843	3	555	4167
Jan 29, 2021	6763	5	533	3280
Jan 30, 2021	7164	3	597	2817
Jan 31, 2021	5454	0	654	4573
Feb 01, 2021	4868	1	670	3871
Feb 02, 2021	5743	3	410	3651
Feb 03, 2021	6206	3	234	3723
Feb 04, 2021	6886	2	242	3506
Feb 05, 2021	7554	4	436	2716
Feb 06, 2021	7178	3	580	2339
Feb 07, 2021	6945	4	327	4400
Feb 08, 2021	6375	2	234	3611
Feb 09, 2021	5410	0	323	3391
Feb 10, 2021	5797	2	153	3390
Feb 11, 2021	5695	6	290	3519
Feb 12, 2021	5448	4	262	2983
Feb 13, 2021	4939	3	387	2482
Feb 14, 2021	5616	0	170	4060
Feb 15, 2021	6027	5	214	3688
Feb 16, 2021	6240	2	176	3692
Feb 17, 2021	6654	2	86	3359
Feb 18, 2021	6425	0	244	3338
Feb 19, 2021	6188	1	214	2821
Feb 20, 2021	5935	1	325	2557
Feb 21, 2021	5539	0	121	3999
Feb 22, 2021	5068	0	288	3543
Feb 23, 2021	5106	1	145	3619
Feb 24, 2021	5630	2	140	3413
Feb 25, 2021	5312	0	187	3654
Feb 26, 2021	3938	1	219	3124
Feb 27, 2021	3512	3	131	2721
Feb 28, 2021	2945	1	181	4639
Mar 01, 2021	2817	1	70	3939
Mar 02, 2021	2890	1	130	3968
Mar 03, 2021	2683	0	79	3990
Mar 04, 2021	3080	2	62	4124
Mar 05, 2021	3147	2	315	3634
Mar 06, 2021	3286	5	206	3351
Mar 07, 2021	3354	0	191	5641
Mar 08, 2021	2802	1	135	4841
Mar 09, 2021	2598	2	111	4817
Mar 10, 2021	2637	1	35	4822
Mar 11, 2021	2738	0	154	5159
Mar 12, 2021	2629	1	171	4509
Mar 13, 2021	2722	1	143	3947
Mar 14, 2021	1883	0	218	6122
Mar 15, 2021	1411	2	94	5635
Mar 16, 2021	1641	0	74	5720
Mar 17, 2021	1875	1	24	5459
Mar 18, 2021	2187	1	100	5956
Mar 19, 2021	2167	1	77	5116
Mar 20, 2021	1985	0	70	4557
Mar 21, 2021	2012	1	62	7417
Mar 22, 2021	2034	0	66	6501
Mar 23, 2021	2116	0	41	6546
Mar 24, 2021	2189	1	20	6228
Mar 25, 2021	2232	1	40	6760
Mar 26, 2021	2227	1	66	5772
Mar 27, 2021	2265	0	49	5190
Mar 28, 2021	2325	0	53	8099
Mar 29, 2021	2348	0	84	7232
Mar 30, 2021	2478	1	23	6962
Mar 31, 2021	2618	2	29	6864
Apr 01, 2021	2639	0	82	7488
Apr 02, 2021	2690	2	45	5833
Apr 03, 2021	2568	1	97	5028
Apr 04, 2021	2642	1	58	8481
Apr 05, 2021	2609	1	53	7163
Apr 06, 2021	2509	3	35	6834
Apr 07, 2021	2753	0	20	7592
Apr 08, 2021	2921	2	40	5879
Apr 09, 2021	2998	2	59	5895
Apr 10, 2021	1879	0	51	5443
Apr 11, 2021	785	1	94	8509
Apr 12, 2021	760	2	53	7383
Apr 13, 2021	845	3	27	6918
Apr 14, 2021	919	1	24	6748
Apr 15, 2021	1019	2	60	6900
Apr 16, 2021	1103	4	110	5913
Apr 17, 2021	1055	9	124	4953
Apr 18, 2021	965	6	166	7785
Apr 19, 2021	846	5	186	6799
Apr 20, 2021	906	7	95	6589
Apr 21, 2021	925	6	78	6555
Apr 22, 2021	832	3	149	6564
Apr 23, 2021	750	8	199	5452
Apr 24, 2021	669	16	320	4631
Apr 25, 2021	538	17	483	7248
Apr 26, 2021	452	24	321	6539
Apr 27, 2021	452	27	299	6006
Apr 28, 2021	492	28	213	5778
Apr 29, 2021	431	48	558	6042
Apr 30, 2021	402	33	742	5109
May 01, 2021	407	29	825	4237
May 02, 2021	358	41	988	6603
May 03, 2021	339	49	1164	5666
May 04, 2021	384	47	738	5401
May 05, 2021	396	53	487	4928
May 06, 2021	426	50	1231	5350
May 07, 2021	432	61	1767	4381
May 08, 2021	437	60	2146	3979
May 09, 2021	407	52	2065	6445
May 10, 2021	354	55	2358	5492
May 11, 2021	355	69	1414	5452
May 12, 2021	378	47	1388	5331
May 13, 2021	367	61	2690	5626
May 14, 2021	397	72	3026	4658
May 15, 2021	372	70	3394	4222
May 16, 2021	360	56	2913	7083
May 17, 2021	337	46	1816	6091
May 18, 2021	365	49	2060	6026
May 19, 2021	448	67	1598	5692
May 20, 2021	534	59	3028	6406
May 21, 2021	635	54	3367	5367
May 22, 2021	737	64	3594	4987
May 23, 2021	777	39	2595	7984
May 24, 2021	808	47	2816	6958
May 25, 2021	936	45	2537	6512
May 26, 2021	1115	37	1093	6920
May 27, 2021	1351	45	2395	5611
May 28, 2021	1712	42	2892	5820
May 29, 2021	1881	31	2884	5643
May 30, 2021	2020	30	2781	8386
May 31, 2021	2026	32	1874	7598
Jun 01, 2021	2500	29	1795	7270
Jun 02, 2021	3171	25	1231	6848
Jun 03, 2021	3780	24	1619	7106
Jun 04, 2021	4565	34	1871	6083
Jun 05, 2021	5201	25	1453	5334
Jun 06, 2021	5596	29	1949	8722
Jun 07, 2021	5756	22	2384	8119
Jun 08, 2021	6683	23	940	7466
Jun 09, 2021	8250	21	1013	7021
Jun 10, 2021	9582	22	2006	7190
Jun 11, 2021	10952	17	1801	5984
Jun 12, 2021	12321	21	1580	5108
Jun 13, 2021	12601	13	1215	7761
Jun 14, 2021	12724	17	1328	7023
Jun 15, 2021	14485	6	977	6508
Jun 16, 2021	16935	10	630	6020
Jun 17, 2021	18834	8	1323	6136
Jun 18, 2021	19719	17	971	5106
Jun 19, 2021	18760	12	1158	4086
Jun 20, 2021	19087	15	884	6467
Jun 21, 2021	18490	10	912	5462
Jun 22, 2021	20071	7	544	5047
Jun 23, 2021	22123	8	245	4728
Jun 24, 2021	22867	10	640	4693
Jun 25, 2021	21889	3	476	3646
Jun 26, 2021	22099	3	708	3293
Jun 27, 2021	21964	6	956	3605
Jun 28, 2021	21129	8	720	4495
Jun 29, 2021	21606	9	477	3947
Jun 30, 2021	20957	12	197	3606
Jul 01, 2021	21142	6	633	3437
Jul 02, 2021	20453	8	668	2816
Jul 03, 2021	19210	5	664	2263
Jul 04, 2021	18711	4	680	2767
Jul 05, 2021	17113	1	527	3079
Jul 06, 2021	16822	4	387	2899
Jul 07, 2021	16964	5	152	2821
Jul 08, 2021	15681	3	629	2698
Jul 09, 2021	14893	1	512	2047
Jul 10, 2021	14525	0	428	1863
Jul 11, 2021	12557	4	97	2677
Jul 12, 2021	11636	5	211	2242
Jul 13, 2021	12163	3	183	2039
Jul 14, 2021	12676	3	168	1971
Jul 15, 2021	12750	3	358	1830
Jul 16, 2021	12270	3	382	1521
Jul 17, 2021	12300	3	384	1173
Jul 18, 2021	10866	3	425	1879
Jul 19, 2021	9846	2	359	1542
Jul 20, 2021	9736	1	212	1515
Jul 21, 2021	9982	3	102	1385
Jul 22, 2021	9116	2	326	1093
Jul 23, 2021	8223	1	130	1145
Jul 24, 2021	7742	3	208	1047
Jul 25, 2021	7161	3	389	1565
Jul 26, 2021	6356	2	189	1359
Jul 27, 2021	6106	2	158	1184
Jul 28, 2021	6137	2	94	1141
Jul 29, 2021	5575	1	182	1147
Jul 30, 2021	5509	0	195	916
Jul 31, 2021	5191	1	183	821
Aug 01, 2021	4781	1	179	1217
Aug 02, 2021	4128	0	144	1063
Aug 03, 2021	4360	1	86	986
Aug 04, 2021	4703	0	53	911
Aug 05, 2021	4729	0	127	851
Aug 06, 2021	4512	2	148	772
Aug 07, 2021	4352	1	118	785
Aug 08, 2021	4086	3	136	1019
Aug 09, 2021	3659	1	140	942
Aug 10, 2021	3995	1	102	837
Aug 11, 2021	4286	0	22	788
Aug 12, 2021	4254	1	89	829
Aug 13, 2021	3679	0	112	665
Aug 14, 2021	3187	1	106	613
Aug 15, 2021	2855	0	86	958
Aug 16, 2021	2539	0	69	790
Aug 17, 2021	2513	0	47	738
Aug 18, 2021	2677	1	33	682
Aug 19, 2021	2511	2	97	682
Aug 20, 2021	2400	1	77	540
Aug 21, 2021	2393	0	39	531
Aug 22, 2021	2416	0	63	807
Aug 23, 2021	2292	1	51	665
Aug 24, 2021	2437	0	28	613
Aug 25, 2021	2407	0	10	562
Aug 26, 2021	2294	3	45	579
Aug 27, 2021	2258	0	90	465
Aug 28, 2021	1986	0	44	420
Aug 29, 2021	1793	1	68	675
Aug 30, 2021	1594	0	28	542
Aug 31, 2021	1601	0	21	544
Sep 01, 2021	1690	0	9	469
Sep 02, 2021	1590	0	27	450
Sep 03, 2021	1630	0	49	386
Sep 04, 2021	1433	0	35	335
Sep 05, 2021	1295	1	32	462
Sep 06, 2021	1158	0	21	412
Sep 07, 2021	1174	0	11	437
Sep 08, 2021	1234	1	6	386
Sep 09, 2021	1137	0	43	444
Sep 10, 2021	1084	0	15	372
Sep 11, 2021	1056	0	20	332
Sep 12, 2021	965	1	46	544
Sep 13, 2021	861	0	28	471
Sep 14, 2021	869	0	16	423
Sep 15, 2021	941	0	15	397
Sep 16, 2021	923	0	13	460
Sep 17, 2021	863	1	22	428
Sep 18, 2021	786	0	18	396
Sep 19, 2021	670	1	21	602
Sep 20, 2021	600	1	19	494
Sep 21, 2021	637	0	5	584
Sep 22, 2021	687	0	5	509
Sep 23, 2021	632	0	9	492
Sep 24, 2021	583	0	9	485
Sep 25, 2021	514	0	15	549
Sep 26, 2021	466	0	30	879
Sep 27, 2021	408	2	20	760
Sep 28, 2021	418	0	12	687
Sep 29, 2021	478	0	5	694
Sep 30, 2021	415	0	21	640
Oct 01, 2021	308	0	21	490
Oct 02, 2021	321	1	34	562
Oct 03, 2021	327	0	37	884
Oct 04, 2021	312	0	17	717
Oct 05, 2021	316	0	33	724
Oct 06, 2021	356	0	6	712
Oct 07, 2021	299	0	10	802
Oct 08, 2021	295	0	21	708
Oct 09, 2021	266	0	14	679
Oct 10, 2021	215	0	10	1062
Oct 11, 2021	191	0	8	982
Oct 12, 2021	221	0	12	976
Oct 13, 2021	222	0	13	972
Oct 14, 2021	208	0	12	1046
Oct 15, 2021	222	0	12	986
Oct 16, 2021	216	0	16	1003
Oct 17, 2021	196	0	7	1240
Oct 18, 2021	192	0	14	1726
Oct 19, 2021	192	1	13	1574
Oct 20, 2021	204	0	3	1386
Oct 21, 2021	185	0	17	1430
Oct 22, 2021	184	0	9	1303
Oct 23, 2021	177	0	13	1211
Oct 24, 2021	146	1	6	1982
Oct 25, 2021	128	1	20	1921
Oct 26, 2021	115	0	5	1921
Oct 27, 2021	111	1	7	1703
Oct 28, 2021	108	0	19	1790
Oct 29, 2021	111	2	26	1598
Oct 30, 2021	115	1	25	1506
Oct 31, 2021	113	4	42	2298
Nov 01, 2021	100	1	32	2110
Nov 02, 2021	115	5	18	1950
Nov 03, 2021	133	1	15	1956
Nov 04, 2021	159	0	47	1811
Nov 05, 2021	182	3	62	1536
Nov 06, 2021	172	3	126	1606
Nov 07, 2021	170	6	162	2177
Nov 08, 2021	158	5	235	2640
Nov 09, 2021	163	7	118	2565
Nov 10, 2021	176	7	157	2430
Nov 11, 2021	170	10	471	2354
Nov 12, 2021	157	4	573	1975
Nov 13, 2021	141	4	861	1992
Nov 14, 2021	119	6	1294	2852
Nov 15, 2021	121	3	1039	2748
Nov 16, 2021	99	10	1036	2433
Nov 17, 2021	104	9	609	2238
Nov 18, 2021	107	10	1906	2481
Nov 19, 2021	90	10	2857	1869
Nov 20, 2021	99	8	3380	1833
Nov 21, 2021	100	8	3672	2849
Nov 22, 2021	90	14	2649	2442
Nov 23, 2021	101	5	1539	2399
Nov 24, 2021	100	8	1356	2176
Nov 25, 2021	101	5	3907	2271
Nov 26, 2021	93	4	5255	1933
Nov 27, 2021	100	10	5555	1831
Nov 28, 2021	90	8	5081	2769
Nov 29, 2021	91	8	3674	2383
Nov 30, 2021	96	6	1729	2131
Dec 01, 2021	115	7	1544	1983
Dec 02, 2021	128	4	4258	1892
Dec 03, 2021	152	2	4512	1613
Dec 04, 2021	173	6	4096	1428
Dec 05, 2021	179	5	4189	2133
Dec 06, 2021	178	5	3300	1841
Dec 07, 2021	217	5	1328	1856
Dec 08, 2021	267	5	1485	1493
Dec 09, 2021	374	1	2721	1580
Dec 10, 2021	510	1	2305	1300
Dec 11, 2021	684	3	2167	1132
Dec 12, 2021	737	4	2113	1796
Dec 13, 2021	875	1	1333	1532
Dec 14, 2021	1318	2	1104	1135
Dec 15, 2021	1864	3	685	1363
Dec 16, 2021	2666	1	1215	1367
Dec 17, 2021	3882	4	1140	1107
Dec 18, 2021	4771	3	799	994
Dec 19, 2021	5606	2	616	1502
Dec 20, 2021	6009	0	616	1275
Dec 21, 2021	7777	3	427	1179
Dec 22, 2021	10486	0	294	1089
Dec 23, 2021	13317	1	645	1137
Dec 24, 2021	16309	1	697	964
Dec 25, 2021	17858	1	736	1008
Dec 26, 2021	17945	1	351	1369
Dec 27, 2021	18055	0	303	1266
Dec 28, 2021	21087	1	266	1193
Dec 29, 2021	25703	1	125	1183
Dec 30, 2021	28797	0	510	1177
Dec 31, 2021	30746	2	402	1046
Jan 01, 2022	30449	1	388	1186
Jan 02, 2022	29653	1	430	1964
Jan 03, 2022	28462	0	228	1748
Jan 04, 2022	31223	2	201	1559
Jan 05, 2022	34304	1	111	1645
Jan 06, 2022	33427	1	319	1699
Jan 07, 2022	32739	0	414	1893
Jan 08, 2022	30818	0	506	2520
Jan 09, 2022	27461	4	457	4223
Jan 10, 2022	25252	1	280	4187
Jan 11, 2022	26313	0	209	4375
Jan 12, 2022	26952	1	77	4359
Jan 13, 2022	23990	2	291	5233
Jan 14, 2022	22169	2	285	4792
Jan 15, 2022	18859	1	319	5195
Jan 16, 2022	16297	0	290	9513
Jan 17, 2022	13629	1	252	9440
Jan 18, 2022	12944	0	178	10154
Jan 19, 2022	12795	0	70	10191
Jan 20, 2022	10959	1	328	10873
Jan 21, 2022	9056	0	296	10281
Jan 22, 2022	8146	0	230	10743
Jan 23, 2022	6491	0	256	17643
Jan 24, 2022	5439	0	237	17606
Jan 25, 2022	5366	0	96	17560
Jan 26, 2022	5666	1	43	19547
Jan 27, 2022	5293	0	220	20698
Jan 28, 2022	4506	1	233	19491
Jan 29, 2022	4058	0	191	19098
Jan 30, 2022	3745	0	219	32258
Jan 31, 2022	3158	0	131	32072
Feb 01, 2022	3291	1	77	32013
Feb 02, 2022	3491	1	89	32015
Feb 03, 2022	3228	0	249	33191
Feb 04, 2022	3123	1	482	27462
Feb 05, 2022	2909	1	209	24936
Feb 06, 2022	2603	0	136	42657
Feb 07, 2022	2486	0	162	41565
Feb 08, 2022	2583	0	54	38428
Feb 09, 2022	2873	0	0	35978
Feb 10, 2022	2912	0	179	35234
Feb 11, 2022	2978	0	115	29313
Feb 12, 2022	3036	0	127	26272
Feb 13, 2022	2637	1	0	42721
Feb 14, 2022	2498	0	0	39816
Feb 15, 2022	2599	0	0	36232
Feb 16, 2022	2772	0	329	33600
Feb 17, 2022	2759	0	136	31474
Feb 18, 2022	2622	0	102	26103
Feb 19, 2022	2375	0	122	23224
Feb 20, 2022	2057	0	110	37720
Feb 21, 2022	1894	0	79	33817
Feb 22, 2022	2040	0	49	31109
Feb 23, 2022	2268	0	0	27992
Feb 24, 2022	2194	2	0	26873
Feb 25, 2022	2180	0	197	21445
Feb 26, 2022	2088	1	103	19448
Feb 27, 2022	1909	3	91	30861
Feb 28, 2022	1696	0	90	27264
Mar 01, 2022	1753	0	45	24111
Mar 02, 2022	1916	0	34	22101
Mar 03, 2022	1770	0	111	21739
Mar 04, 2022	1687	1	137	17248
Mar 05, 2022	1586	0	125	15487
Mar 06, 2022	1363	0	0	25031
Mar 07, 2022	1275	0	213	21403
Mar 08, 2022	1416	2	54	19299
Mar 09, 2022	1855	0	54	17788
Mar 10, 2022	1833	0	0	17190
Mar 11, 2022	1690	0	309	14417
Mar 12, 2022	1666	0	116	12607
Mar 13, 2022	1477	0	175	19787
Mar 14, 2022	1477	0	63	17020
Mar 15, 2022	1655	0	48	16198
Mar 16, 2022	1473	0	0	14727
Mar 17, 2022	955	0	125	14296
Mar 18, 2022	955	0	220	11884
Mar 19, 2022	955	4	124	10936
Mar 20, 2022	955	2	0	16540
Mar 21, 2022	741	0	0	13314
Mar 22, 2022	833	0	0	11867
Mar 23, 2022	878	1	332	9931
Mar 24, 2022	866	0	115	9253
Mar 25, 2022	856	0	0	7040
Mar 26, 2022	804	0	163	6230
Mar 27, 2022	716	0	0	9856
Mar 28, 2022	716	0	108	7854
Mar 29, 2022	716	0	31	7170
Mar 30, 2022	782	0	22	6172
Mar 31, 2022	748	0	0	6010
Apr 01, 2022	726	1	0	4597
Apr 02, 2022	701	0	0	4227
Apr 03, 2022	636	0	281	6503
Apr 04, 2022	577	1	63	5262
Apr 05, 2022	639	0	0	4807
Apr 06, 2022	753	0	58	4075
Apr 07, 2022	795	0	69	3813
Apr 08, 2022	795	0	77	3015
Apr 09, 2022	812	0	109	2851
Apr 10, 2022	781	0	69	4485
Apr 11, 2022	764	0	110	3743
Apr 12, 2022	764	1	36	3108
Apr 13, 2022	950	1	53	2856
Apr 14, 2022	983	0	0	2807
Apr 15, 2022	1019	0	0	2258
Apr 16, 2022	941	1	265	2113
Apr 17, 2022	850	0	0	3195
Apr 18, 2022	850	0	154	2585
Apr 19, 2022	831	0	47	2237
Apr 20, 2022	1021	0	49	2046
Apr 21, 2022	935	0	73	1680
Apr 22, 2022	935	0	74	1922
Apr 23, 2022	935	1	57	2095
Apr 24, 2022	935	0	104	3240
Apr 25, 2022	816	0	0	2492
Apr 26, 2022	878	0	0	2159
Apr 27, 2022	878	1	169	1989
Apr 28, 2022	928	0	107	1911
Apr 29, 2022	928	1	136	1761
Apr 30, 2022	682	1	0	1645
May 01, 2022	580	0	292	2559
May 02, 2022	513	2	0	2344
May 03, 2022	513	3	142	2168
May 04, 2022	513	1	74	2017
May 05, 2022	513	0	139	2084
May 06, 2022	557	2	228	2118
May 07, 2022	541	3	129	2204
May 08, 2022	541	0	139	3383
May 09, 2022	442	0	0	3228
May 10, 2022	474	0	164	2974
May 11, 2022	528	0	61	2836
May 12, 2022	610	0	210	2900
May 13, 2022	582	3	161	2975
May 14, 2022	611	0	198	3076
May 15, 2022	568	1	173	4707
May 16, 2022	558	0	0	4716
May 17, 2022	558	0	263	4600
May 18, 2022	558	0	56	4268
May 19, 2022	698	1	214	4552
May 20, 2022	698	0	0	4536
May 21, 2022	671	0	364	4335
May 22, 2022	643	0	188	7045
May 23, 2022	582	0	0	6366
May 24, 2022	625	0	0	6065
May 25, 2022	646	0	238	5745
May 26, 2022	627	0	150	6204
May 27, 2022	646	1	0	5349
May 28, 2022	646	0	359	5549
May 29, 2022	646	0	0	8820
May 30, 2022	542	0	318	8336
May 31, 2022	597	4	84	7775
Jun 01, 2022	711	0	0	7193
Jun 02, 2022	711	0	0	7088
Jun 03, 2022	839	0	149	6332
Jun 04, 2022	839	0	243	5904
Jun 05, 2022	826	0	143	9926
Jun 06, 2022	809	2	182	8852
Jun 07, 2022	906	0	76	8941
Jun 08, 2022	1097	0	50	8202
Jun 09, 2022	1066	0	0	8950
Jun 10, 2022	1053	0	0	8305
Jun 11, 2022	1053	0	710	7900
Jun 12, 2022	1087	0	182	12888
Jun 13, 2022	1047	0	0	11438
Jun 14, 2022	1071	0	0	10592
Jun 15, 2022	1192	0	339	9980
Jun 16, 2022	1244	0	217	10073
Jun 17, 2022	1206	0	0	8630
Jun 18, 2022	1206	1	0	8171
Jun 19, 2022	1166	0	0	13416
Jun 20, 2022	1080	0	0	11685
Jun 21, 2022	1227	0	867	10770
Jun 22, 2022	1227	0	66	9701
Jun 23, 2022	1361	0	0	9226
Jun 24, 2022	1385	0	0	7546
Jun 25, 2022	1385	0	0	6885
Jun 26, 2022	1385	0	0	11791
Jun 27, 2022	1111	0	0	8587
Jun 28, 2022	1165	0	0	11813
Jun 29, 2022	1165	0	1026	9858
Jun 30, 2022	1257	0	66	9217
Jul 01, 2022	1257	0	0	7879
Jul 02, 2022	1203	0	314	6909
Jul 03, 2022	1099	0	185	8653
Jul 04, 2022	1099	0	182	11748
Jul 05, 2022	1099	0	102	10238
Jul 06, 2022	1013	0	71	8795
Jul 07, 2022	1092	0	139	8551
Jul 08, 2022	1079	0	0	7422
Jul 09, 2022	1261	0	254	6931
Jul 10, 2022	1134	0	103	10936
Jul 11, 2022	1001	0	0	9560
Jul 12, 2022	1001	0	0	8638
Jul 13, 2022	1001	0	89	8091
Jul 14, 2022	1455	0	177	7854
Jul 15, 2022	1566	0	73	6612
Jul 16, 2022	1566	0	0	6288
Jul 17, 2022	1566	1	0	9598
Jul 18, 2022	1475	0	0	8129
Jul 19, 2022	1515	0	236	7434
Jul 20, 2022	1515	0	27	6219
Jul 21, 2022	1515	0	74	6158
Jul 22, 2022	1515	0	47	5345
Jul 23, 2022	1515	0	62	5289
Jul 24, 2022	1549	0	0	9024
Jul 25, 2022	1429	0	0	7889
Jul 26, 2022	1429	0	102	7572
Jul 27, 2022	1429	0	10	7139
Jul 28, 2022	1429	0	0	7411
Jul 29, 2022	1429	0	0	6867
Jul 30, 2022	1429	0	0	6541
Jul 31, 2022	1429	0	0	10378
Aug 01, 2022	1313	0	227	8837
Aug 02, 2022	1239	0	25	8430
Aug 03, 2022	1239	0	12	6601
Aug 04, 2022	1393	0	38	6602
Aug 05, 2022	1161	0	26	8184
Aug 06, 2022	1343	0	30	7646
Aug 07, 2022	1259	0	24	7532
Aug 08, 2022	1138	0	16	12328
Aug 09, 2022	1134	0	9	10558
Aug 10, 2022	1134	0	5	10033
Aug 11, 2022	1300	0	40	9376
Aug 12, 2022	1329	0	39	9495
Aug 13, 2022	1329	0	24	9218
Aug 14, 2022	1329	0	26	8458
Aug 15, 2022	1273	0	12	13732
Aug 16, 2022	870	0	7	11781
Aug 17, 2022	889	0	5	11135
Aug 18, 2022	889	0	0	0
Aug 19, 2022	889	0	52	18721
Aug 20, 2022	889	0	0	7626
Aug 21, 2022	693	0	0	6902
Aug 22, 2022	598	0	0	0
Aug 23, 2022	581	0	0	19792
Aug 24, 2022	584	0	0	9411
Aug 25, 2022	614	0	64	0
Aug 26, 2022	614	0	0	16290
Aug 27, 2022	614	0	28	6900
Aug 28, 2022	452	0	0	0
Aug 29, 2022	394	0	18	15291
Aug 30, 2022	394	0	1	7843
Aug 31, 2022	394	0	5	0
Sep 01, 2022	394	0	0	13154
Sep 02, 2022	394	0	0	0
Sep 03, 2022	397	0	0	11084
Sep 04, 2022	358	0	0	4775
Sep 05, 2022	314	0	0	6659
Sep 06, 2022	320	0	65	5660
Sep 07, 2022	336	0	4	5095
Sep 08, 2022	353	0	0	0
Sep 09, 2022	317	0	0	8943
Sep 10, 2022	283	0	0	3957
Sep 11, 2022	247	0	0	3619
Sep 12, 2022	208	0	0	0
Sep 13, 2022	214	0	0	10670
Sep 14, 2022	231	0	20	4136
Sep 15, 2022	219	0	0	3661
Sep 16, 2022	209	0	0	3615
Sep 17, 2022	194	0	0	3055
Sep 18, 2022	172	0	0	0
Sep 19, 2022	152	0	0	0
Sep 20, 2022	152	0	0	9698
Sep 21, 2022	183	0	0	2669
Sep 22, 2022	183	0	0	2231
Sep 23, 2022	183	0	29	1939
Sep 24, 2022	183	0	1	0
Sep 25, 2022	183	0	0	5148
Sep 26, 2022	183	0	7	3274
Sep 27, 2022	123	0	0	4565
Sep 28, 2022	123	0	0	0
Sep 29, 2022	139	0	1	7462
Sep 30, 2022	139	0	2	3168
Oct 01, 2022	108	0	1	2977
Oct 02, 2022	93	0	0	2799
Oct 03, 2022	77	0	0	4139
Oct 04, 2022	77	0	0	0
Oct 05, 2022	77	2	0	6565
Oct 06, 2022	77	0	0	2719
Oct 07, 2022	77	0	0	2674
Oct 08, 2022	77	0	0	2544
Oct 09, 2022	75	0	0	2669
Oct 10, 2022	66	0	0	4096
Oct 11, 2022	63	0	0	3433
Oct 12, 2022	63	0	0	3064
Oct 13, 2022	63	0	0	3026
Oct 14, 2022	63	0	0	2939
Oct 15, 2022	63	0	0	0
Oct 16, 2022	63	0	0	5715
Oct 17, 2022	42	0	0	13276
Oct 18, 2022	42	0	0	0
Oct 19, 2022	42	0	0	8169
Oct 20, 2022	42	0	36	4036
Oct 21, 2022	42	0	0	4222
Oct 22, 2022	42	0	0	7620
Oct 23, 2022	42	0	0	5520
Oct 24, 2022	42	0	0	5418
Oct 25, 2022	42	0	0	5623
Oct 26, 2022	29	0	0	0
Oct 27, 2022	30	0	25	10304
Oct 28, 2022	30	0	0	5021
Oct 29, 2022	35	0	0	0
Oct 30, 2022	35	0	0	14528
Oct 31, 2022	35	0	0	5605
Nov 01, 2022	21	0	0	4865
Nov 02, 2022	15	0	0	4334
Nov 03, 2022	16	0	0	0
Nov 04, 2022	16	0	0	7420
Nov 05, 2022	16	0	0	5244
Nov 06, 2022	16	0	0	5180
Nov 07, 2022	16	0	0	7836
Nov 08, 2022	16	3	0	7496
Nov 09, 2022	16	0	0	6762
Nov 10, 2022	16	1	0	5336
Nov 11, 2022	16	0	0	5533
Nov 12, 2022	16	1	0	8947
Nov 13, 2022	16	0	0	6535
Nov 14, 2022	16	0	0	5802
Nov 15, 2022	16	0	0	5611
Nov 16, 2022	16	0	0	5297
Nov 17, 2022	16	0	0	4342
Nov 18, 2022	16	1	0	4352
Nov 19, 2022	16	0	159	7735
Nov 20, 2022	16	3	116	5912
Nov 21, 2022	16	0	0	5493
Nov 22, 2022	21	2	45	5050
Nov 23, 2022	21	0	32	4852
Nov 24, 2022	21	1	10	3906
Nov 25, 2022	21	3	88	3946
Nov 26, 2022	21	1	98	6425
Nov 27, 2022	21	0	131	4820
Nov 28, 2022	21	1	153	7309
Nov 29, 2022	37	0	51	1211
Nov 30, 2022	37	1	32	3883
Dec 01, 2022	37	0	34	3193
Dec 02, 2022	37	0	191	3318
Dec 03, 2022	37	1	245	0
Dec 04, 2022	37	1	208	9392
Dec 05, 2022	37	0	206	0
Dec 06, 2022	37	0	0	7072
Dec 07, 2022	37	2	177	3210
Dec 08, 2022	37	0	258	2628
Dec 09, 2022	37	2	349	2552
Dec 10, 2022	37	1	11	0
Dec 11, 2022	37	0	615	0
Dec 12, 2022	37	0	0	0
Dec 13, 2022	37	2	348	0
Dec 14, 2022	37	1	0	12564
Dec 15, 2022	37	1	477	6807
Dec 16, 2022	37	0	310	2915
Dec 17, 2022	37	1	317	4578
Dec 18, 2022	37	0	249	3605
Dec 19, 2022	37	0	330	3572
Dec 20, 2022	37	0	0	3353
Dec 21, 2022	37	0	0	3323
Dec 22, 2022	123	0	516	3122
Dec 23, 2022	179	1	241	3184
Dec 24, 2022	179	0	206	5283
Dec 25, 2022	209	1	223	4287
Dec 26, 2022	207	0	0	3767
Dec 27, 2022	198	0	0	3848
Dec 28, 2022	277	0	410	0
Dec 29, 2022	345	0	181	7093
Dec 30, 2022	457	0	181	3889
Dec 31, 2022	575	0	317	6752
Jan 01, 2023	586	0	136	5186
Jan 02, 2023	577	0	176	4458
Jan 03, 2023	592	3	58	3703
Jan 04, 2023	769	1	59	3277
Jan 05, 2023	1000	0	134	2385
Jan 06, 2023	1116	0	112	2929
Jan 07, 2023	1216	0	178	4074
Jan 08, 2023	1216	0	97	5084
Jan 09, 2023	1118	0	77	3985
Jan 10, 2023	1315	2	0	3604
Jan 11, 2023	1648	0	29	3164
Jan 12, 2023	1648	0	0	2578
Jan 13, 2023	2013	0	0	2530
Jan 14, 2023	2013	0	0	4091
Jan 15, 2023	1920	0	0	3118
Jan 16, 2023	1920	0	0	2756
Jan 17, 2023	2052	0	0	0
Jan 18, 2023	2281	0	407	4944
Jan 19, 2023	2340	0	58	0
Jan 20, 2023	2256	0	49	4047
Jan 21, 2023	2292	0	0	3094
Jan 22, 2023	2292	0	0	2409
Jan 23, 2023	2292	0	0	2041
Jan 24, 2023	2144	0	0	2101
Jan 25, 2023	2247	0	133	1844
Jan 26, 2023	2131	0	48	1608
Jan 27, 2023	2037	0	0	1600
Jan 28, 2023	2037	0	67	2395
Jan 29, 2023	2037	0	0	1915
Jan 30, 2023	1545	0	44	1677
Jan 31, 2023	1612	0	12	1607
Feb 01, 2023	1734	0	0	1567
Feb 02, 2023	1738	0	0	1502
Feb 03, 2023	1612	0	0	1398
Feb 04, 2023	1554	0	0	2091
Feb 05, 2023	1418	0	0	1615
Feb 06, 2023	1290	0	0	1606
Feb 07, 2023	1338	0	0	1470
Feb 08, 2023	1340	0	0	3823
Feb 09, 2023	1340	0	136	0
Feb 10, 2023	1150	0	32	183
Feb 11, 2023	1026	1	41	2002
Feb 12, 2023	1026	0	32	1639
Feb 13, 2023	1040	0	31	1483
Feb 14, 2023	1040	0	8	1410
Feb 15, 2023	1040	0	0	1318
Feb 16, 2023	1040	0	14	0
Feb 17, 2023	1040	0	0	0
Feb 18, 2023	1040	0	59	4433
Feb 19, 2023	1040	0	42	0
Feb 20, 2023	434	0	26	3173
Feb 21, 2023	461	0	0	1585
Feb 22, 2023	487	0	10	1674
Feb 23, 2023	487	0	0	0
Feb 24, 2023	487	0	0	3396
Feb 25, 2023	487	0	0	2668
Feb 26, 2023	487	0	82	2210
Feb 27, 2023	262	0	20	2039
Feb 28, 2023	295	0	0	2091
Mar 01, 2023	295	0	6	1963
Mar 02, 2023	288	0	13	0
Mar 03, 2023	288	0	0	0
Mar 04, 2023	238	0	0	7102
Mar 05, 2023	224	0	56	2710
Mar 06, 2023	224	0	10	2592
Mar 07, 2023	224	0	0	2602
Mar 08, 2023	224	0	0	2722
Mar 09, 2023	224	0	0	0
Mar 10, 2023	224	0	0	5428
Mar 11, 2023	224	0	0	4092
Mar 12, 2023	224	0	0	3657
Mar 13, 2023	224	0	50	3426
Mar 14, 2023	135	0	0	3676
Mar 15, 2023	163	0	0	3819
Mar 16, 2023	174	0	0	3535
Mar 17, 2023	186	0	0	3596
Mar 18, 2023	207	0	0	5249
Mar 19, 2023	194	0	0	4031
Mar 20, 2023	194	0	0	3712
Mar 21, 2023	172	0	0	3546
Mar 22, 2023	172	0	75	3237
Mar 23, 2023	206	0	3	0
Mar 24, 2023	216	0	6	5760
Mar 25, 2023	223	0	6	4205
Mar 26, 2023	223	0	8	0
Mar 27, 2023	189	0	0	5627
Mar 28, 2023	189	0	0	2524
Mar 29, 2023	189	0	9	2180
Mar 30, 2023	189	0	0	0
Mar 31, 2023	179	0	0	0
Apr 01, 2023	166	0	0	6226
Apr 02, 2023	166	0	0	1850
Apr 03, 2023	113	0	0	0
Apr 04, 2023	122	0	0	2993
Apr 05, 2023	122	0	0	1170
Apr 06, 2023	122	0	0	1047
Apr 07, 2023	174	0	0	1146
Apr 08, 2023	165	0	85	1456
Apr 09, 2023	165	0	0	0
Apr 10, 2023	165	0	0	0
Apr 11, 2023	165	0	0	0
Apr 12, 2023	165	0	0	0
Apr 13, 2023	165	0	0	4096
Apr 14, 2023	165	0	0	788
Apr 15, 2023	113	0	0	1201
Apr 16, 2023	113	0	0	773
Apr 17, 2023	113	0	0	597
Apr 18, 2023	113	0	0	566
Apr 19, 2023	113	0	0	561
Apr 20, 2023	113	0	0	428
Apr 21, 2023	113	0	0	0
Apr 22, 2023	113	0	0	979
Apr 23, 2023	113	0	0	0
Apr 24, 2023	51	0	0	795
Apr 25, 2023	46	0	0	383
Apr 26, 2023	52	0	0	342
Apr 27, 2023	58	0	0	0
Apr 28, 2023	66	0	0	0
Apr 29, 2023	66	2	0	0
Apr 30, 2023	66	0	0	1276
May 01, 2023	41	0	0	240
May 02, 2023	41	0	0	175
May 03, 2023	41	0	0	203
May 04, 2023	41	0	0	134
May 05, 2023	41	0	0	152
May 06, 2023	41	2	0	180
May 07, 2023	41	0	1063	240
May 08, 2023	41	0	0	141
May 09, 2023	41	1	0	0
May 10, 2023	41	0	0	305
May 11, 2023	79	0	0	0
May 12, 2023	79	0	0	255
May 13, 2023	79	0	0	181
May 14, 2023	79	0	903	0
May 15, 2023	79	0	0	219
May 16, 2023	79	1	0	97
May 17, 2023	79	0	0	104
May 18, 2023	79	0	0	0
May 19, 2023	79	0	0	186
May 20, 2023	79	0	0	123
May 21, 2023	79	0	1061	112
May 22, 2023	79	0	0	63
May 23, 2023	79	4	0	74
May 24, 2023	79	0	530	77
May 25, 2023	79	0	0	54
May 26, 2023	79	0	0	64
May 27, 2023	79	0	0	85
May 28, 2023	79	0	0	66
May 29, 2023	79	0	0	42
May 30, 2023	79	1	0	68
May 31, 2023	79	0	1007	36
Jun 01, 2023	79	0	0	43
Jun 02, 2023	79	0	0	33
Jun 03, 2023	79	0	0	60
Jun 04, 2023	79	0	0	52
Jun 05, 2023	79	0	0	34
Jun 06, 2023	79	0	0	32
Jun 07, 2023	79	0	450	42
Jun 08, 2023	79	0	0	24
Jun 09, 2023	546	0	0	27
Jun 10, 2023	546	0	0	42
Jun 11, 2023	546	0	0	31
Jun 12, 2023	546	0	0	26
Jun 13, 2023	546	0	0	22
Jun 14, 2023	546	0	278	23
Jun 15, 2023	546	0	0	24
Jun 16, 2023	1068	0	0	22
Jun 17, 2023	1068	0	0	51
Jun 18, 2023	1068	0	0	28
Jun 19, 2023	1068	0	0	38
Jun 20, 2023	1068	0	0	26
Jun 21, 2023	1068	0	0	27
Jun 22, 2023	1068	0	0	20
Jun 23, 2023	1644	0	0	20
Jun 24, 2023	1644	0	0	32
Jun 25, 2023	1644	0	0	17
Jun 26, 2023	2173	0	0	16
Jun 27, 2023	2173	0	0	19
Jun 28, 2023	2173	0	0	29
Jun 29, 2023	2173	0	0	25
Jun 30, 2023	2173	0	0	18
Jul 01, 2023	2173	0	0	26
Jul 02, 2023	2173	0	0	30
Jul 03, 2023	3179	0	0	15
Jul 04, 2023	3179	0	0	23
Jul 05, 2023	3179	0	0	19
Jul 06, 2023	3179	0	0	16
Jul 07, 2023	3179	0	0	0
Jul 08, 2023	3179	0	0	34
Jul 09, 2023	3179	0	0	0
Jul 10, 2023	3625	0	0	41
Jul 11, 2023	3625	0	0	18
Jul 12, 2023	3625	0	0	12
Jul 13, 2023	3625	0	0	24
Jul 14, 2023	3625	0	0	22
Jul 15, 2023	3625	0	0	38
Jul 16, 2023	3625	0	0	0
Jul 17, 2023	3902	0	0	32
Jul 18, 2023	3902	0	0	20
Jul 19, 2023	3902	0	0	22
Jul 20, 2023	3902	0	0	13
Jul 21, 2023	3902	0	0	21
Jul 22, 2023	3902	0	0	31
Jul 23, 2023	3902	0	0	29
Jul 24, 2023	3902	0	0	23
Jul 25, 2023	3902	0	0	28
Jul 26, 2023	3902	0	0	0
Jul 27, 2023	3902	0	0	55
Jul 28, 2023	3902	0	0	44
Jul 29, 2023	3902	0	0	55
Jul 30, 2023	3902	0	0	44
Jul 31, 2023	3902	0	0	36
Aug 01, 2023	3902	0	0	50
Aug 02, 2023	3902	0	0	44
Aug 03, 2023	3902	0	0	44
Aug 04, 2023	3902	0	0	43
Aug 05, 2023	3902	0	0	71
Aug 06, 2023	3902	0	0	50
Aug 07, 2023	3902	0	0	50
Aug 08, 2023	3902	0	0	0
Aug 09, 2023	3902	0	0	0
Aug 10, 2023	3902	0	0	0
Aug 11, 2023	3902	0	0	224
Aug 12, 2023	3902	0	0	0
Aug 13, 2023	3902	0	0	0
Aug 14, 2023	3902	0	0	188
Aug 15, 2023	3902	0	0	63
Aug 16, 2023	3902	0	0	69
Aug 17, 2023	3902	0	0	0
Aug 18, 2023	3902	0	0	104
Aug 19, 2023	3902	0	0	0
Aug 20, 2023	3902	0	0	0
Aug 21, 2023	3902	0	0	228
Aug 22, 2023	3902	0	0	0
Aug 23, 2023	3902	0	0	0
Aug 24, 2023	3902	0	0	215
Aug 25, 2023	3902	0	0	73
Aug 26, 2023	3902	0	0	0
Aug 27, 2023	3902	0	0	0
Aug 28, 2023	3902	0	0	0
Aug 29, 2023	3902	0	0	371
Aug 30, 2023	3902	0	0	0
Aug 31, 2023	3902	0	0	83
Sep 01, 2023	3902	0	0	0
Sep 02, 2023	3902	0	0	0
Sep 03, 2023	3902	0	0	0
Sep 04, 2023	3902	0	0	0
Sep 05, 2023	3902	0	0	0
Sep 06, 2023	3902	0	0	491
Sep 07, 2023	3902	0	0	0
Sep 08, 2023	3902	0	0	0
Sep 09, 2023	3902	0	0	0
Sep 10, 2023	3902	0	0	0
Sep 11, 2023	3902	0	0	0
Sep 12, 2023	3902	0	0	0
Sep 13, 2023	3902	0	0	0
Sep 14, 2023	3902	0	0	649
Sep 15, 2023	3902	0	0	0
Sep 16, 2023	3902	0	0	0
Sep 17, 2023	3902	0	0	0
Sep 18, 2023	3902	0	0	0
Sep 19, 2023	3902	0	0	0
Sep 20, 2023	3902	0	0	0
Sep 21, 2023	3902	0	0	790
Sep 22, 2023	3902	0	0	0
Sep 23, 2023	3902	0	0	0
Sep 24, 2023	3902	0	0	0
Sep 25, 2023	3902	0	0	0
Sep 26, 2023	3902	0	0	0
Sep 27, 2023	3902	0	14	0
Sep 28, 2023	3902	0	0	0
Sep 29, 2023	3902	0	0	0
Sep 30, 2023	3902	0	0	864
Oct 01, 2023	3902	0	0	0
Oct 02, 2023	3902	0	0	0
Oct 03, 2023	3902	0	0	0
Oct 04, 2023	3902	0	0	0
Oct 05, 2023	3902	0	0	0
Oct 06, 2023	3902	0	0	1354
Oct 07, 2023	3902	0	0	0
Oct 08, 2023	3902	0	0	0
Oct 09, 2023	3902	0	0	0
Oct 10, 2023	3902	0	0	0
Oct 11, 2023	3902	0	1	0
Oct 12, 2023	3902	0	0	0
Oct 13, 2023	3902	0	0	1774
Oct 14, 2023	3902	0	0	0
Oct 15, 2023	3902	0	0	0
Oct 16, 2023	3902	0	0	0
Oct 17, 2023	3902	0	0	0
Oct 18, 2023	3902	0	0	0
Oct 19, 2023	3902	0	0	0
Oct 20, 2023	3902	0	0	2091
Oct 21, 2023	3902	0	0	0
Oct 22, 2023	3902	0	0	0
Oct 23, 2023	3902	0	0	0
Oct 24, 2023	3902	0	0	0
Oct 25, 2023	3902	0	2	0
Oct 26, 2023	3902	0	0	0
Oct 27, 2023	3902	0	0	2952
Oct 28, 2023	3902	0	0	3418
Oct 29, 2023	3902	0	0	0
Oct 30, 2023	3916	0	0	0
Oct 31, 2023	3916	0	0	0
Nov 01, 2023	3916	0	0	0
Nov 02, 2023	3916	0	0	0
Nov 03, 2023	3916	0	0	0
Nov 04, 2023	3916	0	0	0
Nov 05, 2023	3916	0	0	0
Nov 06, 2023	3916	0	0	0
Nov 07, 2023	3916	0	0	0
Nov 08, 2023	3916	0	0	0
Nov 09, 2023	3916	0	0	0
Nov 10, 2023	3916	0	0	0
Nov 11, 2023	3916	0	0	3539
Nov 12, 2023	3916	0	0	8006
Nov 13, 2023	3917	0	0	0
Nov 14, 2023	3917	0	0	0
Nov 15, 2023	3917	0	0	0
Nov 16, 2023	3917	0	0	0
Nov 17, 2023	3917	0	0	0
Nov 18, 2023	3917	0	0	0
Nov 19, 2023	3917	0	0	0
Nov 20, 2023	3917	0	0	0
Nov 21, 2023	3917	0	0	0
Nov 22, 2023	3917	0	0	0
Nov 23, 2023	3917	0	0	0
Nov 24, 2023	3917	0	0	0
Nov 25, 2023	3917	0	0	0
Nov 26, 2023	3917	0	0	0
Nov 27, 2023	3919	0	0	0
Nov 28, 2023	3919	0	0	0
Nov 29, 2023	3919	0	0	0
Nov 30, 2023	3919	0	0	0
Dec 01, 2023	3919	0	0	0
Dec 02, 2023	3919	0	0	0
Dec 03, 2023	3919	0	0	0
Dec 04, 2023	3919	0	0	0
Dec 05, 2023	3919	0	0	0
Dec 06, 2023	3919	0	0	0
Dec 07, 2023	3919	0	0	0
Dec 08, 2023	3919	0	0	0
Dec 09, 2023	3919	0	0	0
Dec 10, 2023	3919	0	0	0
Dec 11, 2023	3919	0	0	0
Dec 12, 2023	3919	0	0	0
Dec 13, 2023	3919	0	0	0
Dec 14, 2023	3919	0	0	0
Dec 15, 2023	3919	0	0	0
Dec 16, 2023	3919	0	0	0
Dec 17, 2023	3919	0	0	0
Dec 18, 2023	3919	0	0	0
Dec 19, 2023	3919	0	0	0
Dec 20, 2023	3919	0	0	0
Dec 21, 2023	3919	0	0	0
Dec 22, 2023	3919	0	0	0
Dec 23, 2023	3919	0	0	0
Dec 24, 2023	3919	0	0	0
Dec 25, 2023	3919	0	0	0
Dec 26, 2023	3919	0	0	0
Dec 27, 2023	3919	0	0	0
Dec 28, 2023	3919	0	0	0
Dec 29, 2023	3919	0	0	0
Dec 30, 2023	3919	0	0	0
Dec 31, 2023	3919	0	0	0
Jan 01, 2024	3919	0	0	0
Jan 02, 2024	3919	0	0	0
Jan 03, 2024	3919	0	0	0
Jan 04, 2024	3919	0	0	0
Jan 05, 2024	3919	0	0	0
Jan 06, 2024	3919	0	0	0
Jan 07, 2024	3919	0	0	0
Jan 08, 2024	3919	0	0	0
Jan 09, 2024	3919	0	0	0
Jan 10, 2024	3919	0	0	0
Jan 11, 2024	3919	0	0	0
Jan 12, 2024	3919	0	0	0
Jan 13, 2024	3919	0	0	0
Jan 14, 2024	3919	0	0	0
Jan 15, 2024	3919	0	0	0
Jan 16, 2024	3919	0	0	0
Jan 17, 2024	3919	0	0	0
Jan 18, 2024	3919	0	0	0
Jan 19, 2024	3919	0	0	0
Jan 20, 2024	3919	0	0	0
Jan 21, 2024	3919	0	0	0
Jan 22, 2024	3919	0	0	0
Jan 23, 2024	3919	0	0	0
Jan 24, 2024	3919	0	0	0
Jan 25, 2024	3919	0	0	0
Jan 26, 2024	3919	0	0	0
Jan 27, 2024	3919	0	0	0
Jan 28, 2024	3919	0	0	0
Jan 29, 2024	3919	0	0	0
Jan 30, 2024	3919	0	0	0
Jan 31, 2024	3919	0	0	0
Feb 01, 2024	3919	0	0	0
Feb 02, 2024	3919	0	0	0
Feb 03, 2024	3919	0	0	0
Feb 04, 2024	3919	0	0	0
Feb 05, 2024	3919	0	0	0
Feb 06, 2024	3919	NA	0	0
Feb 07, 2024	3919	NA	0	0
Feb 08, 2024	3919	NA	0	0
Feb 09, 2024	3919	NA	0	0
Feb 10, 2024	3919	NA	0	0
Feb 11, 2024	3919	NA	0	0
Feb 12, 2024	3919	NA	0	0
Feb 13, 2024	3919	NA	0	0
Feb 14, 2024	3919	NA	0	0
Feb 15, 2024	3919	NA	0	0
Feb 16, 2024	3919	NA	0	0
Feb 17, 2024	3919	NA	0	0
Feb 18, 2024	3919	NA	0	0
Feb 19, 2024	3919	NA	0	0
Feb 20, 2024	3919	NA	0	0
Feb 21, 2024	3919	NA	NA	0
Feb 22, 2024	3919	NA	NA	0
Feb 23, 2024	3919	NA	NA	0
Feb 24, 2024	3919	NA	NA	0
Feb 25, 2024	3919	NA	NA	0
Feb 26, 2024	3919	NA	NA	0
Feb 27, 2024	3919	NA	NA	0
Feb 28, 2024	3919	NA	NA	0
Feb 29, 2024	3919	NA	NA	0
Mar 01, 2024	3919	NA	NA	0
Mar 02, 2024	3919	NA	NA	0
Mar 03, 2024	3919	NA	NA	0
Mar 04, 2024	3919	NA	NA	0
Mar 05, 2024	3919	NA	NA	0
Mar 06, 2024	3919	NA	NA	0
Mar 07, 2024	3919	NA	NA	0
Mar 08, 2024	3919	NA	NA	0
Mar 09, 2024	3919	NA	NA	0
Mar 10, 2024	3919	NA	NA	0
Mar 11, 2024	3919	NA	NA	0
Mar 12, 2024	3919	NA	NA	0
Mar 13, 2024	3919	NA	NA	0
Mar 14, 2024	3919	NA	NA	0
Mar 15, 2024	3919	NA	NA	0
Mar 16, 2024	3919	NA	NA	0
Mar 17, 2024	3919	NA	NA	0
Mar 18, 2024	3919	NA	NA	0
Mar 19, 2024	3919	NA	NA	0
Mar 20, 2024	3919	NA	NA	0
Mar 21, 2024	3919	NA	NA	0
Mar 22, 2024	3919	NA	NA	0
Mar 23, 2024	3919	NA	NA	0
Mar 24, 2024	3919	NA	NA	NA
