Dates	Active	Deaths	Newcases	recover
Feb 15, 2020	0	0	0	0
Feb 16, 2020	0	0	0	0
Feb 17, 2020	0	0	0	0
Feb 18, 2020	0	0	0	0
Feb 19, 2020	0	0	0	0
Feb 20, 2020	0	0	0	0
Feb 21, 2020	0	0	0	0
Feb 22, 2020	0	0	0	1
Feb 23, 2020	0	0	0	2
Feb 24, 2020	0	0	0	22
Feb 25, 2020	0	0	0	0
Feb 26, 2020	0	0	0	29
Feb 27, 2020	0	0	0	19
Feb 28, 2020	0	0	0	50
Feb 29, 2020	0	0	0	52
Mar 01, 2020	0	0	0	116
Mar 02, 2020	0	0	0	144
Mar 03, 2020	0	0	0	117
Mar 04, 2020	0	0	0	187
Mar 05, 2020	0	0	2	174
Mar 06, 2020	2	0	1	756
Mar 07, 2020	3	0	4	465
Mar 08, 2020	7	0	14	260
Mar 09, 2020	21	0	8	337
Mar 10, 2020	29	1	16	228
Mar 11, 2020	44	3	3	317
Mar 12, 2020	44	0	12	253
Mar 13, 2020	56	3	46	810
Mar 14, 2020	99	4	29	251
Mar 15, 2020	124	0	2	406
Mar 16, 2020	126	2	44	393
Mar 17, 2020	168	3	15	321
Mar 18, 2020	178	0	15	269
Mar 19, 2020	192	1	12	766
Mar 20, 2020	203	1	76	890
Mar 21, 2020	275	6	72	278
Mar 22, 2020	340	8	81	463
Mar 23, 2020	411	2	88	537
Mar 24, 2020	497	3	83	712
Mar 25, 2020	572	7	70	832
Mar 26, 2020	634	9	94	676
Mar 27, 2020	718	14	268	546
Mar 28, 2020	972	3	338	712
Mar 29, 2020	1305	7	126	1520
Mar 30, 2020	1424	10	529	745
Mar 31, 2020	1943	8	223	817
Apr 01, 2020	2158	11	317	1238
Apr 02, 2020	2464	29	379	1224
Apr 03, 2020	2814	8	75	1801
Apr 04, 2020	2881	8	150	2275
Apr 05, 2020	3023	11	407	2225
Apr 06, 2020	3419	14	103	2803
Apr 07, 2020	3503	5	104	2773
Apr 08, 2020	3592	21	203	2497
Apr 09, 2020	3749	18	117	3156
Apr 10, 2020	3834	26	229	6482
Apr 11, 2020	4024	50	217	1947
Apr 12, 2020	4154	18	279	2089
Apr 13, 2020	4375	20	286	2146
Apr 14, 2020	4593	14	227	1804
Apr 15, 2020	4751	13	204	2296
Apr 16, 2020	4863	25	214	1835
Apr 17, 2020	5004	10	206	1923
Apr 18, 2020	5174	12	169	1036
Apr 19, 2020	5278	19	197	2250
Apr 20, 2020	5418	9	138	1692
Apr 21, 2020	5508	9	109	2148
Apr 22, 2020	5571	16	267	1730
Apr 23, 2020	5797	15	207	1756
Apr 24, 2020	5953	17	101	1594
Apr 25, 2020	6008	7	280	1464
Apr 26, 2020	6216	10	195	1276
Apr 27, 2020	6334	19	178	1506
Apr 28, 2020	6453	28	250	1352
Apr 29, 2020	6631	10	272	1312
Apr 30, 2020	6877	11	279	1215
May 01, 2020	7109	24	154	1032
May 02, 2020	7201	4	290	1072
May 03, 2020	7402	16	258	957
May 04, 2020	7547	14	196	1096
May 05, 2020	7639	21	315	1112
May 06, 2020	7840	27	334	1157
May 07, 2020	8040	11	118	1093
May 08, 2020	8033	8	144	1227
May 09, 2020	8064	15	181	1079
May 10, 2020	8151	7	288	1279
May 11, 2020	8361	25	260	935
May 12, 2020	8493	21	263	1071
May 13, 2020	8595	18	254	1111
May 14, 2020	8749	16	212	1297
May 15, 2020	8825	11	211	1311
May 16, 2020	8927	7	204	1317
May 17, 2020	9054	7	202	1197
May 18, 2020	9158	6	221	1512
May 19, 2020	9262	5	274	1635
May 20, 2020	9447	4	210	1756
May 21, 2020	9588	11	160	1712
May 22, 2020	9648	6	177	1796
May 23, 2020	9737	5	254	1729
May 24, 2020	9918	5	280	1912
May 25, 2020	10123	13	344	1724
May 26, 2020	10371	18	374	1739
May 27, 2020	10639	17	531	1812
May 28, 2020	11069	21	1029	1943
May 29, 2020	11972	8	581	1896
May 30, 2020	12466	7	848	2021
May 31, 2020	13220	3	544	2156
Jun 01, 2020	13699	6	353	2073
Jun 02, 2020	13968	8	739	2129
Jun 03, 2020	14621	10	624	2279
Jun 04, 2020	15150	3	240	2256
Jun 05, 2020	15309	7	703	2297
Jun 06, 2020	15905	9	546	2311
Jun 07, 2020	16362	8	570	2011
Jun 08, 2020	16826	6	510	2097
Jun 09, 2020	17239	10	728	2133
Jun 10, 2020	17810	9	436	2073
Jun 11, 2020	17974	16	602	1986
Jun 12, 2020	18281	22	596	2099
Jun 13, 2020	18612	14	529	1926
Jun 14, 2020	18888	10	483	1916
Jun 15, 2020	19070	5	355	2085
Jun 16, 2020	19126	5	450	2137
Jun 17, 2020	19310	8	552	2179
Jun 18, 2020	19593	14	649	2201
Jun 19, 2020	19951	20	926	2192
Jun 20, 2020	20600	19	642	2207
Jun 21, 2020	20990	8	620	2836
Jun 22, 2020	21362	9	1125	2733
Jun 23, 2020	22197	18	463	2936
Jun 24, 2020	22435	8	762	3007
Jun 25, 2020	22947	12	988	2749
Jun 26, 2020	23667	12	718	2809
Jun 27, 2020	24137	8	642	2649
Jun 28, 2020	24525	11	967	2870
Jun 29, 2020	25227	11	1059	2578
Jun 30, 2020	26015	4	982	2729
Jul 01, 2020	26803	4	289	2611
Jul 02, 2020	26858	6	1507	2348
Jul 03, 2020	27983	10	1470	2503
Jul 04, 2020	29087	7	2386	2381
Jul 05, 2020	31015	6	2046	2753
Jul 06, 2020	32845	6	1516	2917
Jul 07, 2020	34178	5	2446	2463
Jul 08, 2020	36457	0	1373	2713
Jul 09, 2020	37627	46	1142	2839
Jul 10, 2020	38324	12	1287	2651
Jul 11, 2020	38813	162	2005	2327
Jul 12, 2020	38679	63	642	2546
Jul 13, 2020	34943	6	538	2731
Jul 14, 2020	35396	11	1289	2291
Jul 15, 2020	36178	29	2355	3047
Jul 16, 2020	38080	17	1758	2265
Jul 17, 2020	39541	113	2233	2427
Jul 18, 2020	41375	58	2127	2488
Jul 19, 2020	43081	4	1414	2299
Jul 20, 2020	43906	2	1832	2264
Jul 21, 2020	45557	6	1491	2489
Jul 22, 2020	46724	21	2117	2390
Jul 23, 2020	48119	15	2070	1982
Jul 24, 2020	50063	18	1937	2107
Jul 25, 2020	50763	32	1940	1894
Jul 26, 2020	52367	14	1586	1931
Jul 27, 2020	53608	3	1592	1875
Jul 28, 2020	55058	14	1779	2097
Jul 29, 2020	56470	23	3810	2084
Jul 30, 2020	22286	39	3915	2319
Jul 31, 2020	26075	17	4807	2311
Aug 01, 2020	30857	20	4873	2272
Aug 02, 2020	35498	45	3087	2126
Aug 03, 2020	38328	10	6178	2307
Aug 04, 2020	44356	8	3328	2397
Aug 05, 2020	47509	22	3421	2531
Aug 06, 2020	50452	24	3325	2261
Aug 07, 2020	53734	41	4066	2398
Aug 08, 2020	57559	61	2751	2249
Aug 09, 2020	59880	23	6762	2271
Aug 10, 2020	66106	18	2711	1978
Aug 11, 2020	68633	92	4152	1624
Aug 12, 2020	72137	23	3858	1814
Aug 13, 2020	74651	15	6027	1753
Aug 14, 2020	79802	159	4198	1819
Aug 15, 2020	83044	63	3275	1856
Aug 16, 2020	45975	18	3166	1671
Aug 17, 2020	49017	3	4672	1724
Aug 18, 2020	53675	111	4487	1647
Aug 19, 2020	57501	86	3834	1708
Aug 20, 2020	60795	59	4711	1630
Aug 21, 2020	64906	26	4806	1836
Aug 22, 2020	69362	31	2281	1762
Aug 23, 2020	55256	7	4560	1901
Aug 24, 2020	59167	34	2839	1693
Aug 25, 2020	61717	99	5165	1812
Aug 26, 2020	65771	97	3162	1768
Aug 27, 2020	68347	91	3887	1632
Aug 28, 2020	71723	93	3561	1577
Aug 29, 2020	74610	102	4194	1574
Aug 30, 2020	56456	38	3354	1812
Aug 31, 2020	59675	38	3386	1891
Sep 01, 2020	62625	27	2160	1677
Sep 02, 2020	64198	65	1911	1794
Sep 03, 2020	65209	49	3625	1713
Sep 04, 2020	67772	53	2445	1823
Sep 05, 2020	69123	85	2774	1769
Sep 06, 2020	48793	15	1361	1672
Sep 07, 2020	49931	26	3189	1842
Sep 08, 2020	52884	70	3109	1697
Sep 09, 2020	55645	80	3738	1731
Sep 10, 2020	58818	40	3941	1697
Sep 11, 2020	62365	186	4838	1977
Sep 12, 2020	66456	79	3292	1726
Sep 13, 2020	49935	258	4600	1771
Sep 14, 2020	53955	34	3466	1971
Sep 15, 2020	57337	69	3474	2035
Sep 16, 2020	60403	51	3302	1829
Sep 17, 2020	63429	47	3178	1657
Sep 18, 2020	65911	99	3872	2127
Sep 19, 2020	68659	55	3231	1938
Sep 20, 2020	51898	15	3385	1953
Sep 21, 2020	54962	48	1578	2214
Sep 22, 2020	56103	44	2773	2109
Sep 23, 2020	58136	36	2122	1983
Sep 24, 2020	59699	69	1750	2013
Sep 25, 2020	61194	88	2679	2209
Sep 26, 2020	63067	60	2936	2119
Sep 27, 2020	46369	36	3015	2361
Sep 28, 2020	49258	66	1959	2196
Sep 29, 2020	50919	57	2358	2229
Sep 30, 2020	52709	57	2365	2412
Oct 01, 2020	54306	56	2548	1896
Oct 02, 2020	56453	60	2609	2411
Oct 03, 2020	58617	100	3114	2291
Oct 04, 2020	43659	64	2233	2327
Oct 05, 2020	45796	25	2039	2507
Oct 06, 2020	47661	60	2652	2309
Oct 07, 2020	49960	144	2232	2191
Oct 08, 2020	51443	82	2857	2079
Oct 09, 2020	53274	87	2128	2571
Oct 10, 2020	54583	83	2375	2439
Oct 11, 2020	39929	11	3416	2732
Oct 12, 2020	43334	39	1873	2719
Oct 13, 2020	44974	76	1782	2991
Oct 14, 2020	46214	50	2140	3223
Oct 15, 2020	48035	33	3006	2856
Oct 16, 2020	50362	72	2533	3011
Oct 17, 2020	52420	47	2256	3479
Oct 18, 2020	39805	24	2563	3960
Oct 19, 2020	42189	14	1573	3316
Oct 20, 2020	43452	58	1467	4033
Oct 21, 2020	43989	38	1626	3965
Oct 22, 2020	44826	132	1856	4011
Oct 23, 2020	46177	19	2011	4206
Oct 24, 2020	47779	43	2183	4163
Oct 25, 2020	35033	62	1571	4196
Oct 26, 2020	36332	14	1484	4361
Oct 27, 2020	37503	61	2014	4306
Oct 28, 2020	38952	33	1726	4681
Oct 29, 2020	39959	38	1967	4702
Oct 30, 2020	41301	36	1763	4630
Oct 31, 2020	42463	16	2347	4761
Nov 01, 2020	27122	32	2251	4556
Nov 02, 2020	29306	49	1733	4226
Nov 03, 2020	30881	49	966	4927
Nov 04, 2020	31689	42	1560	4887
Nov 05, 2020	32796	52	2054	4665
Nov 06, 2020	34379	24	2116	5201
Nov 07, 2020	36260	54	2399	5176
Nov 08, 2020	27250	108	1979	5312
Nov 09, 2020	29023	14	1321	5053
Nov 10, 2020	30177	49	1643	5411
Nov 11, 2020	31497	11	1376	5461
Nov 12, 2020	32693	31	1846	5076
Nov 13, 2020	34061	39	1595	6105
Nov 14, 2020	35478	41	1504	6071
Nov 15, 2020	25683	7	1707	5881
Nov 16, 2020	27374	23	1126	6075
Nov 17, 2020	28329	95	1357	6209
Nov 18, 2020	29483	41	1314	6721
Nov 19, 2020	30498	27	1607	5321
Nov 20, 2020	31816	55	1761	7111
Nov 21, 2020	33241	43	1934	7309
Nov 22, 2020	24223	50	1760	6961
Nov 23, 2020	25835	11	1092	7309
Nov 24, 2020	26757	25	1173	7891
Nov 25, 2020	27758	0	1360	7669
Nov 26, 2020	28832	45	1592	6790
Nov 27, 2020	30062	79	1854	8766
Nov 28, 2020	31410	40	2036	9461
Nov 29, 2020	22870	18	1742	9859
Nov 30, 2020	24589	27	1272	9812
Dec 01, 2020	25728	18	1410	10091
Dec 02, 2020	26919	10	1043	11261
Dec 03, 2020	27768	63	919	8791
Dec 04, 2020	28491	16	1694	11602
Dec 05, 2020	29969	29	1731	11090
Dec 06, 2020	22649	18	1535	12157
Dec 07, 2020	24162	98	1370	11269
Dec 08, 2020	25321	7	1358	11415
Dec 09, 2020	26555	18	1357	12528
Dec 10, 2020	27784	0	1471	9686
Dec 11, 2020	29013	35	1265	13000
Dec 12, 2020	30194	3	1062	11417
Dec 13, 2020	21988	23	1289	10961
Dec 14, 2020	23245	56	1110	10045
Dec 15, 2020	24163	21	1127	11154
Dec 16, 2020	24875	17	1440	12083
Dec 17, 2020	25702	25	2079	8961
Dec 18, 2020	27028	36	1459	10469
Dec 19, 2020	28070	36	1721	9111
Dec 20, 2020	21712	8	1690	9312
Dec 21, 2020	23374	66	1287	9632
Dec 22, 2020	24379	27	1122	10196
Dec 23, 2020	24943	7	1740	10491
Dec 24, 2020	26177	7	1853	9051
Dec 25, 2020	27748	5	1382	8812
Dec 26, 2020	28893	42	867	9312
Dec 27, 2020	22099	15	744	8891
Dec 28, 2020	22753	38	864	8657
Dec 29, 2020	23365	68	989	9306
Dec 30, 2020	23793	14	1508	10119
Dec 31, 2020	25022	4	1736	6737
Jan 01, 2021	26676	5	1080	8756
Jan 02, 2021	27721	4	872	8692
Jan 03, 2021	20299	6	939	7719
Jan 04, 2021	21225	58	919	8291
Jan 05, 2021	22008	26	1023	11493
Jan 06, 2021	22691	9	1325	10032
Jan 07, 2021	23675	8	1741	8101
Jan 08, 2021	25157	33	1909	8812
Jan 09, 2021	26781	8	1870	7421
Jan 10, 2021	20210	10	2017	6849
Jan 11, 2021	22191	138	1489	6729
Jan 12, 2021	23509	146	1423	5923
Jan 13, 2021	24488	40	1875	7211
Jan 14, 2021	25673	137	2003	5412
Jan 15, 2021	27030	8	2017	6213
Jan 16, 2021	28672	11	1861	5913
Jan 17, 2021	24787	14	2120	6362
Jan 18, 2021	26859	69	1329	6384
Jan 19, 2021	27871	64	1827	5929
Jan 20, 2021	28917	74	1747	6737
Jan 21, 2021	30123	20	2139	7127
Jan 22, 2021	32026	53	1760	6799
Jan 23, 2021	33598	53	1717	6319
Jan 24, 2021	27796	50	1553	6276
Jan 25, 2021	29274	94	1151	6297
Jan 26, 2021	30331	95	2208	6096
Jan 27, 2021	32389	71	1140	6512
Jan 28, 2021	33424	46	1814	6399
Jan 29, 2021	35051	71	2074	6519
Jan 30, 2021	36948	80	2066	7158
Jan 31, 2021	27325	58	1630	6254
Feb 01, 2021	28891	67	1557	6892
Feb 02, 2021	30381	68	1237	6194
Feb 03, 2021	31489	55	1559	6190
Feb 04, 2021	32819	61	1857	5739
Feb 05, 2021	34291	51	1910	6054
Feb 06, 2021	36001	70	1757	6180
Feb 07, 2021	26477	52	1660	6491
Feb 08, 2021	28066	56	1204	6473
Feb 09, 2021	29187	114	1312	5769
Feb 10, 2021	30235	68	1702	6570
Feb 11, 2021	31488	26	1985	6157
Feb 12, 2021	33152	12	1922	6712
Feb 13, 2021	34965	8	1897	6297
Feb 14, 2021	25957	2	1653	6307
Feb 15, 2021	27587	7	1364	6491
Feb 16, 2021	28927	53	1160	6791
Feb 17, 2021	30034	95	1711	6619
Feb 18, 2021	31233	157	1861	6931
Feb 19, 2021	32603	239	2197	6715
Feb 20, 2021	24410	20	1858	6914
Feb 21, 2021	26239	3	2246	6599
Feb 22, 2021	28453	16	1390	7151
Feb 23, 2021	29827	22	1524	6712
Feb 24, 2021	30978	72	2229	7055
Feb 25, 2021	32454	46	2608	7614
Feb 26, 2021	34507	42	2867	6612
Feb 27, 2021	37097	29	2072	6591
Feb 28, 2021	29761	4	1999	6809
Mar 01, 2021	31734	47	2032	6911
Mar 02, 2021	33623	20	1747	6872
Mar 03, 2021	35055	15	2405	7241
Mar 04, 2021	37226	19	2992	7050
Mar 05, 2021	40086	42	3383	7349
Mar 06, 2021	43334	51	3219	6841
Mar 07, 2021	36040	5	3300	7152
Mar 08, 2021	39332	7	2620	7409
Mar 09, 2021	41822	17	2832	7509
Mar 10, 2021	44489	62	3682	6911
Mar 11, 2021	47793	87	4499	6409
Mar 12, 2021	52032	72	4909	7591
Mar 13, 2021	56692	63	4812	7309
Mar 14, 2021	48175	8	5309	6813
Mar 15, 2021	53455	11	4358	7059
Mar 16, 2021	57738	18	4314	7701
Mar 17, 2021	61737	21	5186	7316
Mar 18, 2021	66564	13	6982	7317
Mar 19, 2021	73270	29	7854	7912
Mar 20, 2021	80642	39	7613	6513
Mar 21, 2021	73090	4	7887	6530
Mar 22, 2021	80941	20	5766	6117
Mar 23, 2021	86207	47	6525	6943
Mar 24, 2021	91748	56	8605	6988
Mar 25, 2021	99897	54	9674	7711
Mar 26, 2021	109018	10	9419	7706
Mar 27, 2021	118104	11	9311	8105
Mar 28, 2021	105757	16	9849	7269
Mar 29, 2021	115492	5	9129	8319
Mar 30, 2021	124530	106	6022	8526
Mar 31, 2021	130239	6	8767	8811
Apr 01, 2021	138950	17	15039	7805
Apr 02, 2021	153841	103	12357	8469
Apr 03, 2021	165705	2	10846	8151
Apr 04, 2021	135682	10	8212	8409
Apr 05, 2021	143858	382	9216	8101
Apr 06, 2021	152665	242	6298	8812
Apr 07, 2021	158618	60	9034	8679
Apr 08, 2021	167473	400	12014	8435
Apr 09, 2021	178389	225	12452	9057
Apr 10, 2021	190243	201	11475	8912
Apr 11, 2021	146544	204	11186	9110
Apr 12, 2021	157500	136	8411	9209
Apr 13, 2021	165588	161	7970	9709
Apr 14, 2021	173102	147	11209	10039
Apr 15, 2021	183545	145	10537	12456
Apr 16, 2021	193480	72	10909	11191
Apr 17, 2021	203748	150	9922	12670
Apr 18, 2021	141101	88	9459	11961
Apr 19, 2021	141384	93	7236	13212
Apr 20, 2021	127030	124	9057	13427
Apr 21, 2021	116464	105	8601	13632
Apr 22, 2021	108051	159	8560	13201
Apr 23, 2021	102846	145	9490	12614
Apr 24, 2021	89531	109	8010	14112
Apr 25, 2021	77097	70	8774	14712
Apr 26, 2021	74643	63	7072	14961
Apr 27, 2021	71728	115	6754	15891
Apr 28, 2021	67828	114	8119	14983
Apr 29, 2021	69392	89	8578	16257
Apr 30, 2021	73951	120	9064	16743
May 01, 2021	72275	77	8201	17101
May 02, 2021	71519	94	7125	16784
May 03, 2021	69502	97	5572	17637
May 04, 2021	66167	178	5575	16841
May 05, 2021	62815	191	6513	18265
May 06, 2021	63228	108	7596	16397
May 07, 2021	66746	169	6836	18292
May 08, 2021	63521	204	7051	17321
May 09, 2021	61334	89	6725	17490
May 10, 2021	59914	59	4629	17005
May 11, 2021	56778	94	4746	17890
May 12, 2021	53271	107	6244	17803
May 13, 2021	55311	137	6658	16307
May 14, 2021	59015	93	6619	14654
May 15, 2021	56795	139	5682	15271
May 16, 2021	54930	72	5861	15901
May 17, 2021	54297	109	4399	16023
May 18, 2021	52373	135	4610	14673
May 19, 2021	50018	116	5994	17894
May 20, 2021	52000	141	6142	14211
May 21, 2021	55659	150	5259	14922
May 22, 2021	54346	31	2956	14043
May 23, 2021	50649	39	4889	13963
May 24, 2021	48924	36	3903	14676
May 25, 2021	48285	150	5198	16711
May 26, 2021	46171	210	6357	17401
May 27, 2021	48226	187	8595	13712
May 28, 2021	53860	155	7312	14781
May 29, 2021	53690	138	6937	16495
May 30, 2021	53811	107	6567	17156
May 31, 2021	54302	46	5088	18912
Jun 01, 2021	53287	146	5140	16512
Jun 02, 2021	52255	198	7091	14799
Jun 03, 2021	55907	181	7314	13795
Jun 04, 2021	60892	195	6822	14390
Jun 05, 2021	59647	166	7101	15309
Jun 06, 2021	59355	71	6428	13571
Jun 07, 2021	58892	95	4684	12291
Jun 08, 2021	56518	126	5361	12419
Jun 09, 2021	54062	121	7343	21409
Jun 10, 2021	58045	196	6557	12711
Jun 11, 2021	61399	144	7885	15479
Jun 12, 2021	60401	137	7175	12511
Jun 13, 2021	59872	57	6314	13809
Jun 14, 2021	59459	118	5291	16609
Jun 15, 2021	58551	158	5316	13224
Jun 16, 2021	56510	154	6519	12309
Jun 17, 2021	58494	110	6710	13869
Jun 18, 2021	62040	152	6841	13401
Jun 19, 2021	59612	84	5687	12307
Jun 20, 2021	57779	128	5155	11909
Jun 21, 2021	55900	60	3594	11476
Jun 22, 2021	52767	119	4269	12309
Jun 23, 2021	49961	108	5929	13091
Jun 24, 2021	51464	116	6691	12490
Jun 25, 2021	55388	92	6748	13109
Jun 26, 2021	53514	128	5992	12929
Jun 27, 2021	52663	84	5506	12409
Jun 28, 2021	52130	101	4401	14219
Jun 29, 2021	50084	105	4421	14567
Jun 30, 2021	48766	134	5692	13111
Jul 01, 2021	51679	177	6088	12201
Jul 02, 2021	55545	90	5799	12690
Jul 03, 2021	53815	86	5857	11436
Jul 04, 2021	52722	43	5279	14608
Jul 05, 2021	51689	103	4038	12712
Jul 06, 2021	49793	164	4212	14235
Jul 07, 2021	47668	191	5387	13198
Jul 08, 2021	49094	70	5777	14176
Jul 09, 2021	51941	96	5576	14895
Jul 10, 2021	50017	99	5657	15821
Jul 11, 2021	49835	100	5117	15630
Jul 12, 2021	49247	77	3538	14619
Jul 13, 2021	47038	140	3733	13783
Jul 14, 2021	44503	82	5126	16074
Jul 15, 2021	45636	162	5577	15601
Jul 16, 2021	48552	121	5930	16731
Jul 17, 2021	47335	117	5316	16711
Jul 18, 2021	47314	72	5552	17593
Jul 19, 2021	47588	56	4431	16181
Jul 20, 2021	46832	32	6446	17112
Jul 21, 2021	48008	17	5722	18190
Jul 22, 2021	50554	-1	6705	16309
Jul 23, 2021	55204	241	6113	18727
Jul 24, 2021	54449	93	5370	17684
Jul 25, 2021	54265	22	6399	17490
Jul 26, 2021	55035	71	6845	17633
Jul 27, 2021	56307	84	4294	18184
Jul 28, 2021	54783	176	5620	18902
Jul 29, 2021	56357	145	8421	19298
Jul 30, 2021	62024	167	8008	18909
Jul 31, 2021	60968	127	8504	17923
Aug 01, 2021	63620	77	7940	19338
Aug 02, 2021	62643	48	6712	20117
Aug 03, 2021	63204	90	7093	20148
Aug 04, 2021	63307	195	7906	22967
Aug 05, 2021	67048	247	10431	24703
Aug 06, 2021	74398	162	10752	22795
Aug 07, 2021	76211	287	9418	23772
Aug 08, 2021	77523	6	8643	26540
Aug 09, 2021	78512	92	8290	25738
Aug 10, 2021	79123	154	11717	26911
Aug 11, 2021	81479	165	12008	28792
Aug 12, 2021	87839	298	12742	27513
Aug 13, 2021	96635	233	13578	26299
Aug 14, 2021	98989	269	14141	28112
Aug 15, 2021	102763	27	14177	28217
Aug 16, 2021	106706	96	9616	29331
Aug 17, 2021	105855	161	10528	27639
Aug 18, 2021	105331	258	14233	26441
Aug 19, 2021	111932	317	16523	27628
Aug 20, 2021	123444	397	15977	34612
Aug 21, 2021	124023	215	15475	29664
Aug 22, 2021	125963	151	18021	28552
Aug 23, 2021	130504	303	11703	32187
Aug 24, 2021	127853	228	13160	27633
Aug 25, 2021	125503	236	15873	32178
Aug 26, 2021	131968	113	16972	31969
Aug 27, 2021	142596	167	18932	32107
Aug 28, 2021	142716	100	18051	29644
Aug 29, 2021	143314	222	21844	28663
Aug 30, 2021	148612	117	13492	30522
Aug 31, 2021	145573	85	13901	31388
Sep 01, 2021	141002	148	16136	32193
Sep 02, 2021	146587	193	19768	32503
Sep 03, 2021	159056	188	20296	30881
Sep 04, 2021	157681	173	19636	29922
Sep 05, 2021	157430	103	22026	31269
Sep 06, 2021	159731	161	17674	28657
Sep 07, 2021	158709	174	17537	30911
Sep 08, 2021	156250	59	22374	28163
Sep 09, 2021	166741	168	17629	28091
Sep 10, 2021	175495	78	25794	28514
Sep 11, 2021	185727	167	21062	29817
Sep 12, 2021	182001	163	20357	28979
Sep 13, 2021	180378	221	17728	29812
Sep 14, 2021	177794	213	16642	27531
Sep 15, 2021	170606	277	20873	28146
Sep 16, 2021	178110	310	19956	25491
Sep 17, 2021	188233	255	22698	28701
Sep 18, 2021	184167	205	18897	28102
Sep 19, 2021	178230	146	18578	27119
Sep 20, 2021	176895	140	16015	27106
Sep 21, 2021	171201	154	15270	27548
Sep 22, 2021	162646	177	17053	26094
Sep 23, 2021	165753	0	18364	25011
Sep 24, 2021	175324	0	16510	23102
Sep 25, 2021	165083	0	20427	23109
Sep 26, 2021	161447	190	17973	22011
Sep 27, 2021	158364	379	13590	22011
Sep 28, 2021	131960	190	12551	21564
Sep 29, 2021	132406	130	14016	22019
Sep 30, 2021	138384	198	15222	21859
Oct 01, 2021	130333	164	14506	21931
Oct 02, 2021	144096	111	12958	20145
Oct 03, 2021	111996	61	10554	20169
Oct 04, 2021	106156	0	8891	20091
Oct 05, 2021	103185	0	9658	17161
Oct 06, 2021	112730	213	9804	16951
Oct 07, 2021	115415	191	10449	16097
Oct 08, 2021	118350	273	10789	15419
Oct 09, 2021	106614	119	11928	16484
Oct 10, 2021	90940	36	8105	16011
Oct 11, 2021	98995	236	8382	15946
Oct 12, 2021	82292	171	7011	14819
Oct 13, 2021	82486	154	7647	15849
Oct 14, 2021	84940	203	7450	14357
Oct 15, 2021	79066	156	7596	15011
Oct 16, 2021	85060	95	6780	14116
Oct 17, 2021	81662	86	6787	9196
Oct 18, 2021	68961	211	4403	14179
Oct 19, 2021	63693	5	3535	13706
Oct 20, 2021	67168	260	4686	14286
Oct 21, 2021	66046	283	5702	13021
Oct 22, 2021	66887	65	5693	14369
Oct 23, 2021	63198	208	5175	13826
Oct 24, 2021	61068	149	4308	13291
Oct 25, 2021	57854	135	4283	13261
Oct 26, 2021	53865	271	3116	12086
Oct 27, 2021	50292	229	7020	13291
Oct 28, 2021	49885	44	3896	13117
Oct 29, 2021	50992	423	3915	12952
Oct 30, 2021	47776	128	3338	14126
Oct 31, 2021	45296	104	3046	13116
Nov 01, 2021	43288	124	1924	12736
Nov 02, 2021	40903	186	1544	12682
Nov 03, 2021	38223	239	1706	13602
Nov 04, 2021	37370	260	2318	13295
Nov 05, 2021	37494	154	2601	14299
Nov 06, 2021	35013	191	2558	13219
Nov 07, 2021	33591	91	2045	13696
Nov 08, 2021	32122	45	1359	14136
Nov 09, 2021	30620	158	2567	13785
Nov 10, 2021	29216	141	1917	13066
Nov 11, 2021	28802	169	1832	14209
Nov 12, 2021	29319	238	1966	12802
Nov 13, 2021	29382	309	1854	12491
Nov 14, 2021	28207	128	1504	12304
Nov 15, 2021	27107	99	799	12640
Nov 16, 2021	25724	309	1134	13288
Nov 17, 2021	24122	304	1249	12306
Nov 18, 2021	23385	277	1279	12891
Nov 19, 2021	23366	201	1140	11985
Nov 20, 2021	22201	171	1659	12062
Nov 21, 2021	21261	217	786	11635
Nov 22, 2021	19945	195	1085	12029
Nov 23, 2021	18884	200	859	11936
Nov 24, 2021	18043	193	868	11628
Nov 25, 2021	17923	142	742	11217
Nov 26, 2021	18008	188	680	11196
Nov 27, 2021	17165	155	729	10182
Nov 28, 2021	16758	141	590	10193
Nov 29, 2021	16328	44	225	10029
Nov 30, 2021	15945	167	365	9104
Dec 01, 2021	15358	40	418	8958
Dec 02, 2021	15402	235	436	7369
Dec 03, 2021	15203	243	389	7298
Dec 04, 2021	14453	156	432	7117
Dec 05, 2021	13948	113	372	7186
Dec 06, 2021	13633	91	230	6473
Dec 07, 2021	13170	170	208	6492
Dec 08, 2021	12665	176	381	6958
Dec 09, 2021	12182	25	180	6592
Dec 10, 2021	12030	135	183	6356
Dec 11, 2021	11546	184	249	6218
Dec 12, 2021	11303	61	187	5813
Dec 13, 2021	11081	8	44	5162
Dec 14, 2021	10621	100	49	5169
Dec 15, 2021	10233	47	152	5163
Dec 16, 2021	10153	73	376	4836
Dec 17, 2021	10262	106	108	4126
Dec 18, 2021	9985	64	92	4417
Dec 19, 2021	9764	45	55	5212
Dec 20, 2021	9570	10	0	3206
Dec 21, 2021	9494	122	91	3629
Dec 22, 2021	9298	65	105	3019
Dec 23, 2021	9307	69	222	2807
Dec 24, 2021	9449	137	255	2061
Dec 25, 2021	9385	13	263	2167
Dec 26, 2021	9553	11	213	2117
Dec 27, 2021	9733	2	207	2137
Dec 28, 2021	9934	27	725	1983
Dec 29, 2021	10625	132	1359	2206
Dec 30, 2021	11848	130	2806	2269
Dec 31, 2021	14268	43	3407	2081
Jan 01, 2022	17378	25	4335	1726
Jan 02, 2022	21421	16	3887	1692
Jan 03, 2022	25004	18	5202	1658
Jan 04, 2022	29862	58	10557	1643
Jan 05, 2022	40038	80	16877	1638
Jan 06, 2022	56652	128	21231	1429
Jan 07, 2022	77480	265	25908	1526
Jan 08, 2022	102001	13	28168	1329
Jan 09, 2022	128227	144	32582	1429
Jan 10, 2022	157699	218	27481	1429
Jan 11, 2022	181125	144	31494	1963
Jan 12, 2022	208142	80	33382	1953
Jan 13, 2022	237410	81	36484	2094
Jan 14, 2022	265465	42	38253	1953
Jan 15, 2022	280789	49	36476	2013
Jan 16, 2022	287831	22	36399	2173
Jan 17, 2022	290913	34	27931	2164
Jan 18, 2022	284463	81	22281	2234
Jan 19, 2022	270599	110	30543	2195
Jan 20, 2022	275415	156	32118	2318
Jan 21, 2022	291635	96	29935	2294
Jan 22, 2022	280582	67	29261	2319
Jan 23, 2022	273567	47	24458	2416
Jan 24, 2022	262997	79	17258	2314
Jan 25, 2022	247399	64	15503	3294
Jan 26, 2022	230418	71	17319	3513
Jan 27, 2022	226194	68	18268	3534
Jan 28, 2022	231657	70	17039	3261
Jan 29, 2022	213569	20	16662	3615
Jan 30, 2022	202884	112	14286	4152
Jan 31, 2022	190821	51	9316	4173
Feb 01, 2022	176071	43	7009	4519
Feb 02, 2022	159994	71	8542	6219
Feb 03, 2022	153345	45	8212	9213
Feb 04, 2022	151287	1	7308	8126
Feb 05, 2022	136609	312	8213	14216
Feb 06, 2022	126227	12	6404	18679
Feb 07, 2022	116703	83	3412	20159
Feb 08, 2022	105578	161	3420	24163
Feb 09, 2022	96237	0	3788	22174
Feb 10, 2022	93083	72	3668	22157
Feb 11, 2022	91175	76	3596	21034
Feb 12, 2022	84155	0	2935	17453
Feb 13, 2022	81499	216	2675	28473
Feb 14, 2022	76588	0	1965	24342
Feb 15, 2022	72365	77	2628	22136
Feb 16, 2022	68908	107	2063	29143
Feb 17, 2022	66653	79	2099	24567
Feb 18, 2022	65966	198	1639	31241
Feb 19, 2022	62583	77	1583	31291
Feb 20, 2022	60578	79	1147	27516
Feb 21, 2022	58650	13	896	22317
Feb 22, 2022	56845	201	1400	21623
Feb 23, 2022	55567	188	1598	18392
Feb 24, 2022	55114	58	1551	22649
Feb 25, 2022	55239	127	1195	14216
Feb 26, 2022	53973	51	1018	17493
Feb 27, 2022	52995	50	932	18062
Feb 28, 2022	52177	0	1045	13514
Mar 01, 2022	51636	53	848	12376
Mar 02, 2022	50852	34	963	18416
Mar 03, 2022	50671	232	829	12637
Mar 04, 2022	50326	109	921	9873
Mar 05, 2022	49500	144	849	11314
Mar 06, 2022	48786	43	721	9493
Mar 07, 2022	48437	6	428	7259
Mar 08, 2022	47860	110	219	7164
Mar 09, 2022	47113	135	588	7658
Mar 10, 2022	47115	0	0	6379
Mar 11, 2022	47115	124	642	5926
Mar 12, 2022	46750	169	555	5752
Mar 13, 2022	46537	15	546	5984
Mar 14, 2022	46256	0	0	5921
Mar 15, 2022	46256	110	757	6496
Mar 16, 2022	45441	145	584	6731
Mar 17, 2022	45389	119	528	6924
Mar 18, 2022	45482	24	516	5167
Mar 19, 2022	45339	240	553	5349
Mar 20, 2022	45194	13	409	6193
Mar 21, 2022	45021	5	278	4637
Mar 22, 2022	44758	282	396	4370
Mar 23, 2022	44592	208	433	4382
Mar 24, 2022	44571	60	403	4127
Mar 25, 2022	44147	53	426	4295
Mar 26, 2022	43482	131	323	4291
Mar 27, 2022	42833	15	375	3956
Mar 28, 2022	41840	8	242	4526
Mar 29, 2022	41145	87	297	5137
Mar 30, 2022	40406	124	319	5207
Mar 31, 2022	39312	49	347	4192
Apr 01, 2022	38317	26	339	4196
Apr 02, 2022	37086	19	537	4912
Apr 03, 2022	35823	22	269	3826
Apr 04, 2022	34796	5	217	5193
Apr 05, 2022	33625	52	253	4136
Apr 06, 2022	32455	169	272	4636
Apr 07, 2022	31470	69	282	5234
Apr 08, 2022	30524	70	294	3967
Apr 09, 2022	29436	39	271	4926
Apr 10, 2022	28379	8	269	3769
Apr 11, 2022	27353	1	201	4413
Apr 12, 2022	26255	113	226	3467
Apr 13, 2022	25131	41	267	4155
Apr 14, 2022	24174	24	268	3816
Apr 15, 2022	23199	8	220	3740
Apr 16, 2022	22150	5	191	3624
Apr 17, 2022	21037	7	165	3102
Apr 18, 2022	19921	6	156	3061
Apr 19, 2022	18815	8	358	2934
Apr 20, 2022	17862	66	131	3104
Apr 21, 2022	16770	62	222	2925
Apr 22, 2022	15778	61	202	3021
Apr 23, 2022	14691	3	201	2963
Apr 24, 2022	13659	12	210	2516
Apr 25, 2022	12639	1	120	2816
Apr 26, 2022	11579	20	192	2861
Apr 27, 2022	10576	52	187	2613
Apr 28, 2022	9582	38	181	2723
Apr 29, 2022	8389	36	235	3019
Apr 30, 2022	7164	56	248	3014
May 01, 2022	5966	13	185	2842
May 02, 2022	5303	2	132	2643
May 03, 2022	5145	27	156	2856
May 04, 2022	4692	0	166	2193
May 05, 2022	4694	0	147	2659
May 06, 2022	4517	0	171	2549
May 07, 2022	4303	0	146	3162
May 08, 2022	4103	0	175	2811
May 09, 2022	3902	0	124	2467
May 10, 2022	3637	0	108	2072
May 11, 2022	3328	13	136	2013
May 12, 2022	3177	0	179	1894
May 13, 2022	3125	0	111	2191
May 14, 2022	2950	0	0	1967
May 15, 2022	2640	0	29	2076
May 16, 2022	2377	0	105	1876
May 17, 2022	2482	0	101	1946
May 18, 2022	2241	0	191	1758
May 19, 2022	2138	3	208	1864
May 20, 2022	2116	0	241	1857
May 21, 2022	2257	0	188	1774
May 22, 2022	2252	0	188	1812
May 23, 2022	2271	0	146	1738
May 24, 2022	2235	0	174	1806
May 25, 2022	2257	0	195	1783
May 26, 2022	2323	0	197	1746
May 27, 2022	2413	0	195	1628
May 28, 2022	2433	0	197	1637
May 29, 2022	2434	0	191	1681
May 30, 2022	2445	0	131	1625
May 31, 2022	2415	0	124	1582
Jun 01, 2022	2320	0	179	1253
Jun 02, 2022	2334	1	221	1212
Jun 03, 2022	2441	0	210	1103
Jun 04, 2022	2436	0	215	901
Jun 05, 2022	2478	0	176	713
Jun 06, 2022	2459	0	165	710
Jun 07, 2022	2437	0	189	511
Jun 08, 2022	2440	0	242	511
Jun 09, 2022	2523	5	283	411
Jun 10, 2022	2697	0	292	316
Jun 11, 2022	2805	0	303	307
Jun 12, 2022	2918	0	380	281
Jun 13, 2022	3097	0	253	274
Jun 14, 2022	3130	0	235	211
Jun 15, 2022	3194	0	418	196
Jun 16, 2022	3462	6	530	163
Jun 17, 2022	3828	0	576	186
Jun 18, 2022	4176	0	602	163
Jun 19, 2022	4529	0	519	176
Jun 20, 2022	4738	9	402	191
Jun 21, 2022	4860	8	584	176
Jun 22, 2022	5113	11	677	159
Jun 23, 2022	5495	12	758	204
Jun 24, 2022	6068	0	765	164
Jun 25, 2022	6425	11	834	211
Jun 26, 2022	6761	0	853	234
Jun 27, 2022	7087	13	567	237
Jun 28, 2022	7192	11	767	211
Jun 29, 2022	7200	13	1287	248
Jun 30, 2022	7870	10	1224	194
Jul 01, 2022	8706	13	1278	198
Jul 02, 2022	9102	14	1230	237
Jul 03, 2022	9630	10	1098	193
Jul 04, 2022	10021	8	745	173
Jul 05, 2022	9957	12	1107	194
Jul 06, 2022	10250	3	1834	193
Jul 07, 2022	11297	14	1613	203
Jul 08, 2022	12455	0	1724	188
Jul 09, 2022	12948	1	1914	654
Jul 10, 2022	13745	0	1630	0
Jul 11, 2022	14214	0	1339	389
Jul 12, 2022	14461	0	1575	516
Jul 13, 2022	14859	1	2334	486
Jul 14, 2022	16244	0	2544	693
Jul 15, 2022	18087	0	2533	526
Jul 16, 2022	18986	0	2517	643
Jul 17, 2022	19870	0	2247	653
Jul 18, 2022	20522	0	1678	673
Jul 19, 2022	20375	0	2040	716
Jul 20, 2022	20677	0	2783	626
Jul 21, 2022	22206	15	3335	643
Jul 22, 2022	24478	14	3447	711
Jul 23, 2022	25641	13	3689	783
Jul 24, 2022	27207	11	2733	1024
Jul 25, 2022	27624	0	2321	829
Jul 26, 2022	27642	0	2684	924
Jul 27, 2022	27754	10	3798	938
Jul 28, 2022	29898	14	4060	1245
Jul 29, 2022	32635	1	3933	1137
Jul 30, 2022	33509	8	4091	1342
Jul 31, 2022	33620	10	3495	1659
Aug 01, 2022	34266	12	2604	2419
Aug 02, 2022	32099	13	2998	2619
Aug 03, 2022	31991	11	4369	3954
Aug 04, 2022	34211	1	4624	4628
Aug 05, 2022	37186	15	4261	4619
Aug 06, 2022	37344	18	4546	5973
Aug 07, 2022	37803	30	4134	6438
Aug 08, 2022	37940	27	2576	8197
Aug 09, 2022	36665	25	3126	9648
Aug 10, 2022	36030	27	4405	9537
Aug 11, 2022	37905	28	4582	10597
Aug 12, 2022	40310	48	4606	10714
Aug 13, 2022	40325	44	4113	10241
Aug 14, 2022	40013	42	3436	9258
Aug 15, 2022	38989	49	2581	9248
Aug 16, 2022	36179	46	2853	11420
Aug 17, 2022	35108	48	3692	8824
Aug 18, 2022	36108	40	3694	8134
Aug 19, 2022	37231	47	3648	7649
Aug 20, 2022	36137	49	3543	7291
Aug 21, 2022	35228	29	2993	8163
Aug 22, 2022	33738	40	1626	7647
Aug 23, 2022	31459	50	3436	7437
Aug 24, 2022	30151	43	2997	7016
Aug 25, 2022	30956	40	2805	7113
Aug 26, 2022	31479	54	2443	6634
Aug 27, 2022	29725	54	2179	6419
Aug 28, 2022	28421	53	2485	4673
Aug 29, 2022	27449	53	1584	3816
Aug 30, 2022	26105	41	1495	4117
Aug 31, 2022	24142	50	3694	3286
Sep 01, 2022	22245	46	2367	2813
Sep 02, 2022	23656	52	2705	2394
Sep 03, 2022	23508	49	2238	2116
Sep 04, 2022	24020	51	2109	2135
Sep 05, 2022	24434	56	1257	1319
Sep 06, 2022	23223	49	1661	1091
Sep 07, 2022	22836	39	2206	984
Sep 08, 2022	23870	43	2213	917
Sep 09, 2022	24235	39	3022	943
Sep 10, 2022	25980	16	2183	882
Sep 11, 2022	25672	38	1910	881
Sep 12, 2022	25165	40	1556	846
Sep 13, 2022	24508	34	1591	821
Sep 14, 2022	24047	31	2114	743
Sep 15, 2022	24850	32	2471	707
Sep 16, 2022	26255	35	2236	743
Sep 17, 2022	26268	35	2246	637
Sep 18, 2022	26316	38	3069	517
Sep 19, 2022	27685	33	1484	514
Sep 20, 2022	27165	37	1854	411
Sep 21, 2022	27281	38	2618	429
Sep 22, 2022	27988	35	2340	394
Sep 23, 2022	30056	29	2488	388
Sep 24, 2022	32228	31	3461	389
Sep 25, 2022	35396	29	1871	377
Sep 26, 2022	36982	30	1528	382
Sep 27, 2022	38312	33	1355	317
Sep 28, 2022	27430	34	2481	311
Sep 29, 2022	28157	31	2355	281
Sep 30, 2022	29022	34	3765	311
Oct 01, 2022	29528	32	1990	284
Oct 02, 2022	28777	29	1943	262
Oct 03, 2022	28118	36	1237	249
Oct 04, 2022	26702	33	1737	210
Oct 05, 2022	25734	38	2431	188
Oct 06, 2022	26288	42	2373	194
Oct 07, 2022	27131	39	2063	184
Oct 08, 2022	26964	34	2083	192
Oct 09, 2022	26377	33	1989	204
Oct 10, 2022	25928	32	1542	223
Oct 11, 2022	25017	34	1509	194
Oct 12, 2022	24193	40	2848	211
Oct 13, 2022	25304	36	2329	201
Oct 14, 2022	26307	38	2345	186
Oct 15, 2022	26419	33	2198	199
Oct 16, 2022	25915	37	1924	201
Oct 17, 2022	25865	34	1087	196
Oct 18, 2022	24948	44	1370	188
Oct 19, 2022	23360	44	2095	190
Oct 20, 2022	23622	37	1957	184
Oct 21, 2022	24197	36	1578	176
Oct 22, 2022	23614	37	1559	179
Oct 23, 2022	23368	35	1222	211
Oct 24, 2022	22758	32	930	183
Oct 25, 2022	21926	37	1011	194
Oct 26, 2022	21231	38	1363	196
Oct 27, 2022	21221	38	1434	191
Oct 28, 2022	21591	36	1378	163
Oct 29, 2022	21185	38	1257	172
Oct 30, 2022	20731	41	1097	183
Oct 31, 2022	20243	35	575	173
Nov 01, 2022	19248	36	776	0
Nov 02, 2022	18702	34	769	364
Nov 03, 2022	18392	32	672	166
Nov 04, 2022	18085	29	1213	166
Nov 05, 2022	17123	34	901	143
Nov 06, 2022	16615	17	1536	177
Nov 07, 2022	16754	7	589	152
Nov 08, 2022	16034	24	1224	159
Nov 09, 2022	15989	7	1152	152
Nov 10, 2022	16526	26	1208	141
Nov 11, 2022	17188	27	1117	136
Nov 12, 2022	17675	5	1823	134
Nov 13, 2022	19176	18	895	121
Nov 14, 2022	19821	15	1060	116
Nov 15, 2022	19940	12	723	114
Nov 16, 2022	18833	9	1033	113
Nov 17, 2022	18364	17	1781	102
Nov 18, 2022	19303	10	1004	82
Nov 19, 2022	18762	8	1086	71
Nov 20, 2022	18687	9	804	71
Nov 21, 2022	18058	15	699	71
Nov 22, 2022	17565	4	567	53
Nov 23, 2022	16922	20	1140	41
Nov 24, 2022	17411	24	1214	35
Nov 25, 2022	17825	23	1874	31
Nov 26, 2022	18378	24	1200	38
Nov 27, 2022	18374	13	1093	42
Nov 28, 2022	18535	12	662	33
Nov 29, 2022	18122	21	935	31
Nov 30, 2022	18075	17	1107	29
Dec 01, 2022	18298	24	1290	28
Dec 02, 2022	18927	19	1088	31
Dec 03, 2022	18302	24	1173	35
Dec 04, 2022	18274	25	996	29
Dec 05, 2022	17778	20	895	27
Dec 06, 2022	17508	24	898	26
Dec 07, 2022	17301	26	1490	32
Dec 08, 2022	18025	25	1310	29
Dec 09, 2022	18503	11	1169	24
Dec 10, 2022	18417	24	1006	33
Dec 11, 2022	18140	22	1127	36
Dec 12, 2022	18385	19	659	0
Dec 13, 2022	17895	23	1022	60
Dec 14, 2022	18064	24	1053	27
Dec 15, 2022	18251	27	1326	0
Dec 16, 2022	18951	39	1049	59
Dec 17, 2022	18132	30	984	27
Dec 18, 2022	17927	30	725	33
Dec 19, 2022	17467	33	629	36
Dec 20, 2022	17276	15	685	29
Dec 21, 2022	16769	30	1032	27
Dec 22, 2022	16917	21	728	33
Dec 23, 2022	16884	22	857	33
Dec 24, 2022	16526	21	549	37
Dec 25, 2022	15829	26	657	26
Dec 26, 2022	15503	21	177	33
Dec 27, 2022	14586	26	290	36
Dec 28, 2022	14033	23	506	38
Dec 29, 2022	13720	27	631	34
Dec 30, 2022	13858	26	456	41
Dec 31, 2022	13369	12	481	33
Jan 01, 2023	13086	18	235	41
Jan 02, 2023	12530	20	197	38
Jan 03, 2023	12095	10	205	36
Jan 04, 2023	11668	6	488	30
Jan 05, 2023	11816	3	571	42
Jan 06, 2023	12162	10	673	41
Jan 07, 2023	12559	12	364	36
Jan 08, 2023	12279	10	504	46
Jan 09, 2023	12306	12	225	35
Jan 10, 2023	11752	11	510	51
Jan 11, 2023	12013	17	195	42
Jan 12, 2023	11897	27	719	38
Jan 13, 2023	12525	4	236	36
Jan 14, 2023	12363	33	301	48
Jan 15, 2023	12170	24	162	52
Jan 16, 2023	11732	4	244	39
Jan 17, 2023	11393	19	171	54
Jan 18, 2023	10918	17	284	46
Jan 19, 2023	10901	20	124	49
Jan 20, 2023	10711	6	245	38
Jan 21, 2023	10579	14	289	47
Jan 22, 2023	10481	22	211	42
Jan 23, 2023	10456	10	22	53
Jan 24, 2023	10134	4	210	46
Jan 25, 2023	10155	5	83	63
Jan 26, 2023	9978	18	249	63
Jan 27, 2023	10147	4	99	48
Jan 28, 2023	9939	10	208	54
Jan 29, 2023	10028	8	155	63
Jan 30, 2023	9850	4	139	53
Jan 31, 2023	9684	23	102	64
Feb 01, 2023	9509	8	188	54
Feb 02, 2023	9663	14	60	56
Feb 03, 2023	9531	15	108	46
Feb 04, 2023	9502	12	0	57
Feb 05, 2023	9273	14	164	43
Feb 06, 2023	9374	10	0	63
Feb 07, 2023	9175	11	246	64
Feb 08, 2023	9324	18	64	63
Feb 09, 2023	9201	20	184	64
Feb 10, 2023	9362	14	77	0
Feb 11, 2023	9187	11	268	122
Feb 12, 2023	9226	9	0	61
Feb 13, 2023	9039	10	132	71
Feb 14, 2023	9140	17	0	72
Feb 15, 2023	8907	14	247	71
Feb 16, 2023	9140	7	40	0
Feb 17, 2023	9077	2	213	0
Feb 18, 2023	9246	13	49	214
Feb 19, 2023	9090	9	96	70
Feb 20, 2023	9177	9	131	61
Feb 21, 2023	9262	12	0	73
Feb 22, 2023	9135	12	205	68
Feb 23, 2023	9324	13	50	66
Feb 24, 2023	9245	7	195	57
Feb 25, 2023	9399	14	22	76
Feb 26, 2023	9232	11	87	78
Feb 27, 2023	9285	3	66	82
Feb 28, 2023	9215	7	105	92
Mar 01, 2023	9216	8	155	61
Mar 02, 2023	9300	7	132	54
Mar 03, 2023	9347	10	160	69
Mar 04, 2023	9050	10	132	63
Mar 05, 2023	8933	7	102	92
Mar 06, 2023	8927	7	72	73
Mar 07, 2023	8887	9	119	94
Mar 08, 2023	8931	12	148	124
Mar 09, 2023	9006	5	170	96
Mar 10, 2023	9107	9	133	96
Mar 11, 2023	9061	8	144	0
Mar 12, 2023	9108	7	130	0
Mar 13, 2023	9114	9	96	0
Mar 14, 2023	9071	11	93	0
Mar 15, 2023	9056	8	244	0
Mar 16, 2023	9218	11	181	0
Mar 17, 2023	9278	9	156	0
Mar 18, 2023	9259	7	171	0
Mar 19, 2023	9279	6	63	2211
Mar 20, 2023	9214	10	175	0
Mar 21, 2023	9232	7	137	0
Mar 22, 2023	8396	9	119	0
Mar 23, 2023	8398	12	295	0
Mar 24, 2023	8610	6	184	0
Mar 25, 2023	8576	0	207	0
Mar 26, 2023	8604	20	212	0
Mar 27, 2023	8613	9	148	0
Mar 28, 2023	8601	8	170	0
Mar 29, 2023	8614	5	219	0
Mar 30, 2023	8735	7	248	0
Mar 31, 2023	8900	13	313	0
Apr 01, 2023	9009	6	300	0
Apr 02, 2023	9089	0	377	0
Apr 03, 2023	9463	0	200	0
Apr 04, 2023	9657	6	161	0
Apr 05, 2023	9108	7	352	0
Apr 06, 2023	9319	6	325	0
Apr 07, 2023	9548	7	242	0
Apr 08, 2023	9575	4	159	0
Apr 09, 2023	9478	5	163	0
Apr 10, 2023	9381	4	187	0
Apr 11, 2023	9309	2	219	0
Apr 12, 2023	9340	2	366	0
Apr 13, 2023	9520	1	481	0
Apr 14, 2023	9399	3	418	0
Apr 15, 2023	9467	2	422	0
Apr 16, 2023	9555	2	372	0
Apr 17, 2023	9710	2	262	0
Apr 18, 2023	9966	0	351	0
Apr 19, 2023	8227	1	448	0
Apr 20, 2023	7265	0	544	0
Apr 21, 2023	4657	0	0	0
Apr 22, 2023	4657	0	985	0
Apr 23, 2023	5642	0	423	0
Apr 24, 2023	4336	0	310	0
Apr 25, 2023	4255	0	498	0
Apr 26, 2023	4446	0	768	0
Apr 27, 2023	4960	0	845	0
Apr 28, 2023	5293	0	299	0
Apr 29, 2023	5070	0	0	0
Apr 30, 2023	5070	0	2428	0
May 01, 2023	7498	0	830	0
May 02, 2023	7037	0	853	0
May 03, 2023	7565	0	1171	0
May 04, 2023	8371	0	1538	0
May 05, 2023	9159	9	1752	0
May 06, 2023	10195	0	1890	0
May 07, 2023	11408	0	1521	0
May 08, 2023	12161	0	1146	0
May 09, 2023	12125	0	1453	0
May 10, 2023	12706	0	1909	0
May 11, 2023	13964	0	2081	0
May 12, 2023	15114	0	2032	0
May 13, 2023	15527	0	2076	0
May 14, 2023	15891	0	1696	0
May 15, 2023	15895	0	1070	0
May 16, 2023	15229	0	1480	0
May 17, 2023	15514	0	1982	0
May 18, 2023	16504	0	2073	0
May 19, 2023	16577	13	2047	22259
May 20, 2023	16503	0	1881	121
May 21, 2023	16422	0	1612	106
May 22, 2023	16053	0	986	129
May 23, 2023	15323	0	1499	113
May 24, 2023	15593	0	1824	123
May 25, 2023	16482	0	1970	135
May 26, 2023	16314	0	1766	137
May 27, 2023	16196	0	1826	139
May 28, 2023	16002	0	1363	135
May 29, 2023	15621	0	842	127
May 30, 2023	14742	0	1259	0
May 31, 2023	14838	0	1511	124
Jun 01, 2023	15417	10	1419	0
Jun 02, 2023	14888	0	1316	354
Jun 03, 2023	14398	0	1252	0
Jun 04, 2023	13808	0	1087	0
Jun 05, 2023	13243	5	665	330
Jun 06, 2023	12431	0	884	126
Jun 07, 2023	12385	0	1113	143
Jun 08, 2023	12716	0	1085	0
Jun 09, 2023	12094	0	864	227
Jun 10, 2023	11644	0	828	132
Jun 11, 2023	11202	0	715	92
Jun 12, 2023	10761	0	411	98
Jun 13, 2023	10108	0	461	0
Jun 14, 2023	9843	0	520	226
Jun 15, 2023	9783	0	707	0
Jun 16, 2023	9335	1	682	0
Jun 17, 2023	9005	0	715	0
Jun 18, 2023	8869	0	497	530
Jun 19, 2023	9358	0	334	0
Jun 20, 2023	8270	0	489	0
Jun 21, 2023	8275	0	574	0
Jun 22, 2023	8508	0	524	0
Jun 23, 2023	8580	0	457	0
Jun 24, 2023	8353	0	513	0
Jun 25, 2023	8244	0	416	292
Jun 26, 2023	8033	1	292	0
Jun 27, 2023	7760	1	379	0
Jun 28, 2023	7777	0	495	0
Jun 29, 2023	7896	0	391	0
Jun 30, 2023	7736	0	314	0
Jul 01, 2023	6945	0	416	0
Jul 02, 2023	6925	0	364	1185
Jul 03, 2023	6846	0	217	0
Jul 04, 2023	6635	0	353	0
Jul 05, 2023	6631	0	408	369
Jul 06, 2023	6771	0	390	0
Jul 07, 2023	6637	0	342	0
Jul 08, 2023	6553	0	396	0
Jul 09, 2023	6606	0	254	0
Jul 10, 2023	6437	10	168	0
Jul 11, 2023	6152	5	280	0
Jul 12, 2023	6132	0	340	0
Jul 13, 2023	6472	9	289	0
Jul 14, 2023	6029	2	279	0
Jul 15, 2023	5879	0	298	0
Jul 16, 2023	5789	0	281	0
Jul 17, 2023	5681	5	154	796
Jul 18, 2023	5470	10	185	0
Jul 19, 2023	5395	10	248	0
Jul 20, 2023	5431	7	230	0
Jul 21, 2023	5278	0	286	0
Jul 22, 2023	5199	0	260	0
Jul 23, 2023	5124	0	202	1070
Jul 24, 2023	5323	0	131	114
Jul 25, 2023	4842	13	210	0
Jul 26, 2023	4768	9	219	0
Jul 27, 2023	4819	7	182	0
Jul 28, 2023	4708	11	174	367
Jul 29, 2023	4540	10	164	0
Jul 30, 2023	4428	10	120	0
Jul 31, 2023	4232	10	98	0
Aug 01, 2023	4036	0	169	0
Aug 02, 2023	3973	10	161	447
Aug 03, 2023	3964	4	152	0
Aug 04, 2023	3833	0	0	0
Aug 05, 2023	3833	0	241	282
Aug 06, 2023	4074	0	0	102
Aug 07, 2023	3422	14	91	98
Aug 08, 2023	3499	3	130	111
Aug 09, 2023	3626	0	0	0
Aug 10, 2023	3626	0	0	0
Aug 11, 2023	3626	0	0	0
Aug 12, 2023	3626	0	0	0
Aug 13, 2023	3626	3	402	0
Aug 14, 2023	3630	0	0	0
Aug 15, 2023	3630	0	0	0
Aug 16, 2023	3630	0	0	0
Aug 17, 2023	3630	0	0	873
Aug 18, 2023	3630	0	0	0
Aug 19, 2023	3630	0	0	0
Aug 20, 2023	3630	0	342	0
Aug 21, 2023	3640	10	0	182
Aug 22, 2023	3630	0	0	0
Aug 23, 2023	3630	0	0	0
Aug 24, 2023	3630	0	0	0
Aug 25, 2023	3630	0	0	0
Aug 26, 2023	3630	0	0	0
Aug 27, 2023	3630	0	623	0
Aug 28, 2023	3635	5	0	0
Aug 29, 2023	3630	0	0	0
Aug 30, 2023	3630	0	0	0
Aug 31, 2023	3630	0	0	0
Sep 01, 2023	3630	0	0	0
Sep 02, 2023	3630	0	688	0
Sep 03, 2023	3630	0	138	0
Sep 04, 2023	3636	6	0	0
Sep 05, 2023	3630	0	0	0
Sep 06, 2023	3630	0	0	0
Sep 07, 2023	3630	0	0	0
Sep 08, 2023	3630	0	0	0
Sep 09, 2023	3630	0	0	0
Sep 10, 2023	3630	0	988	0
Sep 11, 2023	3644	14	0	0
Sep 12, 2023	3630	0	0	0
Sep 13, 2023	3630	0	0	0
Sep 14, 2023	3630	0	0	2549
Sep 15, 2023	3630	0	0	0
Sep 16, 2023	3630	0	0	0
Sep 17, 2023	3630	0	962	0
Sep 18, 2023	3634	4	0	0
Sep 19, 2023	3630	0	0	0
Sep 20, 2023	3630	0	0	0
Sep 21, 2023	3630	0	0	0
Sep 22, 2023	3630	0	0	0
Sep 23, 2023	3630	0	0	0
Sep 24, 2023	3630	0	1141	0
Sep 25, 2023	3641	11	0	0
Sep 26, 2023	3630	0	0	0
Sep 27, 2023	3630	0	0	0
Sep 28, 2023	3630	0	0	0
Sep 29, 2023	3630	0	0	0
Sep 30, 2023	3630	0	0	0
Oct 01, 2023	3630	0	1246	0
Oct 02, 2023	3630	0	0	0
Oct 03, 2023	3630	0	0	0
Oct 04, 2023	3630	0	0	0
Oct 05, 2023	3630	0	0	0
Oct 06, 2023	3630	0	0	0
Oct 07, 2023	3630	0	0	0
Oct 08, 2023	3630	0	1034	0
Oct 09, 2023	3636	6	0	0
Oct 10, 2023	3630	0	0	0
Oct 11, 2023	3630	0	0	0
Oct 12, 2023	3630	0	0	0
Oct 13, 2023	3630	0	0	0
Oct 14, 2023	3630	0	0	0
Oct 15, 2023	3630	0	0	0
Oct 16, 2023	3630	0	0	0
Oct 17, 2023	3630	0	0	0
Oct 18, 2023	3630	0	0	0
Oct 19, 2023	3630	0	0	0
Oct 20, 2023	3630	21	3006	0
Oct 21, 2023	2805	0	0	0
Oct 22, 2023	2805	0	165	0
Oct 23, 2023	2970	11	115	0
Oct 24, 2023	2889	0	152	0
Oct 25, 2023	2912	2	159	0
Oct 26, 2023	2762	0	167	0
Oct 27, 2023	2929	0	0	0
Oct 28, 2023	2929	0	0	0
Oct 29, 2023	2929	0	454	0
Oct 30, 2023	3383	0	96	0
Oct 31, 2023	2816	0	0	0
Nov 01, 2023	2816	0	263	0
Nov 02, 2023	3079	0	120	0
Nov 03, 2023	2792	0	0	0
Nov 04, 2023	2792	0	292	0
Nov 05, 2023	3084	0	169	0
Nov 06, 2023	2785	10	104	0
Nov 07, 2023	2747	0	153	0
Nov 08, 2023	2792	0	0	0
Nov 09, 2023	2792	0	196	0
Nov 10, 2023	2895	0	0	0
Nov 11, 2023	2895	0	0	0
Nov 12, 2023	2895	0	528	0
Nov 13, 2023	3423	0	144	0
Nov 14, 2023	3040	0	294	0
Nov 15, 2023	3334	0	173	0
Nov 16, 2023	3102	0	194	0
Nov 17, 2023	3093	0	0	0
Nov 18, 2023	3093	0	361	0
Nov 19, 2023	3454	9	188	0
Nov 20, 2023	3106	0	107	0
Nov 21, 2023	3048	0	175	0
Nov 22, 2023	3110	0	208	0
Nov 23, 2023	3203	0	223	0
Nov 24, 2023	3226	0	0	0
Nov 25, 2023	3226	0	0	0
Nov 26, 2023	3226	0	0	0
Nov 27, 2023	3226	0	0	0
Nov 28, 2023	3226	0	637	0
Nov 29, 2023	3863	11	309	0
Nov 30, 2023	3298	0	217	0
Dec 01, 2023	3186	0	0	0
Dec 02, 2023	3186	0	478	0
Dec 03, 2023	3664	0	204	0
Dec 04, 2023	3311	0	192	0
Dec 05, 2023	3332	0	0	0
Dec 06, 2023	3332	0	218	0
Dec 07, 2023	3423	13	577	0
Dec 08, 2023	3860	0	290	0
Dec 09, 2023	4150	0	290	0
Dec 10, 2023	3622	0	254	0
Dec 11, 2023	3876	0	183	0
Dec 12, 2023	3813	0	0	0
Dec 13, 2023	3813	0	338	0
Dec 14, 2023	3943	0	408	0
Dec 15, 2023	4351	16	446	0
Dec 16, 2023	4334	0	450	0
Dec 17, 2023	4784	0	450	0
Dec 18, 2023	5234	0	450	0
Dec 19, 2023	5684	0	360	0
Dec 20, 2023	4898	0	440	0
Dec 21, 2023	5091	0	532	0
Dec 22, 2023	5623	0	557	0
Dec 23, 2023	5569	0	0	0
Dec 24, 2023	5569	0	0	0
Dec 25, 2023	5569	0	0	0
Dec 26, 2023	5569	18	2229	0
Dec 27, 2023	5365	0	395	0
Dec 28, 2023	5760	0	521	0
Dec 29, 2023	5757	0	540	0
Dec 30, 2023	6297	0	540	0
Dec 31, 2023	6837	0	540	0
Jan 01, 2024	7377	10	292	0
Jan 02, 2024	5509	13	225	0
Jan 03, 2024	5310	0	459	0
Jan 04, 2024	5769	20	623	0
Jan 05, 2024	5822	0	265	0
Jan 06, 2024	6087	0	263	0
Jan 07, 2024	6350	0	263	0
Jan 08, 2024	6613	0	263	0
Jan 09, 2024	6876	8	263	0
Jan 10, 2024	5636	0	502	0
Jan 11, 2024	6138	0	0	0
Jan 12, 2024	6138	0	0	0
Jan 13, 2024	6138	0	0	0
Jan 14, 2024	6138	0	0	0
Jan 15, 2024	6138	0	0	0
Jan 16, 2024	6138	0	0	0
Jan 17, 2024	6138	0	0	0
Jan 18, 2024	6138	0	0	0
Jan 19, 2024	6138	0	0	0
Jan 20, 2024	6138	0	0	0
Jan 21, 2024	6138	0	0	0
Jan 22, 2024	6138	0	0	0
Jan 23, 2024	6138	0	0	0
Jan 24, 2024	6138	0	0	0
Jan 25, 2024	6138	0	0	0
Jan 26, 2024	6138	0	0	0
Jan 27, 2024	6138	0	0	0
Jan 28, 2024	6138	0	0	0
Jan 29, 2024	6138	0	0	0
Jan 30, 2024	6138	0	0	0
Jan 31, 2024	6138	0	0	0
Feb 01, 2024	6138	0	0	0
Feb 02, 2024	6138	0	0	0
Feb 03, 2024	6138	0	0	0
Feb 04, 2024	6138	0	0	0
Feb 05, 2024	6138	0	0	0
Feb 06, 2024	6138	0	0	0
Feb 07, 2024	6138	0	0	0
Feb 08, 2024	6138	0	0	0
Feb 09, 2024	6138	0	0	0
Feb 10, 2024	6138	0	0	0
Feb 11, 2024	6138	0	0	0
Feb 12, 2024	6138	0	0	0
Feb 13, 2024	6138	0	0	0
Feb 14, 2024	6138	0	0	0
Feb 15, 2024	6138	0	0	0
Feb 16, 2024	6138	0	0	0
Feb 17, 2024	6138	0	0	0
Feb 18, 2024	6138	0	0	0
Feb 19, 2024	6138	0	0	0
Feb 20, 2024	6138	0	0	0
Feb 21, 2024	6138	0	0	0
Feb 22, 2024	6138	0	0	0
Feb 23, 2024	6138	0	0	0
Feb 24, 2024	6138	0	0	0
Feb 25, 2024	6138	0	0	0
Feb 26, 2024	6138	0	0	0
Feb 27, 2024	6138	0	0	0
Feb 28, 2024	6138	0	0	0
Feb 29, 2024	6138	0	0	0
Mar 01, 2024	6138	0	0	0
Mar 02, 2024	6138	0	0	0
Mar 03, 2024	6138	0	0	0
Mar 04, 2024	6138	0	0	0
Mar 05, 2024	6138	0	0	0
Mar 06, 2024	6138	0	0	0
Mar 07, 2024	6138	0	0	0
Mar 08, 2024	6138	0	0	0
Mar 09, 2024	6138	0	0	0
Mar 10, 2024	6138	0	0	0
Mar 11, 2024	6138	0	0	0
Mar 12, 2024	6138	0	0	0
Mar 13, 2024	6138	0	0	0
Mar 14, 2024	6138	0	0	0
Mar 15, 2024	6138	0	0	0
Mar 16, 2024	6138	0	0	0
Mar 17, 2024	6138	0	0	0
Mar 18, 2024	6138	0	0	0
Mar 19, 2024	6138	0	0	0
Mar 20, 2024	6138	0	0	0
Mar 21, 2024	6138	0	0	0
Mar 22, 2024	6138	0	0	0
Mar 23, 2024	6138	0	0	0
Mar 24, 2024	6138	NA	NA	NA
