Dates	Active	Deaths	Newcases	recover
Feb 15, 2020	12	0	0	0
Feb 16, 2020	12	0	0	0
Feb 17, 2020	12	0	0	0
Feb 18, 2020	12	0	0	0
Feb 19, 2020	12	0	0	0
Feb 20, 2020	10	0	20	0
Feb 21, 2020	29	0	0	0
Feb 22, 2020	29	0	0	0
Feb 23, 2020	28	0	18	0
Feb 24, 2020	48	1	4	0
Feb 25, 2020	51	0	3	0
Feb 26, 2020	54	5	0	0
Feb 27, 2020	54	3	3	0
Feb 28, 2020	57	2	5	0
Feb 29, 2020	60	1	7	0
Mar 01, 2020	65	3	25	0
Mar 02, 2020	85	4	24	0
Mar 03, 2020	106	3	34	0
Mar 04, 2020	138	4	63	0
Mar 05, 2020	200	4	98	0
Mar 06, 2020	289	8	116	0
Mar 07, 2020	401	21	106	0
Mar 08, 2020	504	5	163	0
Mar 09, 2020	663	11	290	0
Mar 10, 2020	949	17	307	0
Mar 11, 2020	1248	22	1134	0
Mar 12, 2020	2367	29	741	0
Mar 13, 2020	3102	48	844	1
Mar 14, 2020	3895	58	1039	0
Mar 15, 2020	4905	77	1361	0
Mar 16, 2020	6228	69	2479	0
Mar 17, 2020	8645	170	3765	0
Mar 18, 2020	12359	176	5356	0
Mar 19, 2020	17654	266	6596	0
Mar 20, 2020	24121	311	5862	0
Mar 21, 2020	29866	386	10250	0
Mar 22, 2020	39903	534	11522	0
Mar 23, 2020	51101	651	12923	0
Mar 24, 2020	63616	561	14951	6
Mar 25, 2020	78181	855	18685	0
Mar 26, 2020	94915	1085	20364	0
Mar 27, 2020	113987	1300	20156	0
Mar 28, 2020	131404	1207	20702	0
Mar 29, 2020	148243	1331	24020	0
Mar 30, 2020	169461	1636	26697	0
Mar 31, 2020	188896	1514	27880	49
Apr 01, 2020	210363	1579	28790	0
Apr 02, 2020	232470	2201	34181	0
Apr 03, 2020	258587	2274	33330	60
Apr 04, 2020	284035	2210	27188	18
Apr 05, 2020	301360	2274	31474	28
Apr 06, 2020	324110	2166	34113	29
Apr 07, 2020	348568	1902	32953	31
Apr 08, 2020	372321	1810	34263	62
Apr 09, 2020	395178	2530	34245	34
Apr 10, 2020	418942	2720	30755	57
Apr 11, 2020	435911	2293	26373	64
Apr 12, 2020	448669	2653	27507	48
Apr 13, 2020	460109	1973	29801	131
Apr 14, 2020	477282	1699	32185	50
Apr 15, 2020	495181	2023	30847	106
Apr 16, 2020	504261	2679	33892	92
Apr 17, 2020	524769	2468	29664	115
Apr 18, 2020	533983	2422	26224	59
Apr 19, 2020	543920	2031	28763	93
Apr 20, 2020	560008	2373	27569	164
Apr 21, 2020	571903	1356	31841	216
Apr 22, 2020	592612	1609	34632	227
Apr 23, 2020	614093	2373	34801	204
Apr 24, 2020	612447	2248	35461	182
Apr 25, 2020	628839	2242	27724	139
Apr 26, 2020	644556	1968	24290	201
Apr 27, 2020	654450	1836	27005	189
Apr 28, 2020	669678	1331	30435	370
Apr 29, 2020	687025	1482	31325	211
Apr 30, 2020	703829	2088	35662	255
May 01, 2020	720971	2510	28788	271
May 02, 2020	727308	1999	26610	183
May 03, 2020	737428	1654	24912	150
May 04, 2020	738116	1543	25722	185
May 05, 2020	743870	1417	25926	375
May 06, 2020	750196	1160	29880	207
May 07, 2020	766471	1854	29364	322
May 08, 2020	778228	1687	25506	253
May 09, 2020	779117	1693	20582	261
May 10, 2020	785265	1540	18802	118
May 11, 2020	791059	1303	24419	315
May 12, 2020	780885	1035	23024	279
May 13, 2020	777633	1036	27029	286
May 14, 2020	791576	1542	28488	222
May 15, 2020	801978	1388	24510	257
May 16, 2020	811463	1432	20858	276
May 17, 2020	818668	1285	23052	177
May 18, 2020	825166	1057	22371	275
May 19, 2020	830823	771	23747	280
May 20, 2020	836894	763	27611	269
May 21, 2020	842981	872	25592	279
May 22, 2020	804158	1423	22361	246
May 23, 2020	809646	1192	20097	217
May 24, 2020	812754	1140	18586	82
May 25, 2020	809877	995	18946	744
May 26, 2020	802422	760	21532	310
May 27, 2020	799506	734	24249	230
May 28, 2020	799895	1119	25770	132
May 29, 2020	802988	1052	24538	324
May 30, 2020	805685	1005	20986	255
May 31, 2020	751071	899	18536	178
Jun 01, 2020	747065	730	23985	277
Jun 02, 2020	727945	508	21403	288
Jun 03, 2020	697877	689	23327	213
Jun 04, 2020	693115	940	25671	183
Jun 05, 2020	696318	954	23265	231
Jun 06, 2020	699824	838	20211	214
Jun 07, 2020	700623	772	18644	143
Jun 08, 2020	697855	738	20494	198
Jun 09, 2020	695083	427	22252	215
Jun 10, 2020	685166	509	23815	285
Jun 11, 2020	690367	804	26610	109
Jun 12, 2020	682285	839	26319	299
Jun 13, 2020	688065	660	20183	122
Jun 14, 2020	685711	699	21340	157
Jun 15, 2020	682027	570	27913	271
Jun 16, 2020	689237	368	28453	267
Jun 17, 2020	688115	477	28880	396
Jun 18, 2020	698688	826	35772	381
Jun 19, 2020	698195	808	35287	483
Jun 20, 2020	712507	658	28435	502
Jun 21, 2020	724871	671	32737	393
Jun 22, 2020	731971	564	38244	497
Jun 23, 2020	745470	405	40431	561
Jun 24, 2020	756808	445	43212	520
Jun 25, 2020	781708	696	49128	564
Jun 26, 2020	807749	666	46631	754
Jun 27, 2020	834414	671	42685	576
Jun 28, 2020	858407	655	43032	349
Jun 29, 2020	873625	441	50689	384
Jun 30, 2020	895219	442	55981	510
Jul 01, 2020	928303	527	61627	418
Jul 02, 2020	963523	1027	62425	442
Jul 03, 2020	1002099	973	54047	476
Jul 04, 2020	1035085	1022	46160	619
Jul 05, 2020	1063033	903	51963	220
Jul 06, 2020	1081651	751	60507	272
Jul 07, 2020	1116115	590	67222	640
Jul 08, 2020	1157319	646	65943	599
Jul 09, 2020	1193774	1001	75713	571
Jul 10, 2020	1241595	1058	65377	587
Jul 11, 2020	1282422	1022	61500	513
Jul 12, 2020	1321672	1062	64871	367
Jul 13, 2020	1359374	942	69743	241
Jul 14, 2020	1387362	624	76709	736
Jul 15, 2020	1427235	782	75767	436
Jul 16, 2020	1472683	1301	77894	577
Jul 17, 2020	1495877	1275	67774	419
Jul 18, 2020	1533150	1242	63625	368
Jul 19, 2020	1575448	1306	62112	247
Jul 20, 2020	1592960	1088	70509	232
Jul 21, 2020	1628499	960	75178	368
Jul 22, 2020	1652626	1019	72223	402
Jul 23, 2020	1685528	1485	80577	456
Jul 24, 2020	1716793	1391	73698	422
Jul 25, 2020	1754107	1437	55752	334
Jul 26, 2020	1779413	1474	58608	103
Jul 27, 2020	1793909	1173	68645	187
Jul 28, 2020	1812590	730	69790	147
Jul 29, 2020	1835208	891	69609	453
Jul 30, 2020	1858440	1401	74474	344
Jul 31, 2020	1886739	1421	62384	387
Aug 01, 2020	1909253	1346	49437	335
Aug 02, 2020	1935992	1427	47662	172
Aug 03, 2020	1914842	1119	56703	175
Aug 04, 2020	1931649	784	58763	265
Aug 05, 2020	1936123	741	59490	321
Aug 06, 2020	1951833	1389	65592	399
Aug 07, 2020	1968082	1450	59643	362
Aug 08, 2020	1993630	1352	48164	288
Aug 09, 2020	2013887	1225	49363	186
Aug 10, 2020	2006862	1116	57114	273
Aug 11, 2020	2017953	735	57980	461
Aug 12, 2020	2022544	728	55185	350
Aug 13, 2020	2033460	1286	63330	401
Aug 14, 2020	2052379	1260	56645	491
Aug 15, 2020	2070734	1190	39579	277
Aug 16, 2020	2080799	1204	41141	229
Aug 17, 2020	2068151	1082	45840	284
Aug 18, 2020	2067454	700	47310	456
Aug 19, 2020	2066138	642	46838	382
Aug 20, 2020	2066760	1198	53338	548
Aug 21, 2020	2075139	1283	46044	632
Aug 22, 2020	2087429	1205	36593	522
Aug 23, 2020	2092534	1130	39492	265
Aug 24, 2020	2077348	954	43491	336
Aug 25, 2020	2072093	631	46399	615
Aug 26, 2020	2053329	620	46249	698
Aug 27, 2020	2052208	1098	50213	688
Aug 28, 2020	2061069	1083	45335	751
Aug 29, 2020	2062671	1095	35241	656
Aug 30, 2020	2069082	1036	36914	446
Aug 31, 2020	2071089	794	42739	392
Sep 01, 2020	2062292	603	43937	835
Sep 02, 2020	2050460	515	46004	728
Sep 03, 2020	2053199	653	54235	1227
Sep 04, 2020	2014215	1043	45026	2526
Sep 05, 2020	2019352	989	32462	1910
Sep 06, 2020	2022598	943	25070	857
Sep 07, 2020	2005827	761	29583	797
Sep 08, 2020	1989110	581	37338	1225
Sep 09, 2020	1970785	567	40350	934
Sep 10, 2020	1963401	1074	49091	779
Sep 11, 2020	1962081	964	43404	877
Sep 12, 2020	1965679	870	33078	934
Sep 13, 2020	1965774	833	36154	438
Sep 14, 2020	1941758	709	39734	451
Sep 15, 2020	1934068	444	42673	562
Sep 16, 2020	1918707	481	47286	615
Sep 17, 2020	1921550	893	50127	587
Sep 18, 2020	1925544	965	45738	549
Sep 19, 2020	1931896	872	34414	441
Sep 20, 2020	1932018	869	35620	302
Sep 21, 2020	1913812	712	37951	368
Sep 22, 2020	1898220	489	43890	589
Sep 23, 2020	1884577	533	46418	597
Sep 24, 2020	1884796	877	52077	582
Sep 25, 2020	1885770	842	45231	586
Sep 26, 2020	1879142	845	33836	578
Sep 27, 2020	1875783	836	37534	516
Sep 28, 2020	1858827	786	44480	535
Sep 29, 2020	1857047	434	44219	740
Sep 30, 2020	1847462	564	47368	706
Oct 01, 2020	1852200	785	51979	952
Oct 02, 2020	1855361	905	48374	856
Oct 03, 2020	1859485	879	36175	794
Oct 04, 2020	1860450	888	39728	549
Oct 05, 2020	1850050	732	47085	606
Oct 06, 2020	1853938	467	51348	1188
Oct 07, 2020	1856784	517	60155	1144
Oct 08, 2020	1867389	766	61065	1385
Oct 09, 2020	1882618	907	56885	1107
Oct 10, 2020	1907595	870	43989	1320
Oct 11, 2020	1909557	892	47303	899
Oct 12, 2020	1899984	755	55883	803
Oct 13, 2020	1905405	634	60232	1843
Oct 14, 2020	1912627	613	67108	1741
Oct 15, 2020	1931140	897	72235	2185
Oct 16, 2020	1922381	1170	63480	2389
Oct 17, 2020	1947507	1048	48953	2489
Oct 18, 2020	1966050	863	56160	1363
Oct 19, 2020	1972896	881	66236	1942
Oct 20, 2020	1994875	570	68975	2928
Oct 21, 2020	2001939	759	77494	3320
Oct 22, 2020	2026795	966	82399	2888
Oct 23, 2020	2062060	1042	82499	4252
Oct 24, 2020	2098501	1037	63423	3275
Oct 25, 2020	2124975	1023	70443	2683
Oct 26, 2020	2129716	1009	80043	3935
Oct 27, 2020	2161323	752	86023	4267
Oct 28, 2020	2186092	828	94528	5763
Oct 29, 2020	2224719	1239	103299	5457
Oct 30, 2020	2279221	1338	92197	5556
Oct 31, 2020	2324746	1364	78072	6315
Nov 01, 2020	2362482	1365	88126	7818
Nov 02, 2020	2377054	1353	102393	5573
Nov 03, 2020	2427940	958	114722	8974
Nov 04, 2020	2482503	1029	129921	8721
Nov 05, 2020	2556213	1536	134896	10994
Nov 06, 2020	2631605	1500	136320	11835
Nov 07, 2020	2711950	1492	113948	8853
Nov 08, 2020	2784627	1574	121827	10008
Nov 09, 2020	2825846	1611	154290	11290
Nov 10, 2020	2922452	1125	152390	12214
Nov 11, 2020	3017514	1251	166904	11474
Nov 12, 2020	3099127	1750	186330	13231
Nov 13, 2020	3211991	2104	166913	14635
Nov 14, 2020	3307091	2206	150222	12568
Nov 15, 2020	3402980	2048	155483	11239
Nov 16, 2020	3466567	1945	173225	18260
Nov 17, 2020	3561371	1394	177723	18601
Nov 18, 2020	3656922	1536	199690	19003
Nov 19, 2020	3765802	2367	204750	19914
Nov 20, 2020	3881969	2389	185125	25275
Nov 21, 2020	3974397	1810	152156	16896
Nov 22, 2020	4060671	1792	168580	14897
Nov 23, 2020	4122349	1841	187599	15849
Nov 24, 2020	4209206	1367	186678	14810
Nov 25, 2020	4181068	1850	167405	25342
Nov 26, 2020	4279169	2835	158735	21767
Nov 27, 2020	4326288	2735	152500	21637
Nov 28, 2020	4371488	2990	152161	21156
Nov 29, 2020	4439672	2631	163908	18085
Nov 30, 2020	4469765	2752	188503	20075
Dec 01, 2020	4529806	1751	213950	25391
Dec 02, 2020	4598526	2110	227457	23580
Dec 03, 2020	4701986	3103	240091	19853
Dec 04, 2020	4817442	3212	220927	21497
Dec 05, 2020	4909008	3303	183428	18810
Dec 06, 2020	4995370	3013	192694	15726
Dec 07, 2020	5036671	2944	218873	16399
Dec 08, 2020	5119683	1947	227734	29396
Dec 09, 2020	5190148	2210	232938	23878
Dec 10, 2020	5281431	3280	248326	23237
Dec 11, 2020	5318390	3504	230830	25185
Dec 12, 2020	5407294	3582	194399	18354
Dec 13, 2020	5482243	3157	202540	10260
Dec 14, 2020	5502284	2886	209618	10593
Dec 15, 2020	5536592	2039	255628	12902
Dec 16, 2020	5598178	2683	240663	10699
Dec 17, 2020	5672090	3684	251653	12227
Dec 18, 2020	5776336	3251	210511	12147
Dec 19, 2020	5826613	3123	191982	10546
Dec 20, 2020	5903561	2233	201146	7748
Dec 21, 2020	5883959	1927	207550	8255
Dec 22, 2020	5919011	1906	233410	10906
Dec 23, 2020	5960372	2660	215915	10698
Dec 24, 2020	6007155	3895	165334	8807
Dec 25, 2020	6070466	3803	167832	7698
Dec 26, 2020	6077668	3913	148607	7229
Dec 27, 2020	6089074	2877	187341	5766
Dec 28, 2020	6035898	2614	209895	8629
Dec 29, 2020	6053544	2002	233017	11884
Dec 30, 2020	6092009	2404	252124	10249
Dec 31, 2020	6163359	3962	237949	10143
Jan 01, 2021	6279694	3839	242741	9155
Jan 02, 2021	6327331	4296	204641	7657
Jan 03, 2021	6407207	3888	203669	6461
Jan 04, 2021	6283977	3530	243018	9338
Jan 05, 2021	6348369	2282	268259	8852
Jan 06, 2021	6414040	2622	281466	7872
Jan 07, 2021	6508888	4405	311086	8983
Jan 08, 2021	6645293	3824	265569	9139
Jan 09, 2021	6761277	4169	227556	9580
Jan 10, 2021	6834711	3855	222057	7142
Jan 11, 2021	6811681	3699	232204	7666
Jan 12, 2021	6852520	2272	240925	8997
Jan 13, 2021	6901818	2053	231538	8700
Jan 14, 2021	6925745	3379	248619	8827
Jan 15, 2021	6997467	4090	213378	8437
Jan 16, 2021	7044151	4276	182807	8239
Jan 17, 2021	7071056	3844	154135	6393
Jan 18, 2021	7030050	3491	176798	9315
Jan 19, 2021	6947934	2193	189136	10325
Jan 20, 2021	6912390	2461	197362	8373
Jan 21, 2021	6905903	3804	198378	0
Jan 22, 2021	6907637	4050	177004	7050
Jan 23, 2021	6918341	3567	146123	7664
Jan 24, 2021	6909713	3395	151335	7290
Jan 25, 2021	6812248	3072	155513	5839
Jan 26, 2021	6775653	2112	159600	2692
Jan 27, 2021	6717678	2068	168249	4625
Jan 28, 2021	6657409	3461	167755	6460
Jan 29, 2021	6613631	3351	149835	7222
Jan 30, 2021	6547229	3291	115981	5893
Jan 31, 2021	6498947	3154	128791	6169
Feb 01, 2021	6364341	2898	116709	4760
Feb 02, 2021	6283955	1590	119490	2302
Feb 03, 2021	6196031	1756	124170	4465
Feb 04, 2021	6090634	3058	134062	6524
Feb 05, 2021	6040176	2851	110462	6884
Feb 06, 2021	5960952	2979	94149	5590
Feb 07, 2021	5891975	2627	89312	5695
Feb 08, 2021	5780048	2379	97401	4618
Feb 09, 2021	5672124	1285	98819	2161
Feb 10, 2021	5525642	1097	106251	4466
Feb 11, 2021	5454482	1848	102111	6026
Feb 12, 2021	5376737	2022	88542	6340
Feb 13, 2021	5293281	2507	66424	5564
Feb 14, 2021	5199901	2282	54623	5639
Feb 15, 2021	5060150	1975	61652	4773
Feb 16, 2021	4949329	1319	71409	2155
Feb 17, 2021	4856428	1455	68473	4068
Feb 18, 2021	4742891	2291	83396	6550
Feb 19, 2021	4654521	2131	72535	7110
Feb 20, 2021	4539985	2252	58326	6088
Feb 21, 2021	4443951	2096	58554	5959
Feb 22, 2021	4314372	1574	72592	5143
Feb 23, 2021	4217668	1287	76128	2465
Feb 24, 2021	4128102	1409	76481	5361
Feb 25, 2021	4028650	1869	81015	8210
Feb 26, 2021	3950984	2083	66310	8909
Feb 27, 2021	3859390	1960	54238	8368
Feb 28, 2021	3784992	1714	54260	8032
Mar 01, 2021	3692496	1535	57762	7171
Mar 02, 2021	3614558	866	67266	3447
Mar 03, 2021	3533598	908	67679	7140
Mar 04, 2021	3474842	1353	69929	10945
Mar 05, 2021	3416475	1591	60358	12044
Mar 06, 2021	3338981	1485	44869	10960
Mar 07, 2021	3275155	1461	44384	11515
Mar 08, 2021	3196500	1021	55482	9270
Mar 09, 2021	3121202	817	59773	4552
Mar 10, 2021	3063315	844	62696	8635
Mar 11, 2021	3015510	1126	67593	13944
Mar 12, 2021	2954449	1264	53094	15667
Mar 13, 2021	2912203	1339	44015	14076
Mar 14, 2021	2872134	1153	45029	14228
Mar 15, 2021	2808841	873	52872	12709
Mar 16, 2021	2762105	573	63173	6001
Mar 17, 2021	2723979	699	63709	10667
Mar 18, 2021	2696313	1032	65798	16440
Mar 19, 2021	2662099	1276	59780	19778
Mar 20, 2021	2634478	1167	47797	16777
Mar 21, 2021	2602512	1106	46078	19181
Mar 22, 2021	2548013	918	59624	17867
Mar 23, 2021	2519882	610	66875	13971
Mar 24, 2021	2496048	658	66648	15010
Mar 25, 2021	2485600	853	76513	24367
Mar 26, 2021	2471777	1002	65773	27845
Mar 27, 2021	2466206	973	55139	23854
Mar 28, 2021	2449804	930	57171	25509
Mar 29, 2021	2422360	719	64503	23768
Mar 30, 2021	2412479	477	70628	13726
Mar 31, 2021	2400566	546	76876	20254
Apr 01, 2021	2396610	816	74763	29070
Apr 02, 2021	2397840	890	70636	34745
Apr 03, 2021	2406416	969	50246	32439
Apr 04, 2021	2404746	934	54417	30875
Apr 05, 2021	2381411	764	63672	27269
Apr 06, 2021	2367869	460	74974	18120
Apr 07, 2021	2367460	548	80614	21807
Apr 08, 2021	2375107	805	84385	31272
Apr 09, 2021	2386617	902	73571	35289
Apr 10, 2021	2383943	878	58940	28236
Apr 11, 2021	2385475	836	54122	26481
Apr 12, 2021	2367661	695	78730	21873
Apr 13, 2021	2380274	426	78622	10146
Apr 14, 2021	2388706	538	74328	8837
Apr 15, 2021	2387694	825	81782	16594
Apr 16, 2021	2400612	839	72916	29989
Apr 17, 2021	2410861	864	53908	25924
Apr 18, 2021	2407676	762	50140	23833
Apr 19, 2021	2382445	785	60996	19674
Apr 20, 2021	2380067	421	65343	11578
Apr 21, 2021	2369983	499	66388	14557
Apr 22, 2021	2370230	867	66476	20670
Apr 23, 2021	2373203	790	58363	21202
Apr 24, 2021	2375163	873	44564	16753
Apr 25, 2021	2370305	751	45955	15593
Apr 26, 2021	2341586	735	52037	12031
Apr 27, 2021	2329903	424	56388	6938
Apr 28, 2021	2315501	507	59118	9806
Apr 29, 2021	2307872	841	59670	13030
Apr 30, 2021	2289698	693	51478	14048
May 01, 2021	2281323	782	38151	10110
May 02, 2021	2270225	691	38400	8876
May 03, 2021	2229047	671	42248	7087
May 04, 2021	2205602	370	46420	3753
May 05, 2021	2182566	427	47848	6067
May 06, 2021	2145276	671	49120	8308
May 07, 2021	2130191	764	39680	8020
May 08, 2021	2111809	767	28337	6422
May 09, 2021	2091114	720	27744	6533
May 10, 2021	2045306	602	34637	4211
May 11, 2021	2013143	348	36065	2274
May 12, 2021	1973482	385	38859	2232
May 13, 2021	1950994	654	37702	4526
May 14, 2021	1926688	580	29541	6358
May 15, 2021	1891043	624	23564	5339
May 16, 2021	1866627	587	23536	4729
May 17, 2021	1820117	603	27674	3513
May 18, 2021	1791731	328	29502	1716
May 19, 2021	1767059	417	30442	3088
May 20, 2021	1731761	569	28858	4011
May 21, 2021	1709912	546	24750	3655
May 22, 2021	1687401	603	17379	3038
May 23, 2021	1665382	562	18470	2955
May 24, 2021	1621577	443	23223	1947
May 25, 2021	1596204	244	24287	955
May 26, 2021	1557698	241	23786	1902
May 27, 2021	1533753	314	22864	2228
May 28, 2021	1513794	482	16685	1964
May 29, 2021	1489041	534	12724	1547
May 30, 2021	1469148	542	9054	1467
May 31, 2021	1448420	486	12354	983
Jun 01, 2021	1393786	258	16155	467
Jun 02, 2021	1360288	281	17898	988
Jun 03, 2021	1335105	418	18531	1186
Jun 04, 2021	1313522	443	16324	960
Jun 05, 2021	1294827	490	12083	877
Jun 06, 2021	1277934	392	14014	727
Jun 07, 2021	1235552	375	14349	463
Jun 08, 2021	1199171	229	15855	307
Jun 09, 2021	1178581	220	16410	448
Jun 10, 2021	1158703	353	16175	593
Jun 11, 2021	1138487	370	13334	519
Jun 12, 2021	1030734	345	9841	297
Jun 13, 2021	1012262	359	10966	355
Jun 14, 2021	983911	279	12865	221
Jun 15, 2021	964298	182	14500	104
Jun 16, 2021	945021	270	14295	351
Jun 17, 2021	930513	374	14091	344
Jun 18, 2021	909888	351	11981	315
Jun 19, 2021	887978	403	8796	282
Jun 20, 2021	867308	336	9963	172
Jun 21, 2021	842467	260	13366	125
Jun 22, 2021	830708	177	15917	66
Jun 23, 2021	820215	186	15894	206
Jun 24, 2021	812628	323	16129	164
Jun 25, 2021	804449	291	12933	151
Jun 26, 2021	794674	336	10278	162
Jun 27, 2021	787482	323	12170	159
Jun 28, 2021	774666	204	14362	78
Jun 29, 2021	767273	163	17957	28
Jun 30, 2021	767851	164	18425	119
Jul 01, 2021	762262	283	18677	98
Jul 02, 2021	761070	270	16681	68
Jul 03, 2021	761163	321	13142	93
Jul 04, 2021	761524	327	12279	63
Jul 05, 2021	758692	272	15026	37
Jul 06, 2021	755327	173	22943	28
Jul 07, 2021	757881	255	27246	79
Jul 08, 2021	766945	368	30054	37
Jul 09, 2021	779132	356	25038	49
Jul 10, 2021	790546	377	21299	47
Jul 11, 2021	798916	366	23535	72
Jul 12, 2021	799158	266	34002	27
Jul 13, 2021	817528	213	39175	0
Jul 14, 2021	839890	250	40534	51
Jul 15, 2021	865295	360	44697	88
Jul 16, 2021	893491	432	42386	208
Jul 17, 2021	922780	431	35635	33
Jul 18, 2021	947069	397	36968	50
Jul 19, 2021	962839	369	50506	0
Jul 20, 2021	993861	283	63350	0
Jul 21, 2021	1039551	348	66519	54
Jul 22, 2021	1086710	489	75072	84
Jul 23, 2021	1144060	564	67560	49
Jul 24, 2021	1197006	529	56548	58
Jul 25, 2021	1242180	595	53502	80
Jul 26, 2021	1272940	542	85861	48
Jul 27, 2021	1337836	468	91193	39
Jul 28, 2021	1408301	546	99505	83
Jul 29, 2021	1487245	821	110601	79
Jul 30, 2021	1574185	764	94231	92
Jul 31, 2021	1653550	808	80342	107
Aug 01, 2021	1719648	874	79701	93
Aug 02, 2021	1768068	794	114982	34
Aug 03, 2021	1845468	668	125482	47
Aug 04, 2021	1945630	672	132680	116
Aug 05, 2021	2050681	1116	141256	127
Aug 06, 2021	2160673	1050	125268	135
Aug 07, 2021	2256719	1195	102551	124
Aug 08, 2021	2336048	1262	100483	141
Aug 09, 2021	2389452	1054	134702	53
Aug 10, 2021	2481843	940	149734	74
Aug 11, 2021	2594345	942	152514	123
Aug 12, 2021	2702377	1450	166304	140
Aug 13, 2021	2824918	1582	142985	169
Aug 14, 2021	2932630	1559	112763	130
Aug 15, 2021	3013994	1591	112598	128
Aug 16, 2021	3058201	1462	151144	102
Aug 17, 2021	3148254	1112	166368	45
Aug 18, 2021	3251006	1064	172444	193
Aug 19, 2021	3368842	1810	187609	110
Aug 20, 2021	3493896	2002	155571	127
Aug 21, 2021	3596898	1856	124826	125
Aug 22, 2021	3683385	1973	120799	174
Aug 23, 2021	3717177	1788	160254	38
Aug 24, 2021	3811714	1298	185370	0
Aug 25, 2021	3919567	1411	182084	152
Aug 26, 2021	4036085	2047	199919	128
Aug 27, 2021	4164448	2186	168052	73
Aug 28, 2021	4263095	2191	135326	147
Aug 29, 2021	4339367	2067	135577	199
Aug 30, 2021	4368744	1815	171537	30
Aug 31, 2021	4446674	1499	192715	0
Sep 01, 2021	4499450	1352	188016	93
Sep 02, 2021	4592814	1716	193867	97
Sep 03, 2021	4695081	2242	156700	56
Sep 04, 2021	4751389	2640	136476	197
Sep 05, 2021	4807133	2343	127497	218
Sep 06, 2021	4813596	1918	119188	0
Sep 07, 2021	4829675	1451	161075	0
Sep 08, 2021	4835987	1426	175814	31
Sep 09, 2021	4900627	2583	183064	205
Sep 10, 2021	4964926	2681	162286	120
Sep 11, 2021	5017918	2378	133973	273
Sep 12, 2021	5057754	2238	113585	239
Sep 13, 2021	5024750	1965	153925	0
Sep 14, 2021	5031561	1387	170111	-101
Sep 15, 2021	5058567	1520	162378	124
Sep 16, 2021	5102335	2460	165395	176
Sep 17, 2021	5130556	2403	133696	208
Sep 18, 2021	5142820	2527	100660	463
Sep 19, 2021	5136379	2227	98525	429
Sep 20, 2021	5055160	1891	132927	-72
Sep 21, 2021	5031801	1312	137405	0
Sep 22, 2021	5019047	1380	135967	196
Sep 23, 2021	5016515	2298	137773	402
Sep 24, 2021	5014079	2444	111693	338
Sep 25, 2021	4998743	2264	87980	573
Sep 26, 2021	4957862	2056	88568	659
Sep 27, 2021	4876019	1708	111750	107
Sep 28, 2021	4825982	1198	125014	17
Sep 29, 2021	4788877	1227	125011	352
Sep 30, 2021	4772906	2078	124422	603
Oct 01, 2021	4746837	2301	99878	620
Oct 02, 2021	4663977	2056	76569	649
Oct 03, 2021	4619612	2095	77256	747
Oct 04, 2021	4512526	1426	104962	136
Oct 05, 2021	4454157	1091	112628	12
Oct 06, 2021	4418595	1009	110030	578
Oct 07, 2021	4389482	1759	109718	760
Oct 08, 2021	4339412	1878	84119	842
Oct 09, 2021	4287625	1949	70167	1090
Oct 10, 2021	4239462	1812	64707	1167
Oct 11, 2021	4142820	1334	91374	492
Oct 12, 2021	4052402	1039	100623	214
Oct 13, 2021	3993799	1036	98636	805
Oct 14, 2021	3951380	1732	96545	1457
Oct 15, 2021	3903567	1917	74179	1437
Oct 16, 2021	3858968	1768	56286	1728
Oct 17, 2021	3803601	1659	60292	1716
Oct 18, 2021	3703634	1243	79445	759
Oct 19, 2021	3616149	808	83157	127
Oct 20, 2021	3557115	953	87720	1401
Oct 21, 2021	3521618	1678	85683	1767
Oct 22, 2021	3460948	1774	68581	2054
Oct 23, 2021	3411413	1512	49917	2484
Oct 24, 2021	3355567	1573	56894	2770
Oct 25, 2021	3250393	1012	79445	1219
Oct 26, 2021	3199146	733	80786	464
Oct 27, 2021	3143425	887	87377	2791
Oct 28, 2021	3116264	1330	84996	4171
Oct 29, 2021	3076841	1556	67515	4496
Oct 30, 2021	3043706	1337	51931	4928
Oct 31, 2021	3005681	1374	62444	6034
Nov 01, 2021	2936501	961	76549	4050
Nov 02, 2021	2865192	646	79644	1400
Nov 03, 2021	2823187	853	90926	4532
Nov 04, 2021	2808262	1476	88200	6503
Nov 05, 2021	2786298	1582	71207	6805
Nov 06, 2021	2769484	1196	58614	8023
Nov 07, 2021	2745521	1138	60231	9010
Nov 08, 2021	2672852	827	83633	5133
Nov 09, 2021	2655110	572	96145	2736
Nov 10, 2021	2636429	725	97124	3157
Nov 11, 2021	2647170	1416	99176	9828
Nov 12, 2021	2638438	1430	81531	13824
Nov 13, 2021	2642318	1393	65582	14613
Nov 14, 2021	2641818	1238	74035	14590
Nov 15, 2021	2615607	904	100215	9821
Nov 16, 2021	2618297	563	107327	4876
Nov 17, 2021	2613112	765	115816	11367
Nov 18, 2021	2644538	1488	114230	15702
Nov 19, 2021	2665001	1575	91431	17070
Nov 20, 2021	2682442	886	66170	11805
Nov 21, 2021	2691035	802	78180	13953
Nov 22, 2021	2658202	629	108729	11520
Nov 23, 2021	2676400	617	106647	6258
Nov 24, 2021	2693180	763	86116	14449
Nov 25, 2021	2696006	1591	72709	21451
Nov 26, 2021	2676852	1586	62862	22630
Nov 27, 2021	2656692	1453	59994	22204
Nov 28, 2021	2641395	1324	80375	22459
Nov 29, 2021	2632241	937	123001	15680
Nov 30, 2021	2644203	668	134203	10077
Dec 01, 2021	2677776	891	150249	17690
Dec 02, 2021	2738824	1841	151155	25041
Dec 03, 2021	2792999	1554	119819	25616
Dec 04, 2021	2839965	1488	87266	25390
Dec 05, 2021	2866697	1585	98072	25489
Dec 06, 2021	2864754	1022	127126	16922
Dec 07, 2021	2906801	794	131136	10055
Dec 08, 2021	2937003	956	137227	16827
Dec 09, 2021	2983641	1771	143387	25459
Dec 10, 2021	3025808	1733	118848	26546
Dec 11, 2021	3062023	1471	91807	25554
Dec 12, 2021	3088130	1757	102164	25126
Dec 13, 2021	3011935	1136	124433	19070
Dec 14, 2021	3021709	792	143881	10909
Dec 15, 2021	3059112	1016	162237	17306
Dec 16, 2021	3121289	1899	173462	24693
Dec 17, 2021	3190974	1775	159101	26092
Dec 18, 2021	3256792	1536	137451	23670
Dec 19, 2021	3320454	1239	159754	22887
Dec 20, 2021	3359049	816	196406	16527
Dec 21, 2021	3445258	658	243574	8955
Dec 22, 2021	3546271	1055	296946	16218
Dec 23, 2021	3749586	1955	323430	22246
Dec 24, 2021	3990364	1941	273519	21012
Dec 25, 2021	4186429	1763	224461	19606
Dec 26, 2021	4326832	1268	255677	18862
Dec 27, 2021	4480852	1023	351792	13618
Dec 28, 2021	4675175	839	491760	6788
Dec 29, 2021	5018477	1207	613366	11588
Dec 30, 2021	5501915	2060	634173	15829
Dec 31, 2021	6009426	2002	604002	15573
Jan 01, 2022	6490026	2476	504506	14752
Jan 02, 2022	6879362	2314	529198	9622
Jan 03, 2022	7246815	1594	617060	3168
Jan 04, 2022	7638688	1338	736536	2125
Jan 05, 2022	8209461	1636	834332	8212
Jan 06, 2022	8878702	2771	914412	13952
Jan 07, 2022	9607177	2695	828534	12542
Jan 08, 2022	10254116	2719	776056	12510
Jan 09, 2022	10869524	2696	721499	11763
Jan 10, 2022	11314228	2106	764756	3459
Jan 11, 2022	11826427	1689	901065	3786
Jan 12, 2022	12487113	1696	901141	9876
Jan 13, 2022	13168164	2596	899083	14154
Jan 14, 2022	13809444	3037	791633	14400
Jan 15, 2022	14393566	3384	725131	10364
Jan 16, 2022	14920076	3121	639274	9674
Jan 17, 2022	15293561	2076	626033	6088
Jan 18, 2022	15469687	1839	749856	1950
Jan 19, 2022	15788901	2052	767896	5629
Jan 20, 2022	16260799	3421	833131	9691
Jan 21, 2022	16779480	3686	685312	11404
Jan 22, 2022	17204211	3418	520956	12992
Jan 23, 2022	17460131	3332	508617	14103
Jan 24, 2022	17496406	2448	501967	5006
Jan 25, 2022	17548987	1706	553810	1741
Jan 26, 2022	17694832	2012	563047	12269
Jan 27, 2022	17888678	3497	547295	24852
Jan 28, 2022	18047231	3535	403942	30243
Jan 29, 2022	18122155	3335	304268	36950
Jan 30, 2022	18138683	3082	290387	40461
Jan 31, 2022	18030013	2186	307785	29602
Feb 01, 2022	17736681	1787	324137	22127
Feb 02, 2022	17441859	1919	305042	33854
Feb 03, 2022	17344978	3369	311690	53712
Feb 04, 2022	17142285	3296	207325	59421
Feb 05, 2022	16928224	3075	147331	61293
Feb 06, 2022	16688920	2554	161294	56889
Feb 07, 2022	16383606	2006	198702	43571
Feb 08, 2022	15956787	1612	219576	32881
Feb 09, 2022	15614301	1553	194829	44623
Feb 10, 2022	15288764	2828	167093	56326
Feb 11, 2022	14890891	2795	129604	55030
Feb 12, 2022	14476650	2643	90727	49001
Feb 13, 2022	14137621	2485	88426	48114
Feb 14, 2022	13554212	1875	110432	33237
Feb 15, 2022	13179510	1080	114485	22163
Feb 16, 2022	12753181	1076	113272	30587
Feb 17, 2022	12330652	2037	117937	40977
Feb 18, 2022	11891645	2360	84417	37372
Feb 19, 2022	11459945	2373	56416	32419
Feb 20, 2022	11008588	1912	56043	34181
Feb 21, 2022	10444014	1259	65104	44530
Feb 22, 2022	10006783	1063	75845	34541
Feb 23, 2022	9565853	1187	82568	33455
Feb 24, 2022	9098653	1704	76412	17336
Feb 25, 2022	8650267	1671	52798	10865
Feb 26, 2022	8242196	1466	36115	7572
Feb 27, 2022	7860906	1610	37010	18060
Feb 28, 2022	7417158	1121	47817	16138
Mar 01, 2022	7090534	745	50616	13819
Mar 02, 2022	6748866	759	52825	12389
Mar 03, 2022	6404125	1313	46642	10502
Mar 04, 2022	6035239	1502	37329	5901
Mar 05, 2022	5678034	1432	24701	4715
Mar 06, 2022	5376292	1077	28715	12049
Mar 07, 2022	5091706	916	34541	9990
Mar 08, 2022	4826499	610	39170	9826
Mar 09, 2022	4580050	598	43148	8460
Mar 10, 2022	4338348	1141	40935	8599
Mar 11, 2022	4101644	1162	26786	4920
Mar 12, 2022	3877053	1112	17890	3755
Mar 13, 2022	3677156	898	21680	11864
Mar 14, 2022	3477804	673	30485	9060
Mar 15, 2022	3324900	356	31839	8787
Mar 16, 2022	3181834	466	38106	7955
Mar 17, 2022	3011177	809	33249	7442
Mar 18, 2022	2865285	824	24208	4569
Mar 19, 2022	2738433	735	19593	3979
Mar 20, 2022	2657012	784	20374	11567
Mar 21, 2022	2530019	501	28795	9903
Mar 22, 2022	2426154	341	32982	8572
Mar 23, 2022	2336701	403	35662	8067
Mar 24, 2022	2236403	712	35261	7325
Mar 25, 2022	2084017	800	29193	3662
Mar 26, 2022	2008984	638	18353	2987
Mar 27, 2022	1941756	613	20795	9527
Mar 28, 2022	1828550	488	28126	10772
Mar 29, 2022	1763538	338	32115	11174
Mar 30, 2022	1696774	398	38213	7623
Mar 31, 2022	1647645	547	33666	6172
Apr 01, 2022	1607110	551	27152	2938
Apr 02, 2022	1575859	532	20760	1357
Apr 03, 2022	1520452	511	23456	0
Apr 04, 2022	1475579	423	29494	32
Apr 05, 2022	1444109	200	39796	0
Apr 06, 2022	1425739	293	40700	64
Apr 07, 2022	1405526	589	41480	63
Apr 08, 2022	1394389	411	32421	44
Apr 09, 2022	1383049	391	28283	0
Apr 10, 2022	1348015	450	30130	0
Apr 11, 2022	1331019	225	36248	79
Apr 12, 2022	1311906	173	43453	55
Apr 13, 2022	1316322	256	49717	36
Apr 14, 2022	1326049	435	51222	86
Apr 15, 2022	1340090	526	41267	64
Apr 16, 2022	1342482	462	31116	34
Apr 17, 2022	1336542	411	35546	8
Apr 18, 2022	1328229	249	40771	0
Apr 19, 2022	1332064	204	58000	64
Apr 20, 2022	1351264	284	60999	56
Apr 21, 2022	1376919	367	65924	54
Apr 22, 2022	1405869	436	53488	67
Apr 23, 2022	1425335	413	43067	34
Apr 24, 2022	1436519	393	47739	6
Apr 25, 2022	1440592	329	54109	59
Apr 26, 2022	1451964	206	66908	62
Apr 27, 2022	1478629	295	76041	57
Apr 28, 2022	1523891	362	77723	61
Apr 29, 2022	1566659	375	65035	61
Apr 30, 2022	1599434	378	51655	31
May 01, 2022	1614764	367	55721	25
May 02, 2022	1630804	258	64730	28
May 03, 2022	1655648	160	83002	0
May 04, 2022	1699273	213	94128	49
May 05, 2022	1762495	328	99356	36
May 06, 2022	1821237	348	85790	52
May 07, 2022	1883200	333	67290	25
May 08, 2022	1931252	394	78870	7
May 09, 2022	1934567	191	84062	39
May 10, 2022	1978419	189	101411	29
May 11, 2022	2031191	238	118122	45
May 12, 2022	2100180	409	115389	24
May 13, 2022	2169003	375	105016	30
May 14, 2022	2233889	359	85844	12
May 15, 2022	2278396	364	96420	13
May 16, 2022	2325459	232	99602	18
May 17, 2022	2370330	215	122989	20
May 18, 2022	2434442	285	134354	27
May 19, 2022	2522648	465	131245	14
May 20, 2022	2596336	484	111099	34
May 21, 2022	2662239	407	92414	12
May 22, 2022	2708190	388	90793	2
May 23, 2022	2723695	223	103226	23
May 24, 2022	2759277	171	129769	45
May 25, 2022	2815852	162	133743	30
May 26, 2022	2883847	282	130121	27
May 27, 2022	2949018	473	104491	24
May 28, 2022	3039848	388	96225	4
May 29, 2022	3028700	451	80580	3
May 30, 2022	3060716	315	77818	12
May 31, 2022	3048963	191	109697	12
Jun 01, 2022	3063174	253	124731	20
Jun 02, 2022	3118115	462	136841	12
Jun 03, 2022	3179244	438	118624	31
Jun 04, 2022	3228735	378	93265	4
Jun 05, 2022	3260993	354	93157	7
Jun 06, 2022	3261600	266	110154	5
Jun 07, 2022	3284244	224	123426	14
Jun 08, 2022	3303587	305	124791	12
Jun 09, 2022	3342719	444	128148	9
Jun 10, 2022	3384086	435	102163	5
Jun 11, 2022	3415349	365	84026	6
Jun 12, 2022	3420314	343	86676	3
Jun 13, 2022	3415307	241	99560	2
Jun 14, 2022	3416493	211	115941	8
Jun 15, 2022	3428029	203	113698	16
Jun 16, 2022	3455669	343	112064	2
Jun 17, 2022	3477327	506	96713	7
Jun 18, 2022	3501941	522	87309	8
Jun 19, 2022	3479725	434	74674	2
Jun 20, 2022	3472080	325	106279	8
Jun 21, 2022	3483293	209	119890	5
Jun 22, 2022	3489462	257	143370	7
Jun 23, 2022	3547354	463	134177	10
Jun 24, 2022	3582549	502	112179	6
Jun 25, 2022	3611634	447	94322	3
Jun 26, 2022	3619169	474	88431	6
Jun 27, 2022	3614487	275	107140	5
Jun 28, 2022	3616631	247	131585	4
Jun 29, 2022	3640342	239	139204	3
Jun 30, 2022	3695605	325	142274	8
Jul 01, 2022	3746445	554	114143	10
Jul 02, 2022	3795840	536	95227	5
Jul 03, 2022	3771945	512	84948	2
Jul 04, 2022	3738979	336	83439	5
Jul 05, 2022	3712504	250	116917	3
Jul 06, 2022	3708057	327	142933	5
Jul 07, 2022	3751855	505	154548	6
Jul 08, 2022	3810118	549	135868	6
Jul 09, 2022	3903003	443	109594	3
Jul 10, 2022	3986607	463	103829	2
Jul 11, 2022	3850196	410	132477	7
Jul 12, 2022	3867988	326	144927	8
Jul 13, 2022	3896338	386	151893	9
Jul 14, 2022	3945500	558	153712	18
Jul 15, 2022	3997239	571	128594	4
Jul 16, 2022	4028145	490	111972	3
Jul 17, 2022	4051810	574	104808	0
Jul 18, 2022	4044904	460	126417	9
Jul 19, 2022	4058422	275	148581	12
Jul 20, 2022	4089304	368	153796	6
Jul 21, 2022	4135094	523	151370	15
Jul 22, 2022	4167042	583	127942	10
Jul 23, 2022	4182898	512	103293	3
Jul 24, 2022	4178225	532	101263	2
Jul 25, 2022	4157840	374	126964	1
Jul 26, 2022	4181211	324	141258	1
Jul 27, 2022	4196923	404	146165	0
Jul 28, 2022	4229134	658	143838	1
Jul 29, 2022	4262099	614	116973	7
Jul 30, 2022	4284162	599	101853	6
Jul 31, 2022	4266444	671	97846	4
Aug 01, 2022	4250729	384	119241	4
Aug 02, 2022	4256611	339	132816	3
Aug 03, 2022	4251561	388	130587	5
Aug 04, 2022	4276046	668	131839	3
Aug 05, 2022	4277676	639	103937	4
Aug 06, 2022	4266274	580	85439	7
Aug 07, 2022	4238231	579	83031	2
Aug 08, 2022	4186196	381	108180	0
Aug 09, 2022	4188117	329	120698	0
Aug 10, 2022	4174017	372	122571	4
Aug 11, 2022	4182601	563	119634	1
Aug 12, 2022	4159362	679	97214	8
Aug 13, 2022	4134624	506	77762	9
Aug 14, 2022	4097024	561	72680	9
Aug 15, 2022	4036052	398	94758	3
Aug 16, 2022	4004102	330	112430	10
Aug 17, 2022	4014143	361	106293	18
Aug 18, 2022	3990709	549	113702	7
Aug 19, 2022	3952207	539	89788	0
Aug 20, 2022	3960864	534	73412	0
Aug 21, 2022	3878476	552	72364	0
Aug 22, 2022	3832805	387	90904	0
Aug 23, 2022	3804571	326	107276	0
Aug 24, 2022	3780872	355	106043	0
Aug 25, 2022	3765933	600	104693	0
Aug 26, 2022	3736760	539	89966	0
Aug 27, 2022	3706051	466	71122	0
Aug 28, 2022	3678028	541	65951	0
Aug 29, 2022	3610979	315	91678	0
Aug 30, 2022	3583440	230	94964	0
Aug 31, 2022	3523378	260	98094	0
Sep 01, 2022	3497922	365	91649	0
Sep 02, 2022	3469257	533	74077	0
Sep 03, 2022	3437359	506	58073	0
Sep 04, 2022	3386789	563	53330	0
Sep 05, 2022	3327817	372	55989	0
Sep 06, 2022	3276486	274	70589	0
Sep 07, 2022	3237025	355	75588	0
Sep 08, 2022	3195673	557	83637	0
Sep 09, 2022	3177871	474	64976	0
Sep 10, 2022	3135994	452	54212	0
Sep 11, 2022	3106093	480	50362	0
Sep 12, 2022	3056224	316	66865	0
Sep 13, 2022	3002423	261	69415	0
Sep 14, 2022	2961226	294	69476	0
Sep 15, 2022	2897742	485	68118	0
Sep 16, 2022	2883748	502	56986	0
Sep 17, 2022	2839059	401	42560	0
Sep 18, 2022	2803155	466	45265	0
Sep 19, 2022	2762233	307	56845	0
Sep 20, 2022	2720800	248	63814	0
Sep 21, 2022	2693030	315	59976	0
Sep 22, 2022	2631427	446	60125	0
Sep 23, 2022	2608968	495	48406	0
Sep 24, 2022	2569874	449	37962	0
Sep 25, 2022	2545318	460	38703	0
Sep 26, 2022	2482567	340	48239	0
Sep 27, 2022	2463458	321	53226	0
Sep 28, 2022	2420662	347	52852	0
Sep 29, 2022	2369612	470	53298	0
Sep 30, 2022	2340830	496	42881	0
Oct 01, 2022	2311698	434	32776	0
Oct 02, 2022	2268780	452	38299	0
Oct 03, 2022	2227137	345	41304	0
Oct 04, 2022	2197334	274	50877	0
Oct 05, 2022	2152853	278	46406	0
Oct 06, 2022	2108074	297	48221	0
Oct 07, 2022	2086781	508	39870	0
Oct 08, 2022	2073968	390	30159	0
Oct 09, 2022	2020493	395	32299	0
Oct 10, 2022	2007713	306	35884	0
Oct 11, 2022	1960848	233	46542	0
Oct 12, 2022	1938024	327	43904	0
Oct 13, 2022	1910011	412	44488	0
Oct 14, 2022	1895735	419	38486	0
Oct 15, 2022	1883434	357	31223	0
Oct 16, 2022	1851389	392	31556	0
Oct 17, 2022	1820007	273	38841	0
Oct 18, 2022	1796205	209	41188	0
Oct 19, 2022	1795015	256	43266	0
Oct 20, 2022	1778892	397	42514	0
Oct 21, 2022	1767435	406	37305	0
Oct 22, 2022	1754198	411	30719	0
Oct 23, 2022	1736501	434	32217	0
Oct 24, 2022	1722432	289	39545	0
Oct 25, 2022	1737342	275	43718	0
Oct 26, 2022	1700836	291	45636	0
Oct 27, 2022	1690595	413	46420	0
Oct 28, 2022	1688615	399	40558	0
Oct 29, 2022	1670904	326	30886	0
Oct 30, 2022	1661631	359	32974	0
Oct 31, 2022	1654009	289	38338	0
Nov 01, 2022	1647318	215	43270	0
Nov 02, 2022	1656461	282	48136	0
Nov 03, 2022	1646260	346	47117	0
Nov 04, 2022	1635656	391	41203	0
Nov 05, 2022	1659158	415	34747	0
Nov 06, 2022	1636421	310	35132	0
Nov 07, 2022	1626421	270	41511	0
Nov 08, 2022	1631947	265	47102	0
Nov 09, 2022	1638657	285	46262	0
Nov 10, 2022	1645741	394	44718	0
Nov 11, 2022	1658997	458	36177	0
Nov 12, 2022	1664690	439	31692	0
Nov 13, 2022	1663000	425	34445	0
Nov 14, 2022	1661922	348	41817	0
Nov 15, 2022	1625096	255	45698	0
Nov 16, 2022	1639773	317	49290	0
Nov 17, 2022	1630788	408	48746	0
Nov 18, 2022	1632400	400	42410	0
Nov 19, 2022	1650462	320	35920	0
Nov 20, 2022	1666878	241	35614	0
Nov 21, 2022	1637039	205	42961	0
Nov 22, 2022	1653333	250	52169	0
Nov 23, 2022	1665696	274	49073	0
Nov 24, 2022	1667975	366	39978	0
Nov 25, 2022	1667796	447	36900	0
Nov 26, 2022	1688248	503	41300	0
Nov 27, 2022	1686539	419	40196	0
Nov 28, 2022	1692128	313	57863	0
Nov 29, 2022	1730334	282	71981	0
Nov 30, 2022	1756599	299	75648	0
Dec 01, 2022	1762312	456	78060	0
Dec 02, 2022	1793681	512	65913	0
Dec 03, 2022	1838171	422	57215	0
Dec 04, 2022	1871633	469	57209	0
Dec 05, 2022	1891575	379	66969	0
Dec 06, 2022	1902565	343	77333	0
Dec 07, 2022	1943394	358	73263	0
Dec 08, 2022	1964190	489	73171	0
Dec 09, 2022	1997258	453	66273	0
Dec 10, 2022	2035560	472	55809	0
Dec 11, 2022	2050145	431	57552	0
Dec 12, 2022	2067889	411	67193	0
Dec 13, 2022	2098540	335	76943	0
Dec 14, 2022	2115899	359	79020	0
Dec 15, 2022	2137355	550	73507	0
Dec 16, 2022	2176186	468	70037	0
Dec 17, 2022	2223251	472	58881	0
Dec 18, 2022	2249921	456	59025	0
Dec 19, 2022	2231930	315	69129	0
Dec 20, 2022	2255992	288	76332	0
Dec 21, 2022	2265290	297	77127	0
Dec 22, 2022	2280257	326	72508	0
Dec 23, 2022	2305177	491	63708	0
Dec 24, 2022	2347370	508	53307	0
Dec 25, 2022	2348641	493	49753	0
Dec 26, 2022	2347027	402	53757	0
Dec 27, 2022	2345280	349	69486	0
Dec 28, 2022	2377334	351	75619	0
Dec 29, 2022	2381018	388	77385	0
Dec 30, 2022	2412531	573	67694	0
Dec 31, 2022	2452393	569	57911	0
Jan 01, 2023	2476274	599	53682	0
Jan 02, 2023	2465599	505	55576	0
Jan 03, 2023	2462267	496	70263	0
Jan 04, 2023	2458635	513	73976	0
Jan 05, 2023	2475392	655	72739	0
Jan 06, 2023	2493779	590	64392	0
Jan 07, 2023	2534916	573	54454	0
Jan 08, 2023	2485810	692	56291	0
Jan 09, 2023	2494893	557	60969	0
Jan 10, 2023	2520932	473	64676	0
Jan 11, 2023	2535855	459	57619	0
Jan 12, 2023	2514482	531	54699	0
Jan 13, 2023	2492061	697	47692	0
Jan 14, 2023	2484793	549	40032	0
Jan 15, 2023	2435377	538	39032	0
Jan 16, 2023	2437053	464	44978	0
Jan 17, 2023	2437450	409	49666	0
Jan 18, 2023	2359968	484	50319	0
Jan 19, 2023	2313799	560	46920	0
Jan 20, 2023	2311598	577	44539	0
Jan 21, 2023	2346700	527	39777	0
Jan 22, 2023	2258081	545	37547	0
Jan 23, 2023	2252795	502	43639	0
Jan 24, 2023	2257545	425	46255	0
Jan 25, 2023	2256425	440	47051	0
Jan 26, 2023	2209167	567	45765	0
Jan 27, 2023	2218185	528	41629	0
Jan 28, 2023	2224765	500	35958	0
Jan 29, 2023	2212257	466	35485	0
Jan 30, 2023	2197766	403	40622	0
Jan 31, 2023	2205856	375	45945	0
Feb 01, 2023	2195091	452	44731	0
Feb 02, 2023	2143376	460	44463	0
Feb 03, 2023	2142317	545	40202	0
Feb 04, 2023	2142074	458	34365	0
Feb 05, 2023	2160449	459	34319	0
Feb 06, 2023	2143771	407	39123	0
Feb 07, 2023	2077278	353	43153	0
Feb 08, 2023	2020345	366	42485	0
Feb 09, 2023	1972085	430	41702	0
Feb 10, 2023	1966431	458	36533	0
Feb 11, 2023	1978979	443	32546	0
Feb 12, 2023	1986426	380	32418	0
Feb 13, 2023	1979907	352	38828	0
Feb 14, 2023	1959869	319	40359	0
Feb 15, 2023	1947979	310	39069	0
Feb 16, 2023	1924485	418	37845	0
Feb 17, 2023	1927002	426	37359	0
Feb 18, 2023	1942392	339	31356	0
Feb 19, 2023	1914048	341	29264	0
Feb 20, 2023	1910358	358	34542	0
Feb 21, 2023	1903804	277	37889	0
Feb 22, 2023	1884221	295	36945	0
Feb 23, 2023	1859926	363	36781	0
Feb 24, 2023	1860457	402	31135	0
Feb 25, 2023	1853811	408	28676	0
Feb 26, 2023	1866375	346	27633	0
Feb 27, 2023	1859837	297	35087	0
Feb 28, 2023	1866220	295	34039	0
Mar 01, 2023	1834987	267	29727	0
Mar 02, 2023	1822171	358	30628	0
Mar 03, 2023	1795218	303	26003	0
Mar 04, 2023	1805288	331	22810	0
Mar 05, 2023	1824641	314	22529	0
Mar 06, 2023	1813222	283	27700	0
Mar 07, 2023	1763807	315	27948	0
Mar 08, 2023	1713147	268	27362	0
Mar 09, 2023	1710346	323	26899	0
Mar 10, 2023	1693595	320	24040	0
Mar 11, 2023	1714772	408	21056	0
Mar 12, 2023	1703651	331	20009	0
Mar 13, 2023	1661429	239	25115	0
Mar 14, 2023	1589876	242	26315	0
Mar 15, 2023	1563630	244	23392	0
Mar 16, 2023	1546542	333	22994	0
Mar 17, 2023	1495356	305	20482	0
Mar 18, 2023	1462690	295	17872	0
Mar 19, 2023	1430168	284	17690	0
Mar 20, 2023	1419185	304	23371	0
Mar 21, 2023	1423581	249	22286	0
Mar 22, 2023	1390542	247	23502	0
Mar 23, 2023	1355599	249	22399	0
Mar 24, 2023	1361994	279	21181	0
Mar 25, 2023	1372211	413	18224	0
Mar 26, 2023	1369663	324	17652	0
Mar 27, 2023	1370397	322	20583	0
Mar 28, 2023	1360812	283	21045	0
Mar 29, 2023	1330634	290	22734	0
Mar 30, 2023	1298779	390	19582	0
Mar 31, 2023	1272395	320	18423	0
Apr 01, 2023	1274244	261	16570	0
Apr 02, 2023	1282362	236	15893	0
Apr 03, 2023	1278931	218	19055	0
Apr 04, 2023	1273345	275	20608	0
Apr 05, 2023	1260114	209	19721	0
Apr 06, 2023	1236815	239	17437	0
Apr 07, 2023	1236574	224	14581	0
Apr 08, 2023	1220121	247	13522	0
Apr 09, 2023	1223438	340	13321	0
Apr 10, 2023	1219218	222	15631	0
Apr 11, 2023	1217322	212	17829	0
Apr 12, 2023	1197981	194	16999	0
Apr 13, 2023	1193722	313	17337	0
Apr 14, 2023	1189415	224	14525	0
Apr 15, 2023	1194306	231	13584	0
Apr 16, 2023	1199616	251	12827	0
Apr 17, 2023	1191607	280	14950	0
Apr 18, 2023	1198589	215	15673	0
Apr 19, 2023	1184573	202	15769	0
Apr 20, 2023	1150555	213	16228	0
Apr 21, 2023	1133974	269	13911	0
Apr 22, 2023	1131022	298	12411	0
Apr 23, 2023	1139402	170	12335	0
Apr 24, 2023	1139973	167	13011	0
Apr 25, 2023	1145761	150	15906	0
Apr 26, 2023	1124674	208	12473	0
Apr 27, 2023	1131240	178	12001	0
Apr 28, 2023	1126902	181	10964	0
Apr 29, 2023	1125771	172	9664	0
Apr 30, 2023	1124534	145	8931	0
May 01, 2023	1120877	176	11368	0
May 02, 2023	1108041	127	12566	0
May 03, 2023	1068272	140	12348	0
May 04, 2023	1042590	131	10800	0
May 05, 2023	1043652	148	10040	0
May 06, 2023	1051765	173	8693	0
May 07, 2023	1044514	118	8053	0
May 08, 2023	1042271	125	10345	0
May 09, 2023	1049445	124	10574	0
May 10, 2023	1041573	129	9536	0
May 11, 2023	1033025	160	8793	0
May 12, 2023	1037363	141	9096	0
May 13, 2023	1041967	131	8995	0
May 14, 2023	1043271	134	9488	0
May 15, 2023	1024378	136	10392	0
May 16, 2023	1025201	194	10207	0
May 17, 2023	987424	132	9580	0
May 18, 2023	979553	129	9498	0
May 19, 2023	897357	129	7951	0
May 20, 2023	816154	151	6181	0
May 21, 2023	813457	128	6716	0
May 22, 2023	818501	127	8305	0
May 23, 2023	811150	118	8266	0
May 24, 2023	806817	110	7507	0
May 25, 2023	784600	143	8532	0
May 26, 2023	776875	100	7018	0
May 27, 2023	782516	115	5839	0
May 28, 2023	772029	110	5692	0
May 29, 2023	772991	102	6311	0
May 30, 2023	770733	130	8007	0
May 31, 2023	759719	105	8544	0
Jun 01, 2023	757778	105	7913	0
Jun 02, 2023	761204	99	7257	0
Jun 03, 2023	763781	104	6185	0
Jun 04, 2023	731605	116	6007	0
Jun 05, 2023	721324	92	7795	0
Jun 06, 2023	724333	85	7835	0
Jun 07, 2023	720779	96	6838	0
Jun 08, 2023	712448	112	6630	0
Jun 09, 2023	713809	104	6614	0
Jun 10, 2023	717636	95	4986	0
Jun 11, 2023	715823	94	4791	0
Jun 12, 2023	713546	83	7641	0
Jun 13, 2023	716503	92	6979	0
Jun 14, 2023	719052	100	6672	0
Jun 15, 2023	721294	73	6106	0
Jun 16, 2023	721091	90	5581	0
Jun 17, 2023	706496	90	4823	0
Jun 18, 2023	705857	80	4887	0
Jun 19, 2023	704431	94	5993	0
Jun 20, 2023	708353	73	6800	0
Jun 21, 2023	696027	89	7622	0
Jun 22, 2023	689587	85	7162	0
Jun 23, 2023	689206	79	6644	0
Jun 24, 2023	691687	89	5688	0
Jun 25, 2023	691871	79	6830	0
Jun 26, 2023	694596	64	7655	0
Jun 27, 2023	695880	67	7661	0
Jun 28, 2023	698664	72	7010	0
Jun 29, 2023	695667	83	7414	0
Jun 30, 2023	696491	59	6650	0
Jul 01, 2023	698378	67	5510	0
Jul 02, 2023	699598	87	5782	0
Jul 03, 2023	697438	77	6794	0
Jul 04, 2023	698560	78	5931	0
Jul 05, 2023	691496	65	6958	0
Jul 06, 2023	687275	76	7498	0
Jul 07, 2023	690161	86	7272	0
Jul 08, 2023	693322	78	5916	0
Jul 09, 2023	691939	85	6274	0
Jul 10, 2023	694451	64	7659	0
Jul 11, 2023	698330	63	7854	0
Jul 12, 2023	699692	61	7699	0
Jul 13, 2023	699340	68	8415	0
Jul 14, 2023	703020	75	7260	0
Jul 15, 2023	699276	125	6829	0
Jul 16, 2023	702336	113	7781	0
Jul 17, 2023	706134	124	8664	0
Jul 18, 2023	711027	108	9435	0
Jul 19, 2023	711565	120	9858	0
Jul 20, 2023	712128	118	9417	0
Jul 21, 2023	717267	108	9321	0
Jul 22, 2023	722257	120	8452	0
Jul 23, 2023	726466	112	8813	0
Jul 24, 2023	731190	128	9867	0
Jul 25, 2023	735027	116	9569	0
Jul 26, 2023	736273	180	11102	0
Jul 27, 2023	739527	116	12276	0
Jul 28, 2023	748093	119	11386	0
Jul 29, 2023	755833	109	10328	0
Jul 30, 2023	759325	107	11838	0
Jul 31, 2023	765615	123	12227	0
Aug 01, 2023	773296	108	13483	0
Aug 02, 2023	777816	114	13043	0
Aug 03, 2023	782301	114	13962	0
Aug 04, 2023	792045	112	13607	0
Aug 05, 2023	800028	87	12835	0
Aug 06, 2023	808195	79	12293	0
Aug 07, 2023	814272	88	15396	0
Aug 08, 2023	824855	78	16003	0
Aug 09, 2023	824472	79	16037	0
Aug 10, 2023	797530	96	16677	0
Aug 11, 2023	801483	92	15896	0
Aug 12, 2023	811145	98	14732	0
Aug 13, 2023	820325	102	14400	0
Aug 14, 2023	829078	87	18317	0
Aug 15, 2023	841299	87	18758	0
Aug 16, 2023	843881	104	20178	0
Aug 17, 2023	857526	102	22227	0
Aug 18, 2023	874005	102	20737	0
Aug 19, 2023	883746	101	19065	0
Aug 20, 2023	895982	93	19207	0
Aug 21, 2023	910076	87	23244	0
Aug 22, 2023	925397	91	24588	0
Aug 23, 2023	932745	85	25497	0
Aug 24, 2023	948415	88	25727	0
Aug 25, 2023	960432	90	23916	0
Aug 26, 2023	976152	124	21216	0
Aug 27, 2023	990179	99	21572	0
Aug 28, 2023	1002310	120	27236	0
Aug 29, 2023	1022428	100	26216	0
Aug 30, 2023	1028442	106	26182	0
Aug 31, 2023	1034969	95	26811	0
Sep 01, 2023	1046559	118	25201	0
Sep 02, 2023	1063127	123	21935	0
Sep 03, 2023	1077209	114	21109	0
Sep 04, 2023	1090785	109	21638	0
Sep 05, 2023	1100990	107	26912	0
Sep 06, 2023	1099161	117	28333	0
Sep 07, 2023	1109927	126	29688	0
Sep 08, 2023	1129916	118	25322	0
Sep 09, 2023	1137955	147	21321	0
Sep 10, 2023	1141772	131	21860	0
Sep 11, 2023	1152235	124	24341	0
Sep 12, 2023	1161081	125	23513	0
Sep 13, 2023	1164158	131	24157	0
Sep 14, 2023	1168411	149	22892	0
Sep 15, 2023	1172557	137	20888	0
Sep 16, 2023	1182628	134	18309	0
Sep 17, 2023	1183596	134	19490	0
Sep 18, 2023	1182244	128	21147	0
Sep 19, 2023	1187711	139	19489	0
Sep 20, 2023	1184575	131	20551	0
Sep 21, 2023	1175360	133	20829	0
Sep 22, 2023	1177110	119	18710	0
Sep 23, 2023	1180431	117	17074	0
Sep 24, 2023	1183311	166	17577	0
Sep 25, 2023	1179690	127	18134	0
Sep 26, 2023	1179657	122	18373	0
Sep 27, 2023	1169890	122	20367	0
Sep 28, 2023	1156143	127	17988	0
Sep 29, 2023	1145064	160	18058	0
Sep 30, 2023	1128659	136	15014	0
Oct 01, 2023	1122558	127	14891	0
Oct 02, 2023	1122086	127	15620	0
Oct 03, 2023	1119565	135	15384	0
Oct 04, 2023	1109200	134	15982	0
Oct 05, 2023	1093031	138	14869	0
Oct 06, 2023	1083708	134	14783	0
Oct 07, 2023	1077429	139	12347	0
Oct 08, 2023	1076454	142	12647	0
Oct 09, 2023	1072211	120	13282	0
Oct 10, 2023	1064473	115	12590	0
Oct 11, 2023	1053925	115	14755	0
Oct 12, 2023	1035789	144	14110	0
Oct 13, 2023	1032004	136	12982	0
Oct 14, 2023	1033314	114	11645	0
Oct 15, 2023	1032947	129	11450	0
Oct 16, 2023	1031771	132	13530	0
Oct 17, 2023	1025775	128	13156	0
Oct 18, 2023	1018596	139	12551	0
Oct 19, 2023	1008363	130	13826	0
Oct 20, 2023	1001271	120	12204	0
Oct 21, 2023	997881	117	11317	0
Oct 22, 2023	1000703	99	11621	0
Oct 23, 2023	1001286	138	12817	0
Oct 24, 2023	1002923	94	13836	0
Oct 25, 2023	997196	92	13231	0
Oct 26, 2023	982509	128	13535	0
Oct 27, 2023	971366	147	12153	0
Oct 28, 2023	971980	113	11194	0
Oct 29, 2023	976123	114	10920	0
Oct 30, 2023	981701	116	14070	0
Oct 31, 2023	989406	111	12000	0
Nov 01, 2023	973658	128	13004	0
Nov 02, 2023	958201	132	13232	0
Nov 03, 2023	950178	131	12291	0
Nov 04, 2023	955634	114	11498	0
Nov 05, 2023	961425	123	11038	0
Nov 06, 2023	963544	141	12926	0
Nov 07, 2023	969116	122	13744	0
Nov 08, 2023	963934	133	14404	0
Nov 09, 2023	961356	136	15070	0
Nov 10, 2023	958495	124	13493	0
Nov 11, 2023	965502	133	12376	0
Nov 12, 2023	973022	107	12552	0
Nov 13, 2023	979897	97	14652	0
Nov 14, 2023	987485	100	14697	0
Nov 15, 2023	973344	98	15121	0
Nov 16, 2023	973815	116	16129	0
Nov 17, 2023	986328	119	14367	0
Nov 18, 2023	988840	98	12614	0
Nov 19, 2023	984892	113	12856	0
Nov 20, 2023	982949	100	13464	0
Nov 21, 2023	973535	122	16202	0
Nov 22, 2023	968150	115	14676	0
Nov 23, 2023	968044	120	14048	0
Nov 24, 2023	971339	119	13412	0
Nov 25, 2023	979881	145	11870	0
Nov 26, 2023	987130	151	13155	0
Nov 27, 2023	986433	123	16334	0
Nov 28, 2023	999087	131	17639	0
Nov 29, 2023	987218	121	19350	0
Nov 30, 2023	988397	153	20154	0
Dec 01, 2023	995356	145	17953	0
Dec 02, 2023	1007363	137	17059	0
Dec 03, 2023	1017196	135	17346	0
Dec 04, 2023	1017329	131	18462	0
Dec 05, 2023	1027074	124	20602	0
Dec 06, 2023	1029142	154	21905	0
Dec 07, 2023	1026766	164	22118	0
Dec 08, 2023	1033751	133	20147	0
Dec 09, 2023	1048179	149	19184	0
Dec 10, 2023	1061794	141	18685	0
Dec 11, 2023	1072597	132	21595	0
Dec 12, 2023	1084119	126	22500	0
Dec 13, 2023	1072827	152	24933	0
Dec 14, 2023	1075095	151	22683	0
Dec 15, 2023	1085229	165	24145	0
Dec 16, 2023	1101236	165	21884	0
Dec 17, 2023	1117144	139	22176	0
Dec 18, 2023	1132987	121	26118	0
Dec 19, 2023	1148711	126	25394	0
Dec 20, 2023	1143883	109	30502	0
Dec 21, 2023	1148659	166	26672	0
Dec 22, 2023	1163749	148	25106	0
Dec 23, 2023	1186134	154	22361	0
Dec 24, 2023	1196138	169	20185	0
Dec 25, 2023	1210630	129	21696	0
Dec 26, 2023	1217143	153	24735	0
Dec 27, 2023	1232300	147	26944	0
Dec 28, 2023	1216958	213	32822	0
Dec 29, 2023	1236622	184	27771	0
Dec 30, 2023	1253145	205	26109	0
Dec 31, 2023	1273200	198	23916	0
Jan 01, 2024	1282671	164	23773	0
Jan 02, 2024	1297731	165	29086	0
Jan 03, 2024	1284091	223	29243	0
Jan 04, 2024	1282063	230	30723	0
Jan 05, 2024	1283432	212	26950	0
Jan 06, 2024	1296489	202	25888	0
Jan 07, 2024	1313968	209	24656	0
Jan 08, 2024	1331330	178	31280	0
Jan 09, 2024	1351899	159	26016	0
Jan 10, 2024	1334003	172	29517	0
Jan 11, 2024	1328141	259	28689	0
Jan 12, 2024	1345780	221	24770	0
Jan 13, 2024	1336365	218	21764	0
Jan 14, 2024	1352874	214	20340	0
Jan 15, 2024	1369122	175	24772	0
Jan 16, 2024	1378131	164	23189	0
Jan 17, 2024	1364215	213	24690	0
Jan 18, 2024	1351777	204	22712	0
Jan 19, 2024	1356853	234	21029	0
Jan 20, 2024	1372059	212	18975	0
Jan 21, 2024	1376997	214	18592	0
Jan 22, 2024	1385331	177	21785	0
Jan 23, 2024	1388724	158	21729	0
Jan 24, 2024	1359979	218	21786	0
Jan 25, 2024	1351106	201	22824	0
Jan 26, 2024	1357396	199	19662	0
Jan 27, 2024	1372337	188	17079	0
Jan 28, 2024	1372053	156	18847	0
Jan 29, 2024	1380390	168	20070	0
Jan 30, 2024	1383451	158	20086	0
Jan 31, 2024	1373379	160	21696	0
Feb 01, 2024	1362221	175	20443	0
Feb 02, 2024	1377366	157	18565	0
Feb 03, 2024	1367052	145	16472	0
Feb 04, 2024	1379997	150	16689	0
Feb 05, 2024	1388864	158	17406	0
Feb 06, 2024	1397074	122	20991	0
Feb 07, 2024	1349643	115	19114	0
Feb 08, 2024	1359613	180	18777	0
Feb 09, 2024	1371269	125	17956	0
Feb 10, 2024	1382558	110	14580	0
Feb 11, 2024	1370590	112	14901	0
Feb 12, 2024	1331785	99	18488	0
Feb 13, 2024	1295376	82	16921	0
Feb 14, 2024	1276501	90	16996	0
Feb 15, 2024	1245195	93	16177	0
Feb 16, 2024	1192432	101	14752	0
Feb 17, 2024	1191843	138	12627	0
Feb 18, 2024	1186464	156	11937	0
Feb 19, 2024	1179390	117	13586	0
Feb 20, 2024	1183735	109	14701	0
Feb 21, 2024	1172206	108	14542	0
Feb 22, 2024	1167790	139	14640	0
Feb 23, 2024	1170933	111	13583	0
Feb 24, 2024	1174786	118	10894	0
Feb 25, 2024	1181018	116	10864	0
Feb 26, 2024	1179107	104	13194	0
Feb 27, 2024	1153725	90	11910	0
Feb 28, 2024	1111808	94	12421	0
Feb 29, 2024	1102044	101	11289	0
Mar 01, 2024	1091689	86	10427	0
Mar 02, 2024	1087970	70	8371	0
Mar 03, 2024	1086231	102	8321	0
Mar 04, 2024	1079693	72	9768	0
Mar 05, 2024	1077684	71	8861	0
Mar 06, 2024	1046585	65	9391	0
Mar 07, 2024	1041030	102	8664	0
Mar 08, 2024	1027382	84	7380	0
Mar 09, 2024	1033358	61	6328	0
Mar 10, 2024	1036670	59	6163	0
Mar 11, 2024	1035225	59	6951	0
Mar 12, 2024	1028903	49	6514	0
Mar 13, 2024	998201	53	6354	0
Mar 14, 2024	986662	68	5874	0
Mar 15, 2024	967479	40	5550	0
Mar 16, 2024	971373	18	3587	0
Mar 17, 2024	973381	3	3255	0
Mar 18, 2024	950993	3	4276	0
Mar 19, 2024	951106	1	4382	0
Mar 20, 2024	917349	NA	2151	0
Mar 21, 2024	908989	NA	1591	0
Mar 22, 2024	882218	NA	896	0
Mar 23, 2024	881785	NA	754	0
Mar 24, 2024	871667	NA	NA	NA
