Dates	Active	Deaths	Newcases	recover
Feb 15, 2020	0	0	2	0
Feb 16, 2020	0	0	0	0
Feb 17, 2020	0	0	23	0
Feb 18, 2020	0	1	21	0
Feb 19, 2020	0	2	29	0
Feb 20, 2020	0	0	0	0
Feb 21, 2020	0	1	31	0
Feb 22, 2020	0	1	0	0
Feb 23, 2020	0	0	48	0
Feb 24, 2020	0	1	4	0
Feb 25, 2020	0	0	27	0
Feb 26, 2020	0	0	28	0
Feb 27, 2020	0	0	21	0
Feb 28, 2020	0	0	0	0
Feb 29, 2020	0	0	66	0
Mar 01, 2020	0	1	0	0
Mar 02, 2020	0	0	16	0
Mar 03, 2020	0	1	18	0
Mar 04, 2020	0	0	12	0
Mar 05, 2020	0	0	0	0
Mar 06, 2020	0	0	36	0
Mar 07, 2020	0	1	14	0
Mar 08, 2020	0	0	6	0
Mar 09, 2020	0	2	9	0
Mar 10, 2020	0	0	9	0
Mar 11, 2020	0	0	32	0
Mar 12, 2020	0	0	0	0
Mar 13, 2020	4	0	17	0
Mar 14, 2020	6	2	21	0
Mar 15, 2020	6	1	18	0
Mar 16, 2020	29	0	-29	0
Mar 17, 2020	50	0	9	0
Mar 18, 2020	79	2	1	0
Mar 19, 2020	79	0	9	6
Mar 20, 2020	110	0	0	2
Mar 21, 2020	110	0	15	0
Mar 22, 2020	158	0	0	3
Mar 23, 2020	162	0	18	6
Mar 24, 2020	189	0	8	5
Mar 25, 2020	217	0	6	0
Mar 26, 2020	238	1	0	21
Mar 27, 2020	238	0	14	18
Mar 28, 2020	303	1	0	14
Mar 29, 2020	303	0	33	81
Mar 30, 2020	294	0	10	0
Mar 31, 2020	296	0	14	78
Apr 01, 2020	286	0	5	101
Apr 02, 2020	284	0	18	92
Apr 03, 2020	296	0	5	101
Apr 04, 2020	302	1	4	90
Apr 05, 2020	296	0	3	110
Apr 06, 2020	286	0	2	170
Apr 07, 2020	267	0	13	217
Apr 08, 2020	257	0	3	159
Apr 09, 2020	257	0	11	297
Apr 10, 2020	260	2	10	293
Apr 11, 2020	273	0	8	195
Apr 12, 2020	274	0	5	308
Apr 13, 2020	227	0	4	279
Apr 14, 2020	224	0	6	291
Apr 15, 2020	212	0	2	362
Apr 16, 2020	207	0	5	322
Apr 17, 2020	207	0	8	414
Apr 18, 2020	210	0	1	303
Apr 19, 2020	209	1	1	338
Apr 20, 2020	212	0	3	293
Apr 21, 2020	207	0	1	417
Apr 22, 2020	200	0	8	418
Apr 23, 2020	200	0	3	523
Apr 24, 2020	182	0	4	419
Apr 25, 2020	182	0	11	278
Apr 26, 2020	212	0	5	303
Apr 27, 2020	216	0	18	383
Apr 28, 2020	219	0	2	347
Apr 29, 2020	216	0	14	523
Apr 30, 2020	209	0	8	438
May 01, 2020	196	0	5	554
May 02, 2020	195	0	5	469
May 03, 2020	196	0	2	374
May 04, 2020	193	1	2	295
May 05, 2020	185	0	1	479
May 06, 2020	170	0	2	475
May 07, 2020	175	0	4	496
May 08, 2020	170	1	2	507
May 09, 2020	171	0	11	445
May 10, 2020	171	0	0	493
May 11, 2020	169	0	0	520
May 12, 2020	166	1	1	740
May 13, 2020	155	0	1	790
May 14, 2020	158	0	0	959
May 15, 2020	160	0	0	1400
May 16, 2020	156	1	0	1199
May 17, 2020	150	0	1	952
May 18, 2020	148	0	0	1342
May 19, 2020	139	1	1	997
May 20, 2020	138	0	0	1488
May 21, 2020	135	0	1	1350
May 22, 2020	130	0	3	1204
May 23, 2020	126	0	6	1602
May 24, 2020	129	1	17	1154
May 25, 2020	136	0	6	1613
May 26, 2020	129	0	3	2625
May 27, 2020	131	0	17	2610
May 28, 2020	135	0	5	2448
May 29, 2020	114	1	12	1833
May 30, 2020	117	1	5	2296
May 31, 2020	116	0	5	2219
Jun 01, 2020	113	0	3	0
Jun 02, 2020	112	0	4	41227
Jun 03, 2020	107	1	7	4575
Jun 04, 2020	100	0	4	4883
Jun 05, 2020	90	1	5	0
Jun 06, 2020	96	0	3	0
Jun 07, 2020	92	0	1	0
Jun 08, 2020	84	0	4	0
Jun 09, 2020	69	1	5	0
Jun 10, 2020	66	0	9	30813
Jun 11, 2020	52	0	3	4914
Jun 12, 2020	44	0	8	5938
Jun 13, 2020	40	0	1	6408
Jun 14, 2020	37	1	1	5088
Jun 15, 2020	33	0	2	7440
Jun 16, 2020	24	0	8	0
Jun 17, 2020	15	0	12	30209
Jun 18, 2020	12	0	17	5050
Jun 19, 2020	15	0	11	5118
Jun 20, 2020	19	1	7	3960
Jun 21, 2020	37	0	10	4828
Jun 22, 2020	42	1	10	5173
Jun 23, 2020	45	0	32	4523
Jun 24, 2020	61	0	21	4234
Jun 25, 2020	63	0	24	4104
Jun 26, 2020	75	0	25	4624
Jun 27, 2020	80	0	8	4155
Jun 28, 2020	84	0	18	3944
Jun 29, 2020	83	0	10	5075
Jun 30, 2020	85	0	16	4214
Jul 01, 2020	90	0	19	3804
Jul 02, 2020	91	1	6	4096
Jul 03, 2020	87	0	21	4102
Jul 04, 2020	87	0	14	3587
Jul 05, 2020	79	2	8	3339
Jul 06, 2020	73	0	5	3874
Jul 07, 2020	71	0	9	3458
Jul 08, 2020	74	1	9	3219
Jul 09, 2020	70	1	9	3131
Jul 10, 2020	70	0	7	3061
Jul 11, 2020	60	0	10	2788
Jul 12, 2020	60	0	18	2654
Jul 13, 2020	55	1	11	2664
Jul 14, 2020	61	0	21	2865
Jul 15, 2020	69	0	8	3216
Jul 16, 2020	78	0	16	1513
Jul 17, 2020	88	1	12	2635
Jul 18, 2020	90	0	13	2345
Jul 19, 2020	99	0	6	2198
Jul 20, 2020	104	0	17	2824
Jul 21, 2020	134	0	28	2425
Jul 22, 2020	149	0	8	2190
Jul 23, 2020	167	1	13	2265
Jul 24, 2020	186	0	10	2473
Jul 25, 2020	193	0	5	1926
Jul 26, 2020	210	0	6	1859
Jul 27, 2020	216	0	6	2378
Jul 28, 2020	225	0	3	2225
Jul 29, 2020	235	0	7	2071
Jul 30, 2020	230	0	8	1699
Jul 31, 2020	235	0	5	2180
Aug 01, 2020	239	0	14	1904
Aug 02, 2020	239	0	15	1565
Aug 03, 2020	232	0	10	2354
Aug 04, 2020	215	0	16	1961
Aug 05, 2020	207	1	15	1877
Aug 06, 2020	202	0	10	2000
Aug 07, 2020	193	0	17	1965
Aug 08, 2020	186	0	16	1693
Aug 09, 2020	191	0	10	1516
Aug 10, 2020	181	0	14	2199
Aug 11, 2020	191	1	19	1878
Aug 12, 2020	193	0	29	1712
Aug 13, 2020	192	0	18	1906
Aug 14, 2020	201	0	14	1914
Aug 15, 2020	202	0	7	1877
Aug 16, 2020	202	0	28	1557
Aug 17, 2020	212	1	4	2055
Aug 18, 2020	226	0	15	1845
Aug 19, 2020	225	0	29	1778
Aug 20, 2020	223	0	20	1834
Aug 21, 2020	225	0	14	1833
Aug 22, 2020	215	0	14	1449
Aug 23, 2020	209	0	13	1285
Aug 24, 2020	196	1	10	1999
Aug 25, 2020	184	0	7	1805
Aug 26, 2020	178	0	12	1654
Aug 27, 2020	175	0	13	1530
Aug 28, 2020	161	1	8	1731
Aug 29, 2020	162	0	31	1401
Aug 30, 2020	163	1	10	1295
Aug 31, 2020	142	0	2	1911
Sep 01, 2020	148	0	23	1893
Sep 02, 2020	149	0	13	1726
Sep 03, 2020	155	0	15	1839
Sep 04, 2020	162	0	36	1719
Sep 05, 2020	165	0	25	1432
Sep 06, 2020	175	0	23	1318
Sep 07, 2020	182	1	10	2013
Sep 08, 2020	191	1	22	1825
Sep 09, 2020	218	0	29	1801
Sep 10, 2020	230	0	20	1708
Sep 11, 2020	238	0	25	1855
Sep 12, 2020	233	0	17	1407
Sep 13, 2020	250	1	26	1399
Sep 14, 2020	239	0	19	2219
Sep 15, 2020	237	1	24	1909
Sep 16, 2020	252	2	51	2075
Sep 17, 2020	248	1	29	2053
Sep 18, 2020	241	0	33	2120
Sep 19, 2020	246	1	51	1645
Sep 20, 2020	250	1	30	1365
Sep 21, 2020	247	1	29	2065
Sep 22, 2020	243	0	63	1989
Sep 23, 2020	238	0	40	1711
Sep 24, 2020	233	0	38	1704
Sep 25, 2020	210	0	58	4390
Sep 26, 2020	235	1	48	1429
Sep 27, 2020	233	0	44	2113
Sep 28, 2020	208	0	21	1764
Sep 29, 2020	214	1	44	1842
Sep 30, 2020	207	0	65	1700
Oct 01, 2020	204	1	63	1839
Oct 02, 2020	225	0	38	1402
Oct 03, 2020	243	1	42	1165
Oct 04, 2020	253	2	25	1981
Oct 05, 2020	245	1	16	1580
Oct 06, 2020	250	0	31	1436
Oct 07, 2020	267	1	49	1617
Oct 08, 2020	273	0	64	1665
Oct 09, 2020	285	0	61	1275
Oct 10, 2020	288	2	71	1093
Oct 11, 2020	302	0	73	1638
Oct 12, 2020	312	1	46	1619
Oct 13, 2020	299	1	60	1558
Oct 14, 2020	330	1	80	1582
Oct 15, 2020	341	0	95	1531
Oct 16, 2020	357	1	88	1337
Oct 17, 2020	398	1	74	1033
Oct 18, 2020	375	1	73	1265
Oct 19, 2020	388	1	74	1767
Oct 20, 2020	429	2	104	1613
Oct 21, 2020	438	0	88	1517
Oct 22, 2020	444	0	81	1425
Oct 23, 2020	465	1	100	1246
Oct 24, 2020	453	1	87	1123
Oct 25, 2020	447	1	135	1698
Oct 26, 2020	407	3	64	1481
Oct 27, 2020	407	1	107	1395
Oct 28, 2020	445	3	118	1295
Oct 29, 2020	483	0	129	1350
Oct 30, 2020	492	1	186	1118
Oct 31, 2020	506	1	208	1031
Nov 01, 2020	489	3	205	1591
Nov 02, 2020	447	3	141	1508
Nov 03, 2020	408	4	167	1503
Nov 04, 2020	414	3	201	1218
Nov 05, 2020	434	4	230	1340
Nov 06, 2020	456	5	276	1054
Nov 07, 2020	477	5	234	1079
Nov 08, 2020	509	0	338	1727
Nov 09, 2020	505	1	202	1473
Nov 10, 2020	524	8	301	1313
Nov 11, 2020	559	7	298	1343
Nov 12, 2020	629	8	383	1353
Nov 13, 2020	684	4	362	1170
Nov 14, 2020	718	11	331	1052
Nov 15, 2020	732	2	528	1632
Nov 16, 2020	753	8	321	1529
Nov 17, 2020	792	6	389	1366
Nov 18, 2020	824	7	475	1319
Nov 19, 2020	829	12	543	1332
Nov 20, 2020	861	8	514	1150
Nov 21, 2020	874	3	607	1027
Nov 22, 2020	949	7	491	1557
Nov 23, 2020	928	6	429	1393
Nov 24, 2020	971	4	524	1401
Nov 25, 2020	992	10	709	1377
Nov 26, 2020	1022	9	747	1486
Nov 27, 2020	1122	8	391	1140
Nov 28, 2020	1251	8	370	1070
Nov 29, 2020	1373	6	510	1683
Nov 30, 2020	1423	7	578	1501
Dec 01, 2020	1463	6	656	1446
Dec 02, 2020	1561	5	518	1400
Dec 03, 2020	1668	11	639	1410
Dec 04, 2020	1825	7	634	1190
Dec 05, 2020	1938	13	522	1036
Dec 06, 2020	2159	8	548	1787
Dec 07, 2020	2182	11	603	1766
Dec 08, 2020	2305	6	678	1683
Dec 09, 2020	2453	11	944	1677
Dec 10, 2020	2650	17	759	1665
Dec 11, 2020	2818	3	532	1420
Dec 12, 2020	2934	9	635	1227
Dec 13, 2020	3258	14	1212	2044
Dec 14, 2020	3341	11	715	1589
Dec 15, 2020	3425	6	945	1893
Dec 16, 2020	3649	8	629	1884
Dec 17, 2020	3925	10	1514	1912
Dec 18, 2020	4142	6	957	1664
Dec 19, 2020	4441	5	723	1533
Dec 20, 2020	4602	8	709	2334
Dec 21, 2020	4670	9	485	2222
Dec 22, 2020	4754	11	583	2039
Dec 23, 2020	5008	12	848	1980
Dec 24, 2020	5282	2	698	2054
Dec 25, 2020	5226	3	1178	1805
Dec 26, 2020	5224	9	797	1783
Dec 27, 2020	5204	7	666	2672
Dec 28, 2020	5180	9	408	2400
Dec 29, 2020	5288	10	639	2425
Dec 30, 2020	5310	8	648	2144
Dec 31, 2020	5470	3	559	1915
Jan 01, 2021	5570	6	642	2535
Jan 02, 2021	5482	2	652	2474
Jan 03, 2021	5494	6	557	3728
Jan 04, 2021	5676	5	390	3088
Jan 05, 2021	5968	7	539	3115
Jan 06, 2021	6287	5	548	2675
Jan 07, 2021	6478	5	589	2735
Jan 08, 2021	6422	6	499	3088
Jan 09, 2021	6354	5	509	3022
Jan 10, 2021	6917	9	499	4823
Jan 11, 2021	7084	5	339	4156
Jan 12, 2021	7478	3	503	4216
Jan 13, 2021	7467	4	625	4112
Jan 14, 2021	8024	6	476	3991
Jan 15, 2021	8232	2	574	3416
Jan 16, 2021	8235	5	631	2859
Jan 17, 2021	8157	3	450	4566
Jan 18, 2021	7926	6	451	4157
Jan 19, 2021	7706	7	365	4106
Jan 20, 2021	7840	7	483	3942
Jan 21, 2021	7718	6	544	4289
Jan 22, 2021	8091	8	625	3515
Jan 23, 2021	8053	6	786	3111
Jan 24, 2021	7987	7	652	4892
Jan 25, 2021	7508	8	495	4341
Jan 26, 2021	7418	12	663	4236
Jan 27, 2021	7323	5	901	4091
Jan 28, 2021	7166	6	821	4167
Jan 29, 2021	6958	9	847	3280
Jan 30, 2021	6836	14	820	2817
Jan 31, 2021	6619	5	632	4573
Feb 01, 2021	6149	8	595	3871
Feb 02, 2021	6036	15	582	3651
Feb 03, 2021	5931	9	903	3723
Feb 04, 2021	5917	11	871	3506
Feb 05, 2021	5858	16	984	2716
Feb 06, 2021	5862	16	1081	2339
Feb 07, 2021	5845	19	827	4400
Feb 08, 2021	5476	16	863	3611
Feb 09, 2021	5375	16	827	3391
Feb 10, 2021	5493	13	957	3390
Feb 11, 2021	5304	19	1233	3519
Feb 12, 2021	5335	26	1357	2983
Feb 13, 2021	5421	14	1059	2482
Feb 14, 2021	5485	13	1558	4060
Feb 15, 2021	5333	25	1171	3688
Feb 16, 2021	5119	21	908	3692
Feb 17, 2021	5174	35	1368	3359
Feb 18, 2021	5218	32	1678	3338
Feb 19, 2021	5416	30	1585	2821
Feb 20, 2021	5713	30	1522	2557
Feb 21, 2021	5976	45	1614	3999
Feb 22, 2021	5882	45	2693	3543
Feb 23, 2021	5873	40	2264	3619
Feb 24, 2021	6248	44	2699	3413
Feb 25, 2021	6604	88	2369	3654
Feb 26, 2021	6929	51	2169	3124
Feb 27, 2021	7293	48	2136	2721
Feb 28, 2021	7347	71	1539	4639
Mar 01, 2021	7354	62	2178	3939
Mar 02, 2021	7189	52	2877	3968
Mar 03, 2021	7472	79	3088	3990
Mar 04, 2021	7702	62	2639	4124
Mar 05, 2021	7873	60	3380	3634
Mar 06, 2021	8190	60	2336	3351
Mar 07, 2021	8325	63	3853	5641
Mar 08, 2021	8404	51	2201	4841
Mar 09, 2021	8462	61	3105	4817
Mar 10, 2021	8672	77	3924	4822
Mar 11, 2021	9261	67	3670	5159
Mar 12, 2021	9758	56	7289	4509
Mar 13, 2021	9896	43	3434	3947
Mar 14, 2021	10462	65	3262	6122
Mar 15, 2021	10536	61	2531	5635
Mar 16, 2021	10461	45	2257	5720
Mar 17, 2021	10923	66	2659	5459
Mar 18, 2021	11575	53	4410	5956
Mar 19, 2021	12126	53	3070	5116
Mar 20, 2021	12479	55	2831	4557
Mar 21, 2021	13015	72	2344	7417
Mar 22, 2021	14436	65	2289	6501
Mar 23, 2021	15295	57	2294	6546
Mar 24, 2021	16762	54	3274	6228
Mar 25, 2021	17787	60	3290	6760
Mar 26, 2021	18517	50	3646	5772
Mar 27, 2021	18936	40	2789	5190
Mar 28, 2021	18924	49	2539	8099
Mar 29, 2021	19246	37	2484	7232
Mar 30, 2021	20070	44	2747	6962
Mar 31, 2021	21195	66	2931	6864
Apr 01, 2021	21979	51	2707	7488
Apr 02, 2021	23488	50	2694	5833
Apr 03, 2021	23798	40	2480	5028
Apr 04, 2021	27621	62	1584	8481
Apr 05, 2021	24770	57	1628	7163
Apr 06, 2021	25309	60	2826	6834
Apr 07, 2021	26919	53	2921	7592
Apr 08, 2021	28141	69	3582	5879
Apr 09, 2021	32342	51	2697	5895
Apr 10, 2021	35532	60	2654	5443
Apr 11, 2021	32903	51	1883	8509
Apr 12, 2021	32515	51	2187	7383
Apr 13, 2021	31302	49	2977	6918
Apr 14, 2021	31054	44	2255	6748
Apr 15, 2021	32136	61	3799	6900
Apr 16, 2021	31662	49	3305	5913
Apr 17, 2021	31216	37	2873	4953
Apr 18, 2021	29919	63	2433	7785
Apr 19, 2021	28758	66	2394	6799
Apr 20, 2021	27715	52	3120	6589
Apr 21, 2021	27969	66	3339	6555
Apr 22, 2021	28267	56	4576	6564
Apr 23, 2021	28749	67	4599	5452
Apr 24, 2021	28374	57	3469	4631
Apr 25, 2021	28050	52	3089	7248
Apr 26, 2021	27398	57	2790	6539
Apr 27, 2021	27012	67	3971	6006
Apr 28, 2021	28123	46	4576	5778
Apr 29, 2021	28206	44	3937	6042
Apr 30, 2021	27989	50	4207	5109
May 01, 2021	27489	39	3593	4237
May 02, 2021	25999	41	3316	6603
May 03, 2021	24541	53	3015	5666
May 04, 2021	24605	31	3503	5401
May 05, 2021	25230	32	3518	4928
May 06, 2021	25971	55	2887	5350
May 07, 2021	25961	34	4079	4381
May 08, 2021	25979	30	4213	3979
May 09, 2021	25447	45	3832	6445
May 10, 2021	24735	34	2248	5492
May 11, 2021	25554	24	4195	5452
May 12, 2021	25928	39	3427	5331
May 13, 2021	27216	34	3622	5626
May 14, 2021	27786	27	3457	4658
May 15, 2021	27990	20	2986	4222
May 16, 2021	27715	30	2043	7083
May 17, 2021	27334	34	2305	6091
May 18, 2021	27870	35	2797	6026
May 19, 2021	29138	26	2900	5692
May 20, 2021	30973	23	2147	6406
May 21, 2021	32777	21	2716	5367
May 22, 2021	33411	26	1999	4987
May 23, 2021	33696	22	1488	7984
May 24, 2021	33325	24	1517	6958
May 25, 2021	34257	23	2079	6512
May 26, 2021	36121	14	1786	6920
May 27, 2021	36997	18	1747	5611
May 28, 2021	34158	17	1586	5820
May 29, 2021	37675	8	1279	5643
May 30, 2021	37226	18	1007	8386
May 31, 2021	36654	16	1049	7598
Jun 01, 2021	36634	5	1263	7270
Jun 02, 2021	37171	11	1172	6848
Jun 03, 2021	36218	6	1250	7106
Jun 04, 2021	36198	8	817	6083
Jun 05, 2021	36639	4	761	5334
Jun 06, 2021	36757	6	531	8722
Jun 07, 2021	34704	7	577	8119
Jun 08, 2021	34832	9	733	7466
Jun 09, 2021	35117	8	646	7021
Jun 10, 2021	35411	6	633	7190
Jun 11, 2021	35246	8	604	5984
Jun 12, 2021	34659	4	379	5108
Jun 13, 2021	33399	5	298	7761
Jun 14, 2021	31902	5	297	7023
Jun 15, 2021	31337	9	421	6508
Jun 16, 2021	31430	3	407	6020
Jun 17, 2021	30122	6	337	6136
Jun 18, 2021	29155	5	439	5106
Jun 19, 2021	27789	2	253	4086
Jun 20, 2021	26100	6	142	6467
Jun 21, 2021	24195	4	197	5462
Jun 22, 2021	23449	3	304	5047
Jun 23, 2021	22761	3	237	4728
Jun 24, 2021	21610	4	298	4693
Jun 25, 2021	20385	0	240	3646
Jun 26, 2021	19033	0	160	3293
Jun 27, 2021	17878	3	120	3605
Jun 28, 2021	16588	1	153	4495
Jun 29, 2021	15763	1	209	3947
Jun 30, 2021	15268	5	183	3606
Jul 01, 2021	14690	2	211	3437
Jul 02, 2021	13657	3	177	2816
Jul 03, 2021	12613	2	153	2263
Jul 04, 2021	11600	1	52	2767
Jul 05, 2021	10646	3	146	3079
Jul 06, 2021	9979	5	138	2899
Jul 07, 2021	9632	1	141	2821
Jul 08, 2021	9088	2	161	2698
Jul 09, 2021	8442	1	140	2047
Jul 10, 2021	7792	0	65	1863
Jul 11, 2021	7220	0	146	2677
Jul 12, 2021	6612	4	101	2242
Jul 13, 2021	6229	2	114	2039
Jul 14, 2021	5998	3	152	1971
Jul 15, 2021	5486	1	124	1830
Jul 16, 2021	5152	1	104	1521
Jul 17, 2021	4887	2	111	1173
Jul 18, 2021	4534	0	80	1879
Jul 19, 2021	4082	3	80	1542
Jul 20, 2021	3828	2	133	1515
Jul 21, 2021	3495	0	140	1385
Jul 22, 2021	3287	0	113	1093
Jul 23, 2021	3116	0	145	1145
Jul 24, 2021	2921	0	123	1047
Jul 25, 2021	2678	0	68	1565
Jul 26, 2021	2467	3	87	1359
Jul 27, 2021	2404	0	106	1184
Jul 28, 2021	2305	0	105	1141
Jul 29, 2021	2227	0	66	1147
Jul 30, 2021	2115	2	73	916
Jul 31, 2021	2072	1	91	821
Aug 01, 2021	1967	1	70	1217
Aug 02, 2021	1904	3	86	1063
Aug 03, 2021	1833	1	156	986
Aug 04, 2021	1812	1	144	911
Aug 05, 2021	1787	0	186	851
Aug 06, 2021	1742	2	159	772
Aug 07, 2021	1619	0	134	785
Aug 08, 2021	1636	0	103	1019
Aug 09, 2021	1541	1	120	942
Aug 10, 2021	1521	0	146	837
Aug 11, 2021	1538	0	156	788
Aug 12, 2021	1513	2	176	829
Aug 13, 2021	1468	1	152	665
Aug 14, 2021	1470	0	152	613
Aug 15, 2021	1431	1	139	958
Aug 16, 2021	1363	0	172	790
Aug 17, 2021	1368	1	155	738
Aug 18, 2021	1404	1	128	682
Aug 19, 2021	1374	1	143	682
Aug 20, 2021	1400	1	150	540
Aug 21, 2021	1406	0	106	531
Aug 22, 2021	1367	1	72	807
Aug 23, 2021	1317	1	117	665
Aug 24, 2021	1307	3	178	613
Aug 25, 2021	1305	0	146	562
Aug 26, 2021	1242	0	123	579
Aug 27, 2021	1175	1	122	465
Aug 28, 2021	1169	1	111	420
Aug 29, 2021	1153	0	78	675
Aug 30, 2021	1090	0	70	542
Aug 31, 2021	1138	1	128	544
Sep 01, 2021	1176	0	122	469
Sep 02, 2021	1362	1	106	450
Sep 03, 2021	1301	1	97	386
Sep 04, 2021	1359	2	99	335
Sep 05, 2021	1385	0	61	462
Sep 06, 2021	1426	0	75	412
Sep 07, 2021	1477	0	103	437
Sep 08, 2021	1569	0	142	386
Sep 09, 2021	1609	1	156	444
Sep 10, 2021	1653	1	156	372
Sep 11, 2021	1681	0	118	332
Sep 12, 2021	1727	2	103	544
Sep 13, 2021	1684	1	77	471
Sep 14, 2021	1696	2	119	423
Sep 15, 2021	1693	0	160	397
Sep 16, 2021	1680	1	181	460
Sep 17, 2021	1664	0	187	428
Sep 18, 2021	1624	1	153	396
Sep 19, 2021	1593	2	129	602
Sep 20, 2021	1560	0	123	494
Sep 21, 2021	1540	0	191	584
Sep 22, 2021	1541	2	164	509
Sep 23, 2021	1523	2	178	492
Sep 24, 2021	1473	1	190	485
Sep 25, 2021	1441	1	139	549
Sep 26, 2021	1412	2	119	879
Sep 27, 2021	1329	5	171	760
Sep 28, 2021	1332	0	266	687
Sep 29, 2021	1323	4	294	694
Sep 30, 2021	1314	2	260	640
Oct 01, 2021	1300	2	315	490
Oct 02, 2021	1272	0	264	562
Oct 03, 2021	1213	1	181	884
Oct 04, 2021	1169	2	154	717
Oct 05, 2021	1154	1	195	724
Oct 06, 2021	1193	5	195	712
Oct 07, 2021	1250	0	236	802
Oct 08, 2021	1306	2	235	708
Oct 09, 2021	1327	3	185	679
Oct 10, 2021	1351	0	169	1062
Oct 11, 2021	1315	1	142	982
Oct 12, 2021	1326	3	200	976
Oct 13, 2021	1368	4	195	972
Oct 14, 2021	1463	1	159	1046
Oct 15, 2021	1533	1	211	986
Oct 16, 2021	1562	4	227	1003
Oct 17, 2021	1576	1	143	1240
Oct 18, 2021	1536	1	132	1726
Oct 19, 2021	1565	0	211	1574
Oct 20, 2021	1613	1	255	1386
Oct 21, 2021	1664	0	175	1430
Oct 22, 2021	1739	0	231	1303
Oct 23, 2021	1747	2	163	1211
Oct 24, 2021	1714	2	129	1982
Oct 25, 2021	1709	1	149	1921
Oct 26, 2021	1809	1	223	1921
Oct 27, 2021	1892	2	223	1703
Oct 28, 2021	1993	1	240	1790
Oct 29, 2021	2162	1	214	1598
Oct 30, 2021	2258	3	291	1506
Oct 31, 2021	2292	0	167	2298
Nov 01, 2021	2286	1	156	2110
Nov 02, 2021	2317	1	191	1950
Nov 03, 2021	2350	2	271	1956
Nov 04, 2021	2370	1	309	1811
Nov 05, 2021	2373	3	267	1536
Nov 06, 2021	2341	2	279	1606
Nov 07, 2021	2313	1	104	2177
Nov 08, 2021	2189	1	178	2640
Nov 09, 2021	2125	2	237	2565
Nov 10, 2021	2088	0	300	2430
Nov 11, 2021	2025	3	257	2354
Nov 12, 2021	2021	1	252	1975
Nov 13, 2021	2062	0	234	1992
Nov 14, 2021	2020	2	126	2852
Nov 15, 2021	1905	2	210	2748
Nov 16, 2021	1914	1	259	2433
Nov 17, 2021	1992	1	315	2238
Nov 18, 2021	1964	1	289	2481
Nov 19, 2021	2004	2	317	1869
Nov 20, 2021	2015	3	356	1833
Nov 21, 2021	2002	2	205	2849
Nov 22, 2021	1934	3	361	2442
Nov 23, 2021	1958	1	415	2399
Nov 24, 2021	2000	5	445	2176
Nov 25, 2021	2061	2	446	2271
Nov 26, 2021	2047	1	612	1933
Nov 27, 2021	2144	3	360	1831
Nov 28, 2021	2136	7	282	2769
Nov 29, 2021	2086	3	600	2383
Nov 30, 2021	2075	3	913	2131
Dec 01, 2021	2171	6	1417	1983
Dec 02, 2021	2263	3	1347	1892
Dec 03, 2021	2320	11	1725	1613
Dec 04, 2021	2301	18	911	1428
Dec 05, 2021	2209	5	955	2133
Dec 06, 2021	2087	5	1721	1841
Dec 07, 2021	2104	5	3138	1856
Dec 08, 2021	2244	14	5328	1493
Dec 09, 2021	2311	12	5522	1580
Dec 10, 2021	2327	19	6104	1300
Dec 11, 2021	2332	5	6374	1132
Dec 12, 2021	2286	17	5986	1796
Dec 13, 2021	2253	14	6757	1532
Dec 14, 2021	2307	29	7178	1135
Dec 15, 2021	2407	21	9823	1363
Dec 16, 2021	2499	22	10640	1367
Dec 17, 2021	2594	25	6806	1107
Dec 18, 2021	2763	23	9641	994
Dec 19, 2021	2780	20	12574	1502
Dec 20, 2021	2866	34	7981	1275
Dec 21, 2021	3031	27	10630	1179
Dec 22, 2021	3229	39	11714	1089
Dec 23, 2021	3431	27	12997	1137
Dec 24, 2021	3804	19	12874	964
Dec 25, 2021	3930	12	11029	1008
Dec 26, 2021	3967	19	8929	1369
Dec 27, 2021	4230	20	10045	1266
Dec 28, 2021	4820	20	10745	1193
Dec 29, 2021	5923	14	11668	1183
Dec 30, 2021	6937	19	9566	1177
Dec 31, 2021	8252	15	13612	1046
Jan 01, 2022	8778	12	9222	1186
Jan 02, 2022	9292	22	7588	1964
Jan 03, 2022	10412	16	6984	1748
Jan 04, 2022	13049	26	11453	1559
Jan 05, 2022	17854	18	10618	1645
Jan 06, 2022	22548	16	10015	1699
Jan 07, 2022	27951	11	10363	1893
Jan 08, 2022	33323	14	9074	2520
Jan 09, 2022	38098	16	6094	4223
Jan 10, 2022	43347	10	6968	4187
Jan 11, 2022	49373	14	8444	4375
Jan 12, 2022	57647	13	8100	4359
Jan 13, 2022	65665	17	8812	5233
Jan 14, 2022	69167	12	7594	4792
Jan 15, 2022	74013	16	6797	5195
Jan 16, 2022	81554	8	4733	9513
Jan 17, 2022	83392	6	5066	9440
Jan 18, 2022	94017	14	6120	10154
Jan 19, 2022	86528	9	6640	10191
Jan 20, 2022	69976	17	5517	10873
Jan 21, 2022	73335	9	7179	10281
Jan 22, 2022	73986	6	4355	10743
Jan 23, 2022	73789	5	3337	17643
Jan 24, 2022	75781	8	3675	17606
Jan 25, 2022	76027	10	4405	17560
Jan 26, 2022	76010	6	4030	19547
Jan 27, 2022	73275	8	4136	20698
Jan 28, 2022	74018	7	3396	19491
Jan 29, 2022	70655	5	2995	19098
Jan 30, 2022	68807	8	2170	32258
Jan 31, 2022	67119	7	1951	32072
Feb 01, 2022	66523	6	1938	32013
Feb 02, 2022	66727	4	2468	32015
Feb 03, 2022	66625	7	2182	33191
Feb 04, 2022	66786	7	2191	27462
Feb 05, 2022	65833	4	1929	24936
Feb 06, 2022	63268	3	1205	42657
Feb 07, 2022	63036	1	1508	41565
Feb 08, 2022	61580	2	1752	38428
Feb 09, 2022	59339	3	1530	35978
Feb 10, 2022	57843	2	1498	35234
Feb 11, 2022	55642	1	1490	29313
Feb 12, 2022	53066	1	1212	26272
Feb 13, 2022	50071	3	1011	42721
Feb 14, 2022	49300	2	1268	39816
Feb 15, 2022	47079	0	1638	36232
Feb 16, 2022	45870	3	1670	33600
Feb 17, 2022	43088	2	2129	31474
Feb 18, 2022	42678	1	1857	26103
Feb 19, 2022	39869	4	1466	23224
Feb 20, 2022	37476	3	909	37720
Feb 21, 2022	36442	2	1087	33817
Feb 22, 2022	34666	5	1363	31109
Feb 23, 2022	32234	3	1855	27992
Feb 24, 2022	29739	2	1534	26873
Feb 25, 2022	27295	0	1227	21445
Feb 26, 2022	25206	1	975	19448
Feb 27, 2022	23736	1	727	30861
Feb 28, 2022	22570	3	661	27264
Mar 01, 2022	20435	2	1238	24111
Mar 02, 2022	18593	2	1048	22101
Mar 03, 2022	16991	3	907	21739
Mar 04, 2022	15766	0	704	17248
Mar 05, 2022	14606	4	493	15487
Mar 06, 2022	13605	0	381	25031
Mar 07, 2022	13427	0	627	21403
Mar 08, 2022	12914	0	840	19299
Mar 09, 2022	12394	0	820	17788
Mar 10, 2022	11334	0	654	17190
Mar 11, 2022	10636	0	555	14417
Mar 12, 2022	9958	7	566	12607
Mar 13, 2022	9488	1	334	19787
Mar 14, 2022	9574	0	358	17020
Mar 15, 2022	9474	1	363	16198
Mar 16, 2022	9453	1	354	14727
Mar 17, 2022	9900	2	256	14296
Mar 18, 2022	10196	1	211	11884
Mar 19, 2022	10492	0	141	10936
Mar 20, 2022	10256	0	183	16540
Mar 21, 2022	10206	0	0	13314
Mar 22, 2022	9781	0	0	11867
Mar 23, 2022	9705	0	0	9931
Mar 24, 2022	9391	0	0	9253
Mar 25, 2022	8959	0	0	7040
Mar 26, 2022	8597	0	0	6230
Mar 27, 2022	8186	0	2192	9856
Mar 28, 2022	7840	0	263	7854
Mar 29, 2022	7557	3	307	7170
Mar 30, 2022	7110	0	299	6172
Mar 31, 2022	6648	0	357	6010
Apr 01, 2022	6143	0	295	4597
Apr 02, 2022	5601	0	235	4227
Apr 03, 2022	5233	0	0	6503
Apr 04, 2022	5176	2	0	5262
Apr 05, 2022	4933	2	0	4807
Apr 06, 2022	4616	2	0	4075
Apr 07, 2022	4353	2	0	3813
Apr 08, 2022	3947	1	0	3015
Apr 09, 2022	3743	0	0	2851
Apr 10, 2022	3556	2	0	4485
Apr 11, 2022	3425	3	0	3743
Apr 12, 2022	3138	5	0	3108
Apr 13, 2022	2889	0	2817	2856
Apr 14, 2022	2982	3	991	2807
Apr 15, 2022	2338	1	972	2258
Apr 16, 2022	2069	0	911	2113
Apr 17, 2022	1924	2	1004	3195
Apr 18, 2022	1924	0	803	2585
Apr 19, 2022	1924	4	857	2237
Apr 20, 2022	1924	4	493	2046
Apr 21, 2022	1924	4	840	1680
Apr 22, 2022	1924	4	1108	1922
Apr 23, 2022	1924	4	1484	2095
Apr 24, 2022	2206	4	1639	3240
Apr 25, 2022	2468	4	1509	2492
Apr 26, 2022	2775	7	1237	2159
Apr 27, 2022	3073	4	941	1989
Apr 28, 2022	3429	4	1560	1911
Apr 29, 2022	3722	4	1545	1761
Apr 30, 2022	3956	5	1579	1645
May 01, 2022	3956	5	1269	2559
May 02, 2022	3956	3	1550	2344
May 03, 2022	3956	3	945	2168
May 04, 2022	3956	6	1531	2017
May 05, 2022	3956	2	1531	2084
May 06, 2022	3956	2	1531	2118
May 07, 2022	3956	1	1531	2204
May 08, 2022	3956	2	1531	3383
May 09, 2022	3956	3	1529	3228
May 10, 2022	3956	3	703	2974
May 11, 2022	2893	4	1445	2836
May 12, 2022	3185	2	1528	2900
May 13, 2022	3587	2	1601	2975
May 14, 2022	4071	3	1376	3076
May 15, 2022	4515	4	2263	4707
May 16, 2022	4642	6	610	4716
May 17, 2022	4938	2	1412	4600
May 18, 2022	3988	2	1428	4268
May 19, 2022	4137	2	1341	4552
May 20, 2022	4515	2	1238	4536
May 21, 2022	5440	2	1224	4335
May 22, 2022	6269	1	818	7045
May 23, 2022	7092	4	508	6366
May 24, 2022	7606	1	1061	6065
May 25, 2022	8542	6	1096	5745
May 26, 2022	10102	2	1158	6204
May 27, 2022	11644	3	870	5349
May 28, 2022	13222	5	776	5549
May 29, 2022	14491	2	212	8820
May 30, 2022	16039	1	580	8336
May 31, 2022	16984	1	475	7775
Jun 01, 2022	7974	2	447	7193
Jun 02, 2022	7912	2	775	7088
Jun 03, 2022	7850	3	861	6332
Jun 04, 2022	7788	3	752	5904
Jun 05, 2022	7726	1	732	9926
Jun 06, 2022	7637	4	237	8852
Jun 07, 2022	6951	1	587	8941
Jun 08, 2022	7004	4	574	8202
Jun 09, 2022	7143	1	531	8950
Jun 10, 2022	7355	3	481	8305
Jun 11, 2022	7342	2	422	7900
Jun 12, 2022	8214	4	287	12888
Jun 13, 2022	8819	1	210	11438
Jun 14, 2022	10228	1	423	10592
Jun 15, 2022	11653	2	485	9980
Jun 16, 2022	12988	2	217	10073
Jun 17, 2022	14224	2	522	8630
Jun 18, 2022	15446	0	357	8171
Jun 19, 2022	16263	2	224	13416
Jun 20, 2022	14400	1	158	11685
Jun 21, 2022	13089	1	213	10770
Jun 22, 2022	11813	2	389	9701
Jun 23, 2022	10598	1	345	9226
Jun 24, 2022	9097	1	315	7546
Jun 25, 2022	7502	0	359	6885
Jun 26, 2022	5339	1	216	11791
Jun 27, 2022	5915	1	170	8587
Jun 28, 2022	6384	1	354	11813
Jun 29, 2022	6829	1	258	9858
Jun 30, 2022	7602	1	351	9217
Jul 01, 2022	8461	1	264	7879
Jul 02, 2022	9211	0	308	6909
Jul 03, 2022	3607	1	220	8653
Jul 04, 2022	3261	4	282	11748
Jul 05, 2022	3262	1	305	10238
Jul 06, 2022	3253	0	279	8795
Jul 07, 2022	3196	1	294	8551
Jul 08, 2022	3093	1	242	7422
Jul 09, 2022	2930	1	180	6931
Jul 10, 2022	2626	1	110	10936
Jul 11, 2022	2401	1	128	9560
Jul 12, 2022	2390	1	326	8638
Jul 13, 2022	2441	1	300	8091
Jul 14, 2022	2223	1	335	7854
Jul 15, 2022	2310	1	287	6612
Jul 16, 2022	2231	1	270	6288
Jul 17, 2022	2019	2	198	9598
Jul 18, 2022	1858	4	123	8129
Jul 19, 2022	1749	1	414	7434
Jul 20, 2022	1819	0	367	6219
Jul 21, 2022	1841	2	341	6158
Jul 22, 2022	1833	1	298	5345
Jul 23, 2022	1873	0	327	5289
Jul 24, 2022	1768	1	171	9024
Jul 25, 2022	1661	1	121	7889
Jul 26, 2022	1741	1	341	7572
Jul 27, 2022	1725	1	358	7139
Jul 28, 2022	1801	1	359	7411
Jul 29, 2022	1790	1	145	6867
Jul 30, 2022	1823	1	339	6541
Jul 31, 2022	1768	1	192	10378
Aug 01, 2022	1790	3	149	8837
Aug 02, 2022	1809	3	387	8430
Aug 03, 2022	1897	1	349	6601
Aug 04, 2022	1891	0	364	6602
Aug 05, 2022	1885	0	274	8184
Aug 06, 2022	1779	3	326	7646
Aug 07, 2022	1599	2	177	7532
Aug 08, 2022	1471	2	237	12328
Aug 09, 2022	1543	2	237	10558
Aug 10, 2022	1589	1	237	10033
Aug 11, 2022	1670	2	237	9376
Aug 12, 2022	1703	3	237	9495
Aug 13, 2022	1719	0	237	9218
Aug 14, 2022	1664	0	238	8458
Aug 15, 2022	1501	0	127	13732
Aug 16, 2022	1626	0	233	11781
Aug 17, 2022	1707	0	235	11135
Aug 18, 2022	1763	0	226	0
Aug 19, 2022	1775	0	160	18721
Aug 20, 2022	1816	0	209	7626
Aug 21, 2022	1698	10	116	6902
Aug 22, 2022	1540	0	110	0
Aug 23, 2022	1602	0	237	19792
Aug 24, 2022	1681	0	200	9411
Aug 25, 2022	1761	0	225	0
Aug 26, 2022	1627	0	177	16290
Aug 27, 2022	1687	0	201	6900
Aug 28, 2022	1599	6	120	0
Aug 29, 2022	1746	0	0	15291
Aug 30, 2022	2129	0	0	7843
Aug 31, 2022	2477	0	0	0
Sep 01, 2022	2841	0	0	13154
Sep 02, 2022	3113	0	0	0
Sep 03, 2022	3438	0	0	11084
Sep 04, 2022	1737	9	0	4775
Sep 05, 2022	1973	0	1024	6659
Sep 06, 2022	2209	0	0	5660
Sep 07, 2022	2445	0	0	5095
Sep 08, 2022	2681	0	0	0
Sep 09, 2022	2917	0	0	8943
Sep 10, 2022	3153	0	0	3957
Sep 11, 2022	1515	5	0	3619
Sep 12, 2022	1641	0	1117	0
Sep 13, 2022	1871	0	0	10670
Sep 14, 2022	2103	0	0	4136
Sep 15, 2022	2328	0	0	3661
Sep 16, 2022	2488	0	0	3615
Sep 17, 2022	2697	0	0	3055
Sep 18, 2022	1224	3	0	0
Sep 19, 2022	1332	0	964	0
Sep 20, 2022	1567	0	0	9698
Sep 21, 2022	1765	0	0	2669
Sep 22, 2022	1989	0	0	2231
Sep 23, 2022	2164	0	0	1939
Sep 24, 2022	2362	0	0	0
Sep 25, 2022	1177	8	0	5148
Sep 26, 2022	1177	0	1102	3274
Sep 27, 2022	1177	0	0	4565
Sep 28, 2022	1177	0	0	0
Sep 29, 2022	1177	0	0	7462
Sep 30, 2022	1177	0	0	3168
Oct 01, 2022	1177	0	0	2977
Oct 02, 2022	1177	3	0	2799
Oct 03, 2022	996	0	931	4139
Oct 04, 2022	996	0	0	0
Oct 05, 2022	996	0	0	6565
Oct 06, 2022	996	0	0	2719
Oct 07, 2022	996	0	0	2674
Oct 08, 2022	996	0	0	2544
Oct 09, 2022	996	1	0	2669
Oct 10, 2022	1090	0	659	4096
Oct 11, 2022	1090	0	0	3433
Oct 12, 2022	1090	0	0	3064
Oct 13, 2022	1090	0	0	3026
Oct 14, 2022	1090	0	0	2939
Oct 15, 2022	1090	0	0	0
Oct 16, 2022	1090	7	0	5715
Oct 17, 2022	920	0	816	13276
Oct 18, 2022	920	0	0	0
Oct 19, 2022	920	0	0	8169
Oct 20, 2022	920	0	0	4036
Oct 21, 2022	920	0	0	4222
Oct 22, 2022	920	0	0	7620
Oct 23, 2022	920	4	0	5520
Oct 24, 2022	1048	0	852	5418
Oct 25, 2022	1048	0	0	5623
Oct 26, 2022	1048	0	0	0
Oct 27, 2022	1048	0	0	10304
Oct 28, 2022	1048	0	0	5021
Oct 29, 2022	1048	0	0	0
Oct 30, 2022	1048	7	0	14528
Oct 31, 2022	939	0	988	5605
Nov 01, 2022	939	0	0	4865
Nov 02, 2022	939	0	0	4334
Nov 03, 2022	939	0	0	0
Nov 04, 2022	939	0	0	7420
Nov 05, 2022	939	0	0	5244
Nov 06, 2022	939	4	0	5180
Nov 07, 2022	709	0	1527	7836
Nov 08, 2022	709	0	0	7496
Nov 09, 2022	709	0	0	6762
Nov 10, 2022	709	0	0	5336
Nov 11, 2022	709	0	0	5533
Nov 12, 2022	709	0	0	8947
Nov 13, 2022	709	10	0	6535
Nov 14, 2022	809	0	2645	5802
Nov 15, 2022	809	0	0	5611
Nov 16, 2022	809	0	0	5297
Nov 17, 2022	809	0	0	4342
Nov 18, 2022	809	0	0	4352
Nov 19, 2022	809	0	0	7735
Nov 20, 2022	809	8	0	5912
Nov 21, 2022	881	0	4941	5493
Nov 22, 2022	881	0	0	5050
Nov 23, 2022	881	0	0	4852
Nov 24, 2022	881	0	0	3906
Nov 25, 2022	881	0	0	3946
Nov 26, 2022	881	0	0	6425
Nov 27, 2022	881	16	0	4820
Nov 28, 2022	1026	0	9000	7309
Nov 29, 2022	1026	0	0	1211
Nov 30, 2022	1026	0	0	3883
Dec 01, 2022	1026	0	0	3193
Dec 02, 2022	1026	0	0	3318
Dec 03, 2022	1026	0	0	0
Dec 04, 2022	1026	11	0	9392
Dec 05, 2022	1490	0	8173	0
Dec 06, 2022	1490	0	0	7072
Dec 07, 2022	1490	0	0	3210
Dec 08, 2022	1490	0	0	2628
Dec 09, 2022	1490	0	0	2552
Dec 10, 2022	1490	0	0	0
Dec 11, 2022	1490	4	0	0
Dec 12, 2022	2189	0	5649	0
Dec 13, 2022	2189	0	0	0
Dec 14, 2022	2189	0	0	12564
Dec 15, 2022	2189	0	0	6807
Dec 16, 2022	2189	0	0	2915
Dec 17, 2022	2189	0	0	4578
Dec 18, 2022	2189	8	0	3605
Dec 19, 2022	4599	0	3754	3572
Dec 20, 2022	4599	0	0	3353
Dec 21, 2022	4599	0	0	3323
Dec 22, 2022	4599	0	0	3122
Dec 23, 2022	4599	0	0	3184
Dec 24, 2022	4599	0	0	5283
Dec 25, 2022	4599	5	0	4287
Dec 26, 2022	7631	0	2017	3767
Dec 27, 2022	7631	0	0	3848
Dec 28, 2022	7631	0	0	0
Dec 29, 2022	7631	0	0	7093
Dec 30, 2022	7631	0	0	3889
Dec 31, 2022	7631	0	0	6752
Jan 01, 2023	7631	0	0	5186
Jan 02, 2023	8285	3	1129	4458
Jan 03, 2023	8285	0	0	3703
Jan 04, 2023	8285	0	0	3277
Jan 05, 2023	8285	0	0	2385
Jan 06, 2023	8285	0	0	2929
Jan 07, 2023	8285	0	0	4074
Jan 08, 2023	8285	0	0	5084
Jan 09, 2023	5165	0	555	3985
Jan 10, 2023	5165	0	0	3604
Jan 11, 2023	5165	0	0	3164
Jan 12, 2023	5165	0	0	2578
Jan 13, 2023	5165	0	0	2530
Jan 14, 2023	5165	0	0	4091
Jan 15, 2023	5165	0	0	3118
Jan 16, 2023	3288	0	0	2756
Jan 17, 2023	3288	0	501	0
Jan 18, 2023	3288	0	0	4944
Jan 19, 2023	3288	0	0	0
Jan 20, 2023	3288	0	0	4047
Jan 21, 2023	3288	0	0	3094
Jan 22, 2023	3288	0	0	2409
Jan 23, 2023	1925	0	280	2041
Jan 24, 2023	1925	0	0	2101
Jan 25, 2023	1925	0	0	1844
Jan 26, 2023	1925	0	0	1608
Jan 27, 2023	1925	0	0	1600
Jan 28, 2023	1925	0	0	2395
Jan 29, 2023	1925	0	0	1915
Jan 30, 2023	1162	0	257	1677
Jan 31, 2023	1162	2	0	1607
Feb 01, 2023	1162	0	0	1567
Feb 02, 2023	1162	0	0	1502
Feb 03, 2023	1162	0	0	1398
Feb 04, 2023	1162	0	0	2091
Feb 05, 2023	1162	0	0	1615
Feb 06, 2023	716	0	0	1606
Feb 07, 2023	716	0	0	1470
Feb 08, 2023	716	0	0	3823
Feb 09, 2023	716	0	0	0
Feb 10, 2023	716	0	0	183
Feb 11, 2023	716	0	0	2002
Feb 12, 2023	716	2	0	1639
Feb 13, 2023	716	0	0	1483
Feb 14, 2023	639	0	0	1410
Feb 15, 2023	639	0	743	1318
Feb 16, 2023	639	0	0	0
Feb 17, 2023	639	0	0	0
Feb 18, 2023	639	0	0	4433
Feb 19, 2023	639	0	0	0
Feb 20, 2023	434	0	0	3173
Feb 21, 2023	434	0	0	1585
Feb 22, 2023	434	0	0	1674
Feb 23, 2023	434	0	0	0
Feb 24, 2023	434	0	0	3396
Feb 25, 2023	434	0	0	2668
Feb 26, 2023	434	0	0	2210
Feb 27, 2023	500	0	1113	2039
Feb 28, 2023	500	0	0	2091
Mar 01, 2023	500	0	0	1963
Mar 02, 2023	500	0	0	0
Mar 03, 2023	500	0	0	0
Mar 04, 2023	500	0	0	7102
Mar 05, 2023	500	0	0	2710
Mar 06, 2023	500	0	0	2592
Mar 07, 2023	500	0	0	2602
Mar 08, 2023	500	0	0	2722
Mar 09, 2023	500	0	0	0
Mar 10, 2023	500	0	0	5428
Mar 11, 2023	500	0	0	4092
Mar 12, 2023	500	4	0	3657
Mar 13, 2023	500	0	0	3426
Mar 14, 2023	500	0	0	3676
Mar 15, 2023	573	0	936	3819
Mar 16, 2023	573	0	0	3535
Mar 17, 2023	573	0	0	3596
Mar 18, 2023	573	0	0	5249
Mar 19, 2023	573	0	0	4031
Mar 20, 2023	573	0	0	3712
Mar 21, 2023	573	0	0	3546
Mar 22, 2023	573	0	0	3237
Mar 23, 2023	573	0	0	0
Mar 24, 2023	573	0	0	5760
Mar 25, 2023	573	0	0	4205
Mar 26, 2023	573	5	0	0
Mar 27, 2023	608	0	798	5627
Mar 28, 2023	608	0	0	2524
Mar 29, 2023	608	0	0	2180
Mar 30, 2023	608	0	0	0
Mar 31, 2023	608	0	0	0
Apr 01, 2023	608	0	0	6226
Apr 02, 2023	608	0	0	1850
Apr 03, 2023	608	0	0	0
Apr 04, 2023	608	0	0	2993
Apr 05, 2023	608	0	0	1170
Apr 06, 2023	608	0	0	1047
Apr 07, 2023	608	0	0	1146
Apr 08, 2023	608	0	0	1456
Apr 09, 2023	608	0	0	0
Apr 10, 2023	608	0	594	0
Apr 11, 2023	608	4	0	0
Apr 12, 2023	478	0	0	0
Apr 13, 2023	478	0	0	4096
Apr 14, 2023	478	0	0	788
Apr 15, 2023	478	0	0	1201
Apr 16, 2023	478	0	0	773
Apr 17, 2023	478	0	0	597
Apr 18, 2023	478	0	0	566
Apr 19, 2023	478	0	0	561
Apr 20, 2023	478	0	0	428
Apr 21, 2023	478	0	0	0
Apr 22, 2023	478	0	0	979
Apr 23, 2023	478	0	0	0
Apr 24, 2023	433	0	0	795
Apr 25, 2023	433	0	0	383
Apr 26, 2023	433	0	287	342
Apr 27, 2023	433	0	0	0
Apr 28, 2023	433	0	0	0
Apr 29, 2023	433	0	0	0
Apr 30, 2023	433	0	0	1276
May 01, 2023	433	0	0	240
May 02, 2023	433	0	0	175
May 03, 2023	433	0	0	203
May 04, 2023	433	0	0	134
May 05, 2023	433	0	0	152
May 06, 2023	433	0	0	180
May 07, 2023	433	0	0	240
May 08, 2023	365	0	0	141
May 09, 2023	365	0	0	0
May 10, 2023	365	0	0	305
May 11, 2023	365	0	0	0
May 12, 2023	365	0	0	255
May 13, 2023	365	0	0	181
May 14, 2023	365	0	0	0
May 15, 2023	365	0	0	219
May 16, 2023	365	0	0	97
May 17, 2023	365	0	0	104
May 18, 2023	365	0	0	0
May 19, 2023	365	0	0	186
May 20, 2023	365	0	0	123
May 21, 2023	365	0	0	112
May 22, 2023	365	0	0	63
May 23, 2023	365	0	0	74
May 24, 2023	196	0	0	77
May 25, 2023	196	0	0	54
May 26, 2023	196	0	0	64
May 27, 2023	196	0	0	85
May 28, 2023	196	0	0	66
May 29, 2023	196	0	0	42
May 30, 2023	196	0	0	68
May 31, 2023	196	0	0	36
Jun 01, 2023	196	0	0	43
Jun 02, 2023	196	0	0	33
Jun 03, 2023	196	0	0	60
Jun 04, 2023	196	0	0	52
Jun 05, 2023	196	0	0	34
Jun 06, 2023	196	0	0	32
Jun 07, 2023	196	0	0	42
Jun 08, 2023	196	0	0	24
Jun 09, 2023	196	0	0	27
Jun 10, 2023	196	0	0	42
Jun 11, 2023	196	0	0	31
Jun 12, 2023	196	0	0	26
Jun 13, 2023	196	0	0	22
Jun 14, 2023	196	0	0	23
Jun 15, 2023	196	0	0	24
Jun 16, 2023	196	0	0	22
Jun 17, 2023	196	0	0	51
Jun 18, 2023	196	0	0	28
Jun 19, 2023	196	0	0	38
Jun 20, 2023	196	0	0	26
Jun 21, 2023	196	0	0	27
Jun 22, 2023	196	0	0	20
Jun 23, 2023	196	0	0	20
Jun 24, 2023	196	0	0	32
Jun 25, 2023	196	0	0	17
Jun 26, 2023	196	0	0	16
Jun 27, 2023	196	0	0	19
Jun 28, 2023	196	0	0	29
Jun 29, 2023	196	0	0	25
Jun 30, 2023	196	0	0	18
Jul 01, 2023	196	0	0	26
Jul 02, 2023	196	0	0	30
Jul 03, 2023	196	0	0	15
Jul 04, 2023	196	0	0	23
Jul 05, 2023	196	0	0	19
Jul 06, 2023	196	0	0	16
Jul 07, 2023	196	0	0	0
Jul 08, 2023	196	0	0	34
Jul 09, 2023	196	0	0	0
Jul 10, 2023	196	0	0	41
Jul 11, 2023	196	0	0	18
Jul 12, 2023	196	0	0	12
Jul 13, 2023	196	0	0	24
Jul 14, 2023	196	0	0	22
Jul 15, 2023	196	0	0	38
Jul 16, 2023	196	0	0	0
Jul 17, 2023	196	0	0	32
Jul 18, 2023	196	0	0	20
Jul 19, 2023	196	0	0	22
Jul 20, 2023	196	0	0	13
Jul 21, 2023	196	0	0	21
Jul 22, 2023	196	0	0	31
Jul 23, 2023	196	0	0	29
Jul 24, 2023	196	0	0	23
Jul 25, 2023	196	0	0	28
Jul 26, 2023	196	0	0	0
Jul 27, 2023	196	0	0	55
Jul 28, 2023	196	0	0	44
Jul 29, 2023	196	0	0	55
Jul 30, 2023	196	0	0	44
Jul 31, 2023	196	0	0	36
Aug 01, 2023	196	0	0	50
Aug 02, 2023	196	0	0	44
Aug 03, 2023	196	0	0	44
Aug 04, 2023	196	0	0	43
Aug 05, 2023	196	0	0	71
Aug 06, 2023	196	0	0	50
Aug 07, 2023	196	0	0	50
Aug 08, 2023	196	0	0	0
Aug 09, 2023	196	0	0	0
Aug 10, 2023	196	0	0	0
Aug 11, 2023	196	0	0	224
Aug 12, 2023	196	0	0	0
Aug 13, 2023	196	0	0	0
Aug 14, 2023	196	0	0	188
Aug 15, 2023	196	0	0	63
Aug 16, 2023	196	0	0	69
Aug 17, 2023	196	0	0	0
Aug 18, 2023	196	0	0	104
Aug 19, 2023	196	0	0	0
Aug 20, 2023	196	0	0	0
Aug 21, 2023	196	0	0	228
Aug 22, 2023	196	0	0	0
Aug 23, 2023	196	0	0	0
Aug 24, 2023	196	0	0	215
Aug 25, 2023	196	0	0	73
Aug 26, 2023	196	0	0	0
Aug 27, 2023	196	0	0	0
Aug 28, 2023	196	0	0	0
Aug 29, 2023	196	0	0	371
Aug 30, 2023	196	0	0	0
Aug 31, 2023	196	0	0	83
Sep 01, 2023	196	0	0	0
Sep 02, 2023	196	0	0	0
Sep 03, 2023	196	0	0	0
Sep 04, 2023	196	0	0	0
Sep 05, 2023	196	0	0	0
Sep 06, 2023	196	0	0	491
Sep 07, 2023	196	0	0	0
Sep 08, 2023	196	0	0	0
Sep 09, 2023	196	0	0	0
Sep 10, 2023	196	0	0	0
Sep 11, 2023	196	0	0	0
Sep 12, 2023	196	0	0	0
Sep 13, 2023	196	0	0	0
Sep 14, 2023	196	0	0	649
Sep 15, 2023	196	0	0	0
Sep 16, 2023	196	0	0	0
Sep 17, 2023	196	0	0	0
Sep 18, 2023	196	0	0	0
Sep 19, 2023	196	0	0	0
Sep 20, 2023	196	0	0	0
Sep 21, 2023	196	0	0	790
Sep 22, 2023	196	0	0	0
Sep 23, 2023	196	0	0	0
Sep 24, 2023	196	0	0	0
Sep 25, 2023	196	0	0	0
Sep 26, 2023	196	0	0	0
Sep 27, 2023	196	0	0	0
Sep 28, 2023	196	0	0	0
Sep 29, 2023	196	0	0	0
Sep 30, 2023	196	0	0	864
Oct 01, 2023	196	0	0	0
Oct 02, 2023	196	1	0	0
Oct 03, 2023	196	0	0	0
Oct 04, 2023	196	0	0	0
Oct 05, 2023	196	0	0	0
Oct 06, 2023	196	0	0	1354
Oct 07, 2023	196	0	0	0
Oct 08, 2023	196	29	0	0
Oct 09, 2023	196	0	0	0
Oct 10, 2023	196	0	0	0
Oct 11, 2023	196	0	0	0
Oct 12, 2023	196	0	0	0
Oct 13, 2023	196	0	0	1774
Oct 14, 2023	196	0	0	0
Oct 15, 2023	196	0	0	0
Oct 16, 2023	196	0	0	0
Oct 17, 2023	196	0	1732	0
Oct 18, 2023	196	0	0	0
Oct 19, 2023	196	0	0	0
Oct 20, 2023	196	0	0	2091
Oct 21, 2023	196	0	0	0
Oct 22, 2023	196	0	0	0
Oct 23, 2023	196	0	470	0
Oct 24, 2023	196	0	0	0
Oct 25, 2023	196	0	0	0
Oct 26, 2023	196	0	0	0
Oct 27, 2023	196	0	0	2952
Oct 28, 2023	196	0	0	3418
Oct 29, 2023	196	0	0	0
Oct 30, 2023	196	0	0	0
Oct 31, 2023	196	0	0	0
Nov 01, 2023	196	0	0	0
Nov 02, 2023	196	0	0	0
Nov 03, 2023	196	0	0	0
Nov 04, 2023	196	0	0	0
Nov 05, 2023	196	0	0	0
Nov 06, 2023	196	0	135	0
Nov 07, 2023	196	0	0	0
Nov 08, 2023	196	0	0	0
Nov 09, 2023	196	0	0	0
Nov 10, 2023	196	0	0	0
Nov 11, 2023	196	0	0	3539
Nov 12, 2023	196	0	0	8006
Nov 13, 2023	196	0	0	0
Nov 14, 2023	1927	0	0	0
Nov 15, 2023	1927	0	0	0
Nov 16, 2023	1927	0	0	0
Nov 17, 2023	1927	0	0	0
Nov 18, 2023	1927	0	0	0
Nov 19, 2023	1927	0	0	0
Nov 20, 2023	2368	0	0	0
Nov 21, 2023	2368	0	0	0
Nov 22, 2023	2368	0	0	0
Nov 23, 2023	2368	0	0	0
Nov 24, 2023	2368	0	0	0
Nov 25, 2023	2368	0	0	0
Nov 26, 2023	2368	0	0	0
Nov 27, 2023	2368	0	0	0
Nov 28, 2023	2368	0	0	0
Nov 29, 2023	2368	0	0	0
Nov 30, 2023	2368	0	0	0
Dec 01, 2023	2368	0	0	0
Dec 02, 2023	2368	0	0	0
Dec 03, 2023	2368	0	0	0
Dec 04, 2023	2503	0	0	0
Dec 05, 2023	2503	0	0	0
Dec 06, 2023	2503	0	0	0
Dec 07, 2023	2503	0	0	0
Dec 08, 2023	2503	0	0	0
Dec 09, 2023	2503	0	0	0
Dec 10, 2023	2503	0	0	0
Dec 11, 2023	2503	0	0	0
Dec 12, 2023	2503	0	0	0
Dec 13, 2023	2503	0	0	0
Dec 14, 2023	2503	0	0	0
Dec 15, 2023	2503	0	0	0
Dec 16, 2023	2503	0	0	0
Dec 17, 2023	2503	0	0	0
Dec 18, 2023	2503	0	0	0
Dec 19, 2023	2503	0	0	0
Dec 20, 2023	2503	0	0	0
Dec 21, 2023	2503	0	0	0
Dec 22, 2023	2503	0	0	0
Dec 23, 2023	2503	0	0	0
Dec 24, 2023	2503	0	0	0
Dec 25, 2023	2503	0	0	0
Dec 26, 2023	2503	0	0	0
Dec 27, 2023	2503	0	0	0
Dec 28, 2023	2503	0	0	0
Dec 29, 2023	2503	0	0	0
Dec 30, 2023	2503	0	0	0
Dec 31, 2023	2503	0	0	0
Jan 01, 2024	2503	0	0	0
Jan 02, 2024	2503	0	0	0
Jan 03, 2024	2503	0	0	0
Jan 04, 2024	2503	0	0	0
Jan 05, 2024	2503	0	0	0
Jan 06, 2024	2503	0	0	0
Jan 07, 2024	2503	0	0	0
Jan 08, 2024	2503	0	0	0
Jan 09, 2024	2503	0	0	0
Jan 10, 2024	2503	0	0	0
Jan 11, 2024	2503	0	0	0
Jan 12, 2024	2503	0	0	0
Jan 13, 2024	2503	0	0	0
Jan 14, 2024	2503	0	0	0
Jan 15, 2024	2503	0	0	0
Jan 16, 2024	2503	0	0	0
Jan 17, 2024	2503	0	0	0
Jan 18, 2024	2503	0	0	0
Jan 19, 2024	2503	0	0	0
Jan 20, 2024	2503	0	0	0
Jan 21, 2024	2503	0	0	0
Jan 22, 2024	2503	0	0	0
Jan 23, 2024	2503	0	0	0
Jan 24, 2024	2503	0	0	0
Jan 25, 2024	2503	0	0	0
Jan 26, 2024	2503	0	0	0
Jan 27, 2024	2503	0	0	0
Jan 28, 2024	2503	0	0	0
Jan 29, 2024	2503	0	0	0
Jan 30, 2024	2503	0	0	0
Jan 31, 2024	2503	0	0	0
Feb 01, 2024	2503	0	0	0
Feb 02, 2024	2503	0	0	0
Feb 03, 2024	2503	0	0	0
Feb 04, 2024	2503	0	0	0
Feb 05, 2024	2503	0	0	0
Feb 06, 2024	2503	0	0	0
Feb 07, 2024	2503	0	0	0
Feb 08, 2024	2503	0	0	0
Feb 09, 2024	2503	0	0	0
Feb 10, 2024	2503	0	0	0
Feb 11, 2024	2503	NA	0	0
Feb 12, 2024	2503	NA	0	0
Feb 13, 2024	2503	NA	0	0
Feb 14, 2024	2503	NA	0	0
Feb 15, 2024	2503	NA	0	0
Feb 16, 2024	2503	NA	0	0
Feb 17, 2024	2503	NA	0	0
Feb 18, 2024	2503	NA	0	0
Feb 19, 2024	2503	NA	0	0
Feb 20, 2024	2503	NA	0	0
Feb 21, 2024	2503	NA	0	0
Feb 22, 2024	2503	NA	0	0
Feb 23, 2024	2503	NA	0	0
Feb 24, 2024	2503	NA	0	0
Feb 25, 2024	2503	NA	0	0
Feb 26, 2024	2503	NA	NA	0
Feb 27, 2024	2503	NA	NA	0
Feb 28, 2024	2503	NA	NA	0
Feb 29, 2024	2503	NA	NA	0
Mar 01, 2024	2503	NA	NA	0
Mar 02, 2024	2503	NA	NA	0
Mar 03, 2024	2503	NA	NA	0
Mar 04, 2024	2503	NA	NA	0
Mar 05, 2024	2503	NA	NA	0
Mar 06, 2024	2503	NA	NA	0
Mar 07, 2024	2503	NA	NA	0
Mar 08, 2024	2503	NA	NA	0
Mar 09, 2024	2503	NA	NA	0
Mar 10, 2024	2503	NA	NA	0
Mar 11, 2024	2503	NA	NA	0
Mar 12, 2024	2503	NA	NA	0
Mar 13, 2024	2503	NA	NA	0
Mar 14, 2024	2503	NA	NA	0
Mar 15, 2024	2503	NA	NA	0
Mar 16, 2024	2503	NA	NA	0
Mar 17, 2024	2503	NA	NA	0
Mar 18, 2024	2503	NA	NA	0
Mar 19, 2024	2503	NA	NA	0
Mar 20, 2024	2503	NA	NA	0
Mar 21, 2024	2503	NA	NA	0
Mar 22, 2024	2503	NA	NA	0
Mar 23, 2024	2503	NA	NA	0
Mar 24, 2024	2503	NA	NA	NA
