Dates	Active	Deaths	Newcases	recover
Feb 15, 2020	0	0	0	0
Feb 16, 2020	0	0	0	0
Feb 17, 2020	0	0	0	0
Feb 18, 2020	0	0	2	0
Feb 19, 2020	0	0	0	0
Feb 20, 2020	0	0	2	0
Feb 21, 2020	0	0	13	0
Feb 22, 2020	0	0	8	1
Feb 23, 2020	0	1	7	2
Feb 24, 2020	0	0	0	22
Feb 25, 2020	0	3	35	0
Feb 26, 2020	0	1	27	29
Feb 27, 2020	0	0	21	19
Feb 28, 2020	0	0	17	50
Feb 29, 2020	0	2	38	52
Mar 01, 2020	0	12	55	116
Mar 02, 2020	2	6	82	144
Mar 03, 2020	2	7	60	117
Mar 04, 2020	2	6	81	187
Mar 05, 2020	2	10	64	174
Mar 06, 2020	4	1	65	756
Mar 07, 2020	4	6	107	465
Mar 08, 2020	6	3	104	260
Mar 09, 2020	19	20	103	337
Mar 10, 2020	25	9	153	228
Mar 11, 2020	31	15	109	317
Mar 12, 2020	30	12	130	253
Mar 13, 2020	60	8	129	810
Mar 14, 2020	83	14	114	251
Mar 15, 2020	104	21	149	406
Mar 16, 2020	121	13	113	393
Mar 17, 2020	156	11	196	321
Mar 18, 2020	197	10	106	269
Mar 19, 2020	269	7	181	766
Mar 20, 2020	320	11	218	890
Mar 21, 2020	392	12	247	278
Mar 22, 2020	437	19	218	463
Mar 23, 2020	500	40	337	537
Mar 24, 2020	601	26	219	712
Mar 25, 2020	701	21	330	832
Mar 26, 2020	780	46	399	676
Mar 27, 2020	913	26	316	546
Mar 28, 2020	994	60	282	712
Mar 29, 2020	1107	10	297	1520
Mar 30, 2020	1217	27	380	745
Mar 31, 2020	1311	24	407	817
Apr 01, 2020	1417	15	325	1238
Apr 02, 2020	1508	47	327	1224
Apr 03, 2020	1671	8	185	1801
Apr 04, 2020	1751	26	375	2275
Apr 05, 2020	1911	19	283	2225
Apr 06, 2020	2090	12	357	2803
Apr 07, 2020	2313	42	436	2773
Apr 08, 2020	2494	31	396	2497
Apr 09, 2020	2761	23	275	3156
Apr 10, 2020	2924	22	214	6482
Apr 11, 2020	3229	8	415	1947
Apr 12, 2020	3509	11	260	2089
Apr 13, 2020	3778	8	347	2146
Apr 14, 2020	3954	8	433	1804
Apr 15, 2020	4221	31	292	2296
Apr 16, 2020	4472	14	349	1835
Apr 17, 2020	4796	19	395	1923
Apr 18, 2020	5082	8	484	1036
Apr 19, 2020	5307	23	367	2250
Apr 20, 2020	5423	35	338	1692
Apr 21, 2020	5677	13	336	2148
Apr 22, 2020	5870	16	533	1730
Apr 23, 2020	6168	14	387	1756
Apr 24, 2020	6520	18	233	1594
Apr 25, 2020	6845	16	484	1464
Apr 26, 2020	7032	21	689	1276
Apr 27, 2020	7180	15	568	1506
Apr 28, 2020	7484	33	490	1352
Apr 29, 2020	7596	13	529	1312
Apr 30, 2020	7804	59	489	1215
May 01, 2020	8160	43	496	1032
May 02, 2020	8347	30	486	1072
May 03, 2020	8471	21	693	957
May 04, 2020	8769	36	973	1096
May 05, 2020	9002	48	634	1112
May 06, 2020	9226	25	949	1157
May 07, 2020	9465	21	526	1093
May 08, 2020	9675	19	479	1227
May 09, 2020	10079	27	415	1079
May 10, 2020	10361	55	686	1279
May 11, 2020	10393	23	687	935
May 12, 2020	10679	24	678	1071
May 13, 2020	11123	53	557	1111
May 14, 2020	11445	40	700	1297
May 15, 2020	11617	28	467	1311
May 16, 2020	12025	22	609	1317
May 17, 2020	12237	35	684	1197
May 18, 2020	12495	23	585	1512
May 19, 2020	12808	49	703	1635
May 20, 2020	13372	31	993	1756
May 21, 2020	14046	50	672	1712
May 22, 2020	14413	32	847	1796
May 23, 2020	15145	40	1043	1729
May 24, 2020	15497	36	1240	1912
May 25, 2020	15717	41	979	1724
May 26, 2020	15870	48	1111	1739
May 27, 2020	16321	43	1014	1812
May 28, 2020	16802	43	857	1943
May 29, 2020	17204	64	1017	1896
May 30, 2020	17185	33	1106	2021
May 31, 2020	17552	45	1031	2156
Jun 01, 2020	17662	63	1331	2073
Jun 02, 2020	17951	34	1041	2129
Jun 03, 2020	18129	56	1226	2279
Jun 04, 2020	18205	36	862	2256
Jun 05, 2020	18308	35	954	2297
Jun 06, 2020	18806	35	1051	2311
Jun 07, 2020	18837	38	1113	2011
Jun 08, 2020	19246	47	1178	2097
Jun 09, 2020	19739	63	1240	2133
Jun 10, 2020	20228	37	1385	2073
Jun 11, 2020	20659	34	1198	1986
Jun 12, 2020	21145	51	1082	2099
Jun 13, 2020	21553	71	1293	1926
Jun 14, 2020	21612	58	1385	1916
Jun 15, 2020	21973	53	1624	2085
Jun 16, 2020	22466	49	1301	2137
Jun 17, 2020	22912	53	1447	2179
Jun 18, 2020	23625	82	1607	2201
Jun 19, 2020	24081	70	1209	2192
Jun 20, 2020	24717	68	1268	2207
Jun 21, 2020	25022	50	1853	2836
Jun 22, 2020	25610	58	2657	2733
Jun 23, 2020	26120	52	1611	2936
Jun 24, 2020	26778	66	1671	3007
Jun 25, 2020	27118	71	1681	2749
Jun 26, 2020	27411	50	1282	2809
Jun 27, 2020	28183	54	1591	2649
Jun 28, 2020	28320	87	1522	2870
Jun 29, 2020	28487	76	1574	2578
Jun 30, 2020	28703	84	1462	2729
Jul 01, 2020	29241	59	1752	2611
Jul 02, 2020	29740	127	1639	2348
Jul 03, 2020	30091	96	1693	2503
Jul 04, 2020	30834	81	1655	2381
Jul 05, 2020	31473	139	1882	2753
Jul 06, 2020	31798	117	1906	2917
Jul 07, 2020	32132	89	1761	2463
Jul 08, 2020	33135	49	1868	2713
Jul 09, 2020	34668	67	1492	2839
Jul 10, 2020	35349	57	1525	2651
Jul 11, 2020	35764	63	1748	2327
Jul 12, 2020	36455	74	2381	2546
Jul 13, 2020	36636	83	1904	2731
Jul 14, 2020	37226	73	2040	2291
Jul 15, 2020	37247	62	1560	3047
Jul 16, 2020	37450	43	1519	2265
Jul 17, 2020	37339	66	1679	2427
Jul 18, 2020	37598	86	1922	2488
Jul 19, 2020	36977	64	1815	2299
Jul 20, 2020	36998	69	1882	2264
Jul 21, 2020	37083	72	2473	2489
Jul 22, 2020	37037	65	2277	2390
Jul 23, 2020	36917	65	1893	1982
Jul 24, 2020	36808	42	1687	2107
Jul 25, 2020	37218	59	1693	1894
Jul 26, 2020	37342	79	1942	1931
Jul 27, 2020	37292	65	2098	1875
Jul 28, 2020	36611	53	2307	2097
Jul 29, 2020	37319	50	2345	2084
Jul 30, 2020	36986	79	2081	2319
Jul 31, 2020	37338	57	1821	2311
Aug 01, 2020	36824	70	1673	2272
Aug 02, 2020	37244	69	1902	2126
Aug 03, 2020	37595	72	2266	2307
Aug 04, 2020	37618	82	2197	2397
Aug 05, 2020	37530	94	2090	2531
Aug 06, 2020	37587	86	2037	2261
Aug 07, 2020	38076	79	1877	2398
Aug 08, 2020	38539	99	2447	2249
Aug 09, 2020	38721	86	2306	2271
Aug 10, 2020	39082	120	2719	1978
Aug 11, 2020	39242	105	3003	1624
Aug 12, 2020	39017	92	3308	1814
Aug 13, 2020	39290	82	2858	1753
Aug 14, 2020	39484	74	2743	1819
Aug 15, 2020	40076	88	2775	1856
Aug 16, 2020	40296	111	3075	1671
Aug 17, 2020	40705	134	3622	1724
Aug 18, 2020	40460	82	3269	1647
Aug 19, 2020	39942	108	3128	1708
Aug 20, 2020	40119	85	3444	1630
Aug 21, 2020	39917	105	2880	1836
Aug 22, 2020	39706	100	3046	1762
Aug 23, 2020	39355	106	3307	1901
Aug 24, 2020	37593	120	3861	1693
Aug 25, 2020	38134	88	3737	1812
Aug 26, 2020	37812	106	3806	1768
Aug 27, 2020	37245	73	3636	1632
Aug 28, 2020	37818	118	3141	1577
Aug 29, 2020	39132	124	3507	1574
Aug 30, 2020	40525	135	3963	1812
Aug 31, 2020	41420	122	3635	1891
Sep 01, 2020	42009	114	3891	1677
Sep 02, 2020	43059	112	4168	1794
Sep 03, 2020	44463	105	3989	1713
Sep 04, 2020	45524	124	4176	1823
Sep 05, 2020	46324	160	4071	1769
Sep 06, 2020	47509	140	4465	1672
Sep 07, 2020	48207	128	4634	1842
Sep 08, 2020	48847	113	4823	1697
Sep 09, 2020	49806	90	4494	1731
Sep 10, 2020	51237	78	3874	1697
Sep 11, 2020	52179	87	3509	1977
Sep 12, 2020	53638	128	4002	1726
Sep 13, 2020	54649	139	4284	1771
Sep 14, 2020	54277	116	4174	1971
Sep 15, 2020	55000	116	4317	2035
Sep 16, 2020	55792	83	4007	1829
Sep 17, 2020	56720	96	3992	1657
Sep 18, 2020	56409	102	3622	2127
Sep 19, 2020	56889	121	4056	1938
Sep 20, 2020	57796	98	4538	1953
Sep 21, 2020	58378	108	4850	2214
Sep 22, 2020	58788	97	4094	2109
Sep 23, 2020	59453	88	4294	1983
Sep 24, 2020	60064	79	4497	2013
Sep 25, 2020	60431	91	3267	2209
Sep 26, 2020	61628	92	3906	2119
Sep 27, 2020	61813	129	4127	2361
Sep 28, 2020	61379	112	4411	2196
Sep 29, 2020	61686	79	4301	2229
Sep 30, 2020	61321	84	4301	2412
Oct 01, 2020	61839	80	4105	1896
Oct 02, 2020	63187	106	3373	2411
Oct 03, 2020	63399	117	3602	2291
Oct 04, 2020	63894	123	4267	2327
Oct 05, 2020	63274	102	4432	2507
Oct 06, 2020	63365	118	4369	2309
Oct 07, 2020	63951	128	4070	2191
Oct 08, 2020	64924	94	3732	2079
Oct 09, 2020	65314	112	3222	2571
Oct 10, 2020	65706	101	3520	2439
Oct 11, 2020	66578	100	4029	2732
Oct 12, 2020	66262	89	3565	2719
Oct 13, 2020	65299	81	2897	2991
Oct 14, 2020	64742	87	3143	3223
Oct 15, 2020	63231	74	2696	2856
Oct 16, 2020	63570	101	2618	3011
Oct 17, 2020	63739	102	2973	3479
Oct 18, 2020	64032	113	3356	3960
Oct 19, 2020	63380	89	4065	3316
Oct 20, 2020	62455	94	3778	4033
Oct 21, 2020	62743	98	4262	3965
Oct 22, 2020	63576	74	3880	4011
Oct 23, 2020	63733	75	2853	4206
Oct 24, 2020	63556	72	3779	4163
Oct 25, 2020	62649	75	3770	4196
Oct 26, 2020	61851	97	4173	4361
Oct 27, 2020	60694	104	5444	4306
Oct 28, 2020	61078	111	5272	4681
Oct 29, 2020	60569	63	4106	4702
Oct 30, 2020	58868	85	3535	4630
Oct 31, 2020	58418	97	3807	4761
Nov 01, 2020	56899	110	4265	4556
Nov 02, 2020	55792	97	4798	4226
Nov 03, 2020	54732	78	4792	4927
Nov 04, 2020	54190	96	4998	4887
Nov 05, 2020	54306	110	4360	4665
Nov 06, 2020	54427	118	4442	5201
Nov 07, 2020	54879	109	4192	5176
Nov 08, 2020	54804	114	5534	5312
Nov 09, 2020	53614	127	4917	5053
Nov 10, 2020	53846	169	5828	5411
Nov 11, 2020	54300	125	5418	5461
Nov 12, 2020	55274	169	6267	5076
Nov 13, 2020	57604	130	4617	6105
Nov 14, 2020	59765	136	5092	6071
Nov 15, 2020	59911	118	5533	5881
Nov 16, 2020	59909	156	8369	6075
Nov 17, 2020	60426	124	5803	6209
Nov 18, 2020	60870	110	6027	6721
Nov 19, 2020	61306	151	6089	5321
Nov 20, 2020	62080	127	5754	7111
Nov 21, 2020	63579	133	5292	7309
Nov 22, 2020	63596	171	6058	6961
Nov 23, 2020	63722	165	6033	7309
Nov 24, 2020	64878	175	6310	7891
Nov 25, 2020	65804	142	6388	7669
Nov 26, 2020	66752	166	6189	6790
Nov 27, 2020	68604	137	5489	8766
Nov 28, 2020	69370	155	6120	9461
Nov 29, 2020	71658	137	6725	9859
Nov 30, 2020	71420	142	7354	9812
Dec 01, 2020	72015	124	6689	10091
Dec 02, 2020	73429	145	7751	11261
Dec 03, 2020	77969	221	6982	8791
Dec 04, 2020	80023	205	6848	11602
Dec 05, 2020	81669	172	6347	11090
Dec 06, 2020	83285	151	7514	12157
Dec 07, 2020	84481	181	7199	11269
Dec 08, 2020	85345	258	7259	11415
Dec 09, 2020	87284	147	6740	12528
Dec 10, 2020	88622	243	6528	9686
Dec 11, 2020	89846	215	5854	13000
Dec 12, 2020	91602	251	7903	11417
Dec 13, 2020	93165	241	8002	10961
Dec 14, 2020	93396	194	8074	10045
Dec 15, 2020	93662	191	8072	11154
Dec 16, 2020	94922	226	7203	12083
Dec 17, 2020	97139	179	6877	8961
Dec 18, 2020	98688	177	6753	10469
Dec 19, 2020	102029	198	7445	9111
Dec 20, 2020	103239	187	8854	9312
Dec 21, 2020	104809	224	9321	9632
Dec 22, 2020	105146	233	10617	10196
Dec 23, 2020	106528	194	10046	10491
Dec 24, 2020	108269	182	9640	9051
Dec 25, 2020	108946	214	8692	8812
Dec 26, 2020	109150	302	10047	9312
Dec 27, 2020	108452	306	11278	8891
Dec 28, 2020	107789	295	11557	8657
Dec 29, 2020	108636	238	12818	9306
Dec 30, 2020	109439	283	14224	10119
Dec 31, 2020	109963	220	11287	6737
Jan 01, 2021	111005	295	9086	8756
Jan 02, 2021	110400	308	10365	8692
Jan 03, 2021	110679	267	12568	7719
Jan 04, 2021	110089	346	11703	8291
Jan 05, 2021	110693	250	13632	11493
Jan 06, 2021	112593	211	12191	10032
Jan 07, 2021	114766	171	11788	8101
Jan 08, 2021	117704	297	9994	8812
Jan 09, 2021	120928	336	13094	7421
Jan 10, 2021	122873	387	11948	6849
Jan 11, 2021	123636	476	13695	6729
Jan 12, 2021	126313	187	13802	5923
Jan 13, 2021	129628	210	14518	7211
Jan 14, 2021	133149	270	12001	5412
Jan 15, 2021	138238	279	10994	6213
Jan 16, 2021	143517	304	10379	5913
Jan 17, 2021	145482	189	11984	6362
Jan 18, 2021	144798	231	11434	6384
Jan 19, 2021	146842	201	11749	5929
Jan 20, 2021	149388	191	12156	6737
Jan 21, 2021	151658	163	10827	7127
Jan 22, 2021	156683	207	8242	6799
Jan 23, 2021	158751	213	8700	6319
Jan 24, 2021	162617	191	8776	6276
Jan 25, 2021	161636	214	8435	6297
Jan 26, 2021	163526	275	9869	6096
Jan 27, 2021	164113	280	8844	6512
Jan 28, 2021	166540	247	6765	6399
Jan 29, 2021	170017	184	6462	6519
Jan 30, 2021	174083	229	10029	7158
Jan 31, 2021	175095	192	9687	6254
Feb 01, 2021	175349	181	9039	6892
Feb 02, 2021	172576	183	10614	6194
Feb 03, 2021	175236	164	8054	6190
Feb 04, 2021	174798	173	7300	5739
Feb 05, 2021	176672	202	10180	6054
Feb 06, 2021	176433	323	9775	6180
Feb 07, 2021	176291	240	7533	6491
Feb 08, 2021	171288	264	8493	6473
Feb 09, 2021	169351	268	8232	5769
Feb 10, 2021	168416	195	6208	6570
Feb 11, 2021	166492	185	5560	6157
Feb 12, 2021	165086	159	6680	6712
Feb 13, 2021	161731	193	5712	6297
Feb 14, 2021	159012	203	6808	6307
Feb 15, 2021	158498	176	7264	6491
Feb 16, 2021	160689	129	6971	6791
Feb 17, 2021	162182	128	5767	6619
Feb 18, 2021	160494	112	5826	6931
Feb 19, 2021	160142	281	6894	6715
Feb 20, 2021	158197	210	6389	6914
Feb 21, 2021	157088	175	5633	6599
Feb 22, 2021	157148	117	5144	7151
Feb 23, 2021	158604	180	6412	6712
Feb 24, 2021	158162	100	4607	7055
Feb 25, 2021	157705	97	4714	7614
Feb 26, 2021	158408	147	5589	6612
Feb 27, 2021	157039	180	5414	6591
Feb 28, 2021	155765	162	6825	6809
Mar 01, 2021	153074	227	6570	6911
Mar 02, 2021	149645	197	6279	6872
Mar 03, 2021	147197	108	5656	7241
Mar 04, 2021	147845	103	4396	7050
Mar 05, 2021	148356	161	5744	7349
Mar 06, 2021	147172	154	5297	6841
Mar 07, 2021	147740	118	5227	7152
Mar 08, 2021	145628	98	6107	7409
Mar 09, 2021	144311	85	4982	7509
Mar 10, 2021	144213	198	4461	6911
Mar 11, 2021	141070	85	4083	6409
Mar 12, 2021	140451	132	5008	7591
Mar 13, 2021	138942	173	4682	7309
Mar 14, 2021	137912	104	5937	6813
Mar 15, 2021	136524	196	6142	7059
Mar 16, 2021	134042	97	5325	7701
Mar 17, 2021	131695	91	4345	7316
Mar 18, 2021	131753	427	6731	7317
Mar 19, 2021	131828	146	3712	7912
Mar 20, 2021	131616	162	4549	6513
Mar 21, 2021	129844	87	4860	6530
Mar 22, 2021	128250	163	5504	6117
Mar 23, 2021	126439	121	5265	6943
Mar 24, 2021	123926	95	4723	6988
Mar 25, 2021	125279	87	4127	7711
Mar 26, 2021	124497	126	4829	7706
Mar 27, 2021	124517	126	5702	8105
Mar 28, 2021	124236	124	5656	7269
Mar 29, 2021	123694	167	6177	8319
Mar 30, 2021	122326	123	5363	8526
Mar 31, 2021	122524	132	5041	8811
Apr 01, 2021	121222	96	4585	7805
Apr 02, 2021	121011	143	4952	8469
Apr 03, 2021	120068	210	5549	8151
Apr 04, 2021	116709	230	5720	8409
Apr 05, 2021	114475	165	6243	8101
Apr 06, 2021	114566	174	5436	8812
Apr 07, 2021	113570	154	4544	8679
Apr 08, 2021	111271	94	4402	8435
Apr 09, 2021	110138	177	5944	9057
Apr 10, 2021	111137	168	4656	8912
Apr 11, 2021	109958	177	5241	9110
Apr 12, 2021	109372	218	5833	9209
Apr 13, 2021	108599	187	5500	9709
Apr 14, 2021	108384	131	4512	10039
Apr 15, 2021	108032	144	4394	12456
Apr 16, 2021	107297	153	4730	11191
Apr 17, 2021	106243	188	4369	12670
Apr 18, 2021	105859	212	5285	11961
Apr 19, 2021	104319	147	5647	13212
Apr 20, 2021	102930	167	6327	13427
Apr 21, 2021	101106	179	6130	13632
Apr 22, 2021	101191	170	3922	13201
Apr 23, 2021	100533	206	4891	12614
Apr 24, 2021	99970	247	5021	14112
Apr 25, 2021	100474	152	4608	14712
Apr 26, 2021	100652	99	3448	14961
Apr 27, 2021	100256	107	2633	15891
Apr 28, 2021	100502	144	2385	14983
Apr 29, 2021	100102	126	3080	16257
Apr 30, 2021	100213	212	4295	16743
May 01, 2021	100250	172	4185	17101
May 02, 2021	100760	192	4871	16784
May 03, 2021	100564	218	5797	17637
May 04, 2021	99087	186	5746	16841
May 05, 2021	98217	132	5296	18265
May 06, 2021	98277	123	5280	16397
May 07, 2021	98546	127	5907	18292
May 08, 2021	99003	172	5060	17321
May 09, 2021	98395	144	5034	17490
May 10, 2021	96742	136	6278	17005
May 11, 2021	95924	193	5862	17890
May 12, 2021	95709	162	6565	17803
May 13, 2021	94857	142	6115	16307
May 14, 2021	93576	174	5662	14654
May 15, 2021	91636	145	4824	15271
May 16, 2021	90800	185	5246	15901
May 17, 2021	89129	187	5353	16023
May 18, 2021	87514	201	6486	14673
May 19, 2021	87829	153	6594	17894
May 20, 2021	88439	163	5832	14211
May 21, 2021	89429	191	6993	14922
May 22, 2021	91240	189	6294	14043
May 23, 2021	92847	170	7725	13963
May 24, 2021	93393	211	8892	14676
May 25, 2021	94486	193	8083	16711
May 26, 2021	96187	164	7465	17401
May 27, 2021	98405	149	9868	13712
May 28, 2021	98704	237	8189	14781
May 29, 2021	99690	164	8161	16495
May 30, 2021	101639	196	9944	17156
May 31, 2021	102006	277	12624	18912
Jun 01, 2021	101325	290	12990	16512
Jun 02, 2021	100364	248	12906	14799
Jun 03, 2021	94438	371	13737	13795
Jun 04, 2021	94773	294	14536	14390
Jun 05, 2021	96973	335	13668	15309
Jun 06, 2021	98455	303	15308	13571
Jun 07, 2021	99663	355	20574	12291
Jun 08, 2021	99963	422	18872	12419
Jun 09, 2021	101635	358	21095	21409
Jun 10, 2021	104655	409	21342	12711
Jun 11, 2021	106315	423	20694	15479
Jun 12, 2021	108324	463	20467	12511
Jun 13, 2021	113388	467	21807	13809
Jun 14, 2021	115197	504	24836	16609
Jun 15, 2021	116787	539	25830	13224
Jun 16, 2021	120306	493	27913	12309
Jun 17, 2021	125303	555	27233	13869
Jun 18, 2021	130096	558	29745	13401
Jun 19, 2021	135738	728	31189	12307
Jun 20, 2021	142719	1040	34379	11909
Jun 21, 2021	147728	852	38391	11476
Jun 22, 2021	152686	871	38124	12309
Jun 23, 2021	160524	826	35094	13091
Jun 24, 2021	171542	1007	36197	12490
Jun 25, 2021	181435	891	40427	13109
Jun 26, 2021	194776	864	47899	12929
Jun 27, 2021	207685	991	54517	12409
Jun 28, 2021	218476	982	56757	14219
Jun 29, 2021	228835	1205	54000	14567
Jun 30, 2021	239368	1092	51952	13111
Jul 01, 2021	253826	1093	44721	12201
Jul 02, 2021	267539	1338	34257	12690
Jul 03, 2021	281677	1280	38325	11436
Jul 04, 2021	295228	1383	33772	14608
Jul 05, 2021	309999	1449	49509	12712
Jul 06, 2021	324597	1566	49071	14235
Jul 07, 2021	343101	1415	45416	13198
Jul 08, 2021	359455	1266	38679	14176
Jul 09, 2021	367733	1487	28228	14895
Jul 10, 2021	373440	2069	45203	15821
Jul 11, 2021	376015	1824	47791	15630
Jul 12, 2021	380797	1893	43479	14619
Jul 13, 2021	407709	1759	41168	13783
Jul 14, 2021	443473	1808	37284	16074
Jul 15, 2021	480199	1604	30738	15601
Jul 16, 2021	504915	1568	22404	16731
Jul 17, 2021	527872	1598	33900	16711
Jul 18, 2021	542236	1747	35867	17593
Jul 19, 2021	542938	1739	35764	16181
Jul 20, 2021	550192	1635	39532	17112
Jul 21, 2021	549694	1588	31753	18190
Jul 22, 2021	561384	1498	26415	16309
Jul 23, 2021	569901	1475	20709	18727
Jul 24, 2021	574135	2048	32081	17684
Jul 25, 2021	573908	1579	30625	17490
Jul 26, 2021	560275	1466	24709	17633
Jul 27, 2021	556281	1432	30788	18184
Jul 28, 2021	558392	1270	28598	18902
Jul 29, 2021	554484	1222	20813	19298
Jul 30, 2021	549343	1245	17384	18909
Jul 31, 2021	545447	1180	20741	17923
Aug 01, 2021	535135	1128	15768	19338
Aug 02, 2021	523164	1492	22053	20117
Aug 03, 2021	524142	1348	20004	20148
Aug 04, 2021	524011	1361	16744	22967
Aug 05, 2021	518310	1030	12408	24703
Aug 06, 2021	507375	842	9604	22795
Aug 07, 2021	497824	1038	19106	23772
Aug 08, 2021	474233	1041	18671	26540
Aug 09, 2021	448508	889	16899	25738
Aug 10, 2021	437055	599	12618	26911
Aug 11, 2021	426170	591	10050	28792
Aug 12, 2021	412776	551	7427	27513
Aug 13, 2021	400129	568	5436	26299
Aug 14, 2021	395577	532	10534	28112
Aug 15, 2021	384807	653	10337	28217
Aug 16, 2021	371021	680	8955	29331
Aug 17, 2021	358357	574	7797	27639
Aug 18, 2021	343203	539	6727	26441
Aug 19, 2021	334752	392	5403	27628
Aug 20, 2021	327286	612	4413	34612
Aug 21, 2021	319658	683	7201	29664
Aug 22, 2021	306760	626	6731	28552
Aug 23, 2021	290764	334	5990	32187
Aug 24, 2021	273750	315	5376	27633
Aug 25, 2021	257677	270	5001	32178
Aug 26, 2021	243588	188	3779	31969
Aug 27, 2021	236317	276	2577	32107
Aug 28, 2021	227182	250	4128	29644
Aug 29, 2021	217590	267	3948	28663
Aug 30, 2021	203060	237	3145	30522
Aug 31, 2021	196281	219	3835	31388
Sep 01, 2021	189571	185	3385	32193
Sep 02, 2021	176638	145	2234	32503
Sep 03, 2021	168317	166	1932	30881
Sep 04, 2021	160699	171	3263	29922
Sep 05, 2021	155519	149	2720	31269
Sep 06, 2021	146271	160	2881	28657
Sep 07, 2021	138630	144	2557	30911
Sep 08, 2021	132823	123	2137	28163
Sep 09, 2021	127829	86	1760	28091
Sep 10, 2021	118534	118	1390	28514
Sep 11, 2021	115679	124	2057	29817
Sep 12, 2021	109869	117	1954	28979
Sep 13, 2021	99696	113	1690	29812
Sep 14, 2021	92328	87	1624	27531
Sep 15, 2021	84963	89	1414	28146
Sep 16, 2021	73238	58	1142	25491
Sep 17, 2021	68942	88	922	28701
Sep 18, 2021	65066	77	1404	28102
Sep 19, 2021	60969	75	1484	27119
Sep 20, 2021	55936	81	1393	27106
Sep 21, 2021	52447	66	1384	27548
Sep 22, 2021	49662	52	1167	26094
Sep 23, 2021	47997	39	894	25011
Sep 24, 2021	45803	65	620	23102
Sep 25, 2021	44071	47	1261	23109
Sep 26, 2021	42769	48	1233	22011
Sep 27, 2021	40270	37	1053	22011
Sep 28, 2021	38652	41	915	21564
Sep 29, 2021	37412	44	997	22019
Sep 30, 2021	36141	19	747	21859
Oct 01, 2021	34867	47	626	21931
Oct 02, 2021	33812	50	903	20145
Oct 03, 2021	32876	28	914	20169
Oct 04, 2021	31054	43	633	20091
Oct 05, 2021	29823	33	760	17161
Oct 06, 2021	28381	23	802	16951
Oct 07, 2021	27747	29	623	16097
Oct 08, 2021	25551	30	460	15419
Oct 09, 2021	25159	35	611	16484
Oct 10, 2021	24430	29	719	16011
Oct 11, 2021	22541	34	723	15946
Oct 12, 2021	21625	28	683	14819
Oct 13, 2021	20551	27	620	15849
Oct 14, 2021	19852	17	523	14357
Oct 15, 2021	19318	18	403	15011
Oct 16, 2021	18746	34	612	14116
Oct 17, 2021	18388	24	801	9196
Oct 18, 2021	17374	19	628	14179
Oct 19, 2021	16697	19	518	13706
Oct 20, 2021	16376	15	401	14286
Oct 21, 2021	15594	11	444	13021
Oct 22, 2021	15090	12	244	14369
Oct 23, 2021	14803	21	434	13826
Oct 24, 2021	14360	14	480	13291
Oct 25, 2021	13554	16	435	13261
Oct 26, 2021	12989	20	399	12086
Oct 27, 2021	12735	16	359	13291
Oct 28, 2021	12440	15	339	13117
Oct 29, 2021	12414	11	221	12952
Oct 30, 2021	12309	15	347	14126
Oct 31, 2021	12318	13	522	13116
Nov 01, 2021	11919	11	400	12736
Nov 02, 2021	11629	5	360	12682
Nov 03, 2021	11592	14	393	13602
Nov 04, 2021	11364	11	314	13295
Nov 05, 2021	11215	5	186	14299
Nov 06, 2021	10979	9	394	13219
Nov 07, 2021	10825	13	451	13696
Nov 08, 2021	9774	16	372	14136
Nov 09, 2021	9602	14	453	13785
Nov 10, 2021	9537	11	404	13066
Nov 11, 2021	9486	1	264	14209
Nov 12, 2021	9305	11	176	12802
Nov 13, 2021	9197	11	297	12491
Nov 14, 2021	9018	10	278	12304
Nov 15, 2021	8522	10	311	12640
Nov 16, 2021	8339	8	245	13288
Nov 17, 2021	8390	5	246	12306
Nov 18, 2021	8315	4	196	12891
Nov 19, 2021	8154	9	130	11985
Nov 20, 2021	8154	17	261	12062
Nov 21, 2021	8126	16	264	11635
Nov 22, 2021	7965	9	220	12029
Nov 23, 2021	7916	5	192	11936
Nov 24, 2021	7977	6	228	11628
Nov 25, 2021	8040	7	163	11217
Nov 26, 2021	8093	12	106	11196
Nov 27, 2021	8226	12	190	10182
Nov 28, 2021	8214	9	205	10193
Nov 29, 2021	7960	10	213	10029
Nov 30, 2021	7922	7	291	9104
Dec 01, 2021	7883	12	232	8958
Dec 02, 2021	7796	4	164	7369
Dec 03, 2021	7705	11	133	7298
Dec 04, 2021	7632	11	216	7117
Dec 05, 2021	7526	10	179	7186
Dec 06, 2021	5642	8	136	6473
Dec 07, 2021	5466	5	204	6492
Dec 08, 2021	5363	6	255	6958
Dec 09, 2021	5278	2	92	6592
Dec 10, 2021	5154	8	120	6356
Dec 11, 2021	5186	8	278	6218
Dec 12, 2021	5158	10	194	5813
Dec 13, 2021	4974	7	189	5162
Dec 14, 2021	4905	6	180	5169
Dec 15, 2021	4864	2	274	5163
Dec 16, 2021	4833	1	174	4836
Dec 17, 2021	4912	5	265	4126
Dec 18, 2021	4918	3	299	4417
Dec 19, 2021	4923	4	404	5212
Dec 20, 2021	4829	7	533	3206
Dec 21, 2021	4829	5	518	3629
Dec 22, 2021	4746	6	479	3019
Dec 23, 2021	4642	2	529	2807
Dec 24, 2021	4659	7	454	2061
Dec 25, 2021	4713	8	802	2167
Dec 26, 2021	4655	6	646	2117
Dec 27, 2021	4496	5	793	2137
Dec 28, 2021	4614	8	850	1983
Dec 29, 2021	4528	4	1054	2206
Dec 30, 2021	4311	3	855	2269
Dec 31, 2021	4292	4	772	2081
Jan 01, 2022	4399	9	1362	1726
Jan 02, 2022	4382	9	1745	1692
Jan 03, 2022	4530	7	2116	1658
Jan 04, 2022	4658	2	2604	1643
Jan 05, 2022	4878	5	3205	1638
Jan 06, 2022	5195	14	2925	1429
Jan 07, 2022	5494	7	2927	1526
Jan 08, 2022	5792	20	4878	1329
Jan 09, 2022	6108	7	7010	1429
Jan 10, 2022	6311	7	8077	1429
Jan 11, 2022	6659	7	9905	1963
Jan 12, 2022	6985	17	11588	1953
Jan 13, 2022	7388	18	12422	2094
Jan 14, 2022	7877	17	10185	1953
Jan 15, 2022	8463	28	16021	2013
Jan 16, 2022	8605	25	17895	2173
Jan 17, 2022	8775	38	27197	2164
Jan 18, 2022	9564	42	32211	2234
Jan 19, 2022	10796	44	33729	2195
Jan 20, 2022	12328	57	36057	2318
Jan 21, 2022	14119	82	26121	2294
Jan 22, 2022	16692	83	37492	2319
Jan 23, 2022	18891	65	46843	2416
Jan 24, 2022	20867	74	40618	2314
Jan 25, 2022	24856	100	40489	3294
Jan 26, 2022	29277	107	55209	3513
Jan 27, 2022	35704	111	44526	3534
Jan 28, 2022	43574	145	36501	3261
Jan 29, 2022	52555	134	57049	3615
Jan 30, 2022	61718	167	64718	4152
Jan 31, 2022	68596	206	63956	4173
Feb 01, 2022	81349	216	59635	4519
Feb 02, 2022	94109	158	59384	6219
Feb 03, 2022	115275	163	48484	9213
Feb 04, 2022	140254	176	34418	8126
Feb 05, 2022	163468	257	57491	14216
Feb 06, 2022	188899	227	61488	18679
Feb 07, 2022	206361	317	57426	20159
Feb 08, 2022	233062	244	49447	24163
Feb 09, 2022	265824	258	46643	22174
Feb 10, 2022	288186	229	34976	22157
Feb 11, 2022	312808	262	25054	21034
Feb 12, 2022	335340	325	24728	17453
Feb 13, 2022	352839	376	40920	28473
Feb 14, 2022	375857	232	37259	24342
Feb 15, 2022	406025	328	26347	22136
Feb 16, 2022	445190	322	30156	29143
Feb 17, 2022	469868	254	24867	24567
Feb 18, 2022	496383	258	21380	31241
Feb 19, 2022	520910	401	30148	31291
Feb 20, 2022	536358	304	26336	27516
Feb 21, 2022	530671	278	21311	22317
Feb 22, 2022	549431	290	16110	21623
Feb 23, 2022	571522	248	14900	18392
Feb 24, 2022	586113	215	11585	22649
Feb 25, 2022	573955	271	9629	14216
Feb 26, 2022	578535	308	14408	17493
Feb 27, 2022	573898	230	13018	18062
Feb 28, 2022	554698	237	11532	13514
Mar 01, 2022	539214	199	9528	12376
Mar 02, 2022	536823	188	7951	18416
Mar 03, 2022	531696	139	5922	12637
Mar 04, 2022	517253	154	4699	9873
Mar 05, 2022	500418	170	7464	11314
Mar 06, 2022	475951	159	6376	9493
Mar 07, 2022	448273	122	5808	7259
Mar 08, 2022	422892	120	4857	7164
Mar 09, 2022	417219	107	4189	7658
Mar 10, 2022	399853	100	3077	6379
Mar 11, 2022	376461	104	2798	5926
Mar 12, 2022	357380	108	3895	5752
Mar 13, 2022	342896	118	3840	5984
Mar 14, 2022	312958	89	3332	5921
Mar 15, 2022	299443	75	2930	6496
Mar 16, 2022	279969	77	2300	6731
Mar 17, 2022	262477	47	1933	6924
Mar 18, 2022	245979	61	1661	5167
Mar 19, 2022	229734	72	2282	5349
Mar 20, 2022	219688	43	2400	6193
Mar 21, 2022	203345	45	2089	4637
Mar 22, 2022	181555	47	1755	4370
Mar 23, 2022	168563	41	1468	4382
Mar 24, 2022	155977	29	1071	4127
Mar 25, 2022	146004	48	1196	4295
Mar 26, 2022	139143	43	1455	4291
Mar 27, 2022	129621	29	1551	3956
Mar 28, 2022	122014	48	833	4526
Mar 29, 2022	115709	26	922	5137
Mar 30, 2022	111555	24	602	5207
Mar 31, 2022	106927	22	607	4192
Apr 01, 2022	100746	37	559	4196
Apr 02, 2022	98171	34	837	4912
Apr 03, 2022	95990	37	741	3826
Apr 04, 2022	90235	41	585	5193
Apr 05, 2022	85204	25	651	4136
Apr 06, 2022	82146	27	522	4636
Apr 07, 2022	78302	33	382	5234
Apr 08, 2022	76568	33	317	3967
Apr 09, 2022	74130	30	576	4926
Apr 10, 2022	72679	36	617	3769
Apr 11, 2022	69849	18	412	4413
Apr 12, 2022	67975	23	395	3467
Apr 13, 2022	66475	17	329	4155
Apr 14, 2022	64044	16	244	3816
Apr 15, 2022	62665	14	168	3740
Apr 16, 2022	60475	18	107	3624
Apr 17, 2022	58278	16	176	3102
Apr 18, 2022	50969	19	250	3061
Apr 19, 2022	49022	17	245	2934
Apr 20, 2022	45091	14	218	3104
Apr 21, 2022	31219	10	227	2925
Apr 22, 2022	21037	15	254	3021
Apr 23, 2022	19450	20	456	2963
Apr 24, 2022	17631	8	400	2516
Apr 25, 2022	13251	14	335	2816
Apr 26, 2022	9739	10	335	2861
Apr 27, 2022	9142	5	308	2613
Apr 28, 2022	8365	5	257	2723
Apr 29, 2022	8165	6	182	3019
Apr 30, 2022	7879	17	247	3014
May 01, 2022	7474	17	327	2842
May 02, 2022	7257	12	318	2643
May 03, 2022	6951	3	250	2856
May 04, 2022	6845	6	263	2193
May 05, 2022	6631	3	227	2659
May 06, 2022	6530	12	174	2549
May 07, 2022	6427	14	345	3162
May 08, 2022	6192	5	315	2811
May 09, 2022	6078	3	246	2467
May 10, 2022	5855	9	224	2072
May 11, 2022	5331	8	279	2013
May 12, 2022	4867	1	242	1894
May 13, 2022	4938	12	218	2191
May 14, 2022	4825	5	340	1967
May 15, 2022	4784	3	368	2076
May 16, 2022	4697	6	304	1876
May 17, 2022	3898	4	372	1946
May 18, 2022	3844	6	395	1758
May 19, 2022	3766	5	388	1864
May 20, 2022	3715	7	342	1857
May 21, 2022	3718	2	518	1774
May 22, 2022	3657	4	520	1812
May 23, 2022	2890	7	556	1738
May 24, 2022	2933	3	627	1806
May 25, 2022	3011	3	574	1783
May 26, 2022	3011	2	551	1746
May 27, 2022	2949	9	591	1628
May 28, 2022	2972	10	930	1637
May 29, 2022	2952	8	1242	1681
May 30, 2022	2871	3	1173	1625
May 31, 2022	2959	6	1220	1582
Jun 01, 2022	3141	5	1264	1253
Jun 02, 2022	3105	3	1167	1212
Jun 03, 2022	3123	8	1180	1103
Jun 04, 2022	3254	5	1678	901
Jun 05, 2022	3433	2	1985	713
Jun 06, 2022	3498	4	1907	710
Jun 07, 2022	3664	5	2069	511
Jun 08, 2022	3922	3	1831	511
Jun 09, 2022	4061	3	1726	411
Jun 10, 2022	4341	9	1445	316
Jun 11, 2022	4538	2	2167	307
Jun 12, 2022	4734	3	2149	281
Jun 13, 2022	4926	6	2248	274
Jun 14, 2022	5298	3	2049	211
Jun 15, 2022	6007	5	1794	196
Jun 16, 2022	6668	4	1614	163
Jun 17, 2022	7326	9	1434	186
Jun 18, 2022	8062	8	2577	163
Jun 19, 2022	8594	4	2743	176
Jun 20, 2022	9099	6	2881	191
Jun 21, 2022	10095	5	2472	176
Jun 22, 2022	11391	4	2705	159
Jun 23, 2022	12148	6	2576	204
Jun 24, 2022	13214	7	1681	164
Jun 25, 2022	13968	8	3361	211
Jun 26, 2022	14516	12	3822	234
Jun 27, 2022	14315	9	3584	237
Jun 28, 2022	15310	6	3331	211
Jun 29, 2022	16174	6	4329	248
Jun 30, 2022	16790	10	3540	194
Jul 01, 2022	16915	10	3393	198
Jul 02, 2022	16915	6	5085	237
Jul 03, 2022	16919	10	5653	193
Jul 04, 2022	16476	5	5410	173
Jul 05, 2022	17354	13	4834	194
Jul 06, 2022	18048	9	4943	193
Jul 07, 2022	19046	0	4071	203
Jul 08, 2022	19127	14	4048	188
Jul 09, 2022	19855	13	6483	654
Jul 10, 2022	20535	11	6438	0
Jul 11, 2022	20343	17	6353	389
Jul 12, 2022	21916	13	5831	516
Jul 13, 2022	23787	13	5398	486
Jul 14, 2022	24490	10	4205	693
Jul 15, 2022	24973	11	3696	526
Jul 16, 2022	26594	24	5827	643
Jul 17, 2022	27550	18	6167	653
Jul 18, 2022	28506	14	6527	673
Jul 19, 2022	30989	12	5929	716
Jul 20, 2022	34301	10	5455	626
Jul 21, 2022	36781	13	4279	643
Jul 22, 2022	38239	18	4425	711
Jul 23, 2022	39065	18	6276	783
Jul 24, 2022	40452	18	5926	1024
Jul 25, 2022	40463	22	5532	829
Jul 26, 2022	43422	18	6091	924
Jul 27, 2022	46024	19	5104	938
Jul 28, 2022	46655	18	4442	1245
Jul 29, 2022	47988	26	3588	1137
Jul 30, 2022	49105	25	5869	1342
Jul 31, 2022	48703	19	5253	1659
Aug 01, 2022	47809	21	4039	2419
Aug 02, 2022	49048	26	5163	2619
Aug 03, 2022	50857	22	4922	3954
Aug 04, 2022	50706	12	3949	4628
Aug 05, 2022	50300	19	3300	4619
Aug 06, 2022	50895	24	4858	5973
Aug 07, 2022	50145	18	5428	6438
Aug 08, 2022	49633	19	5214	8197
Aug 09, 2022	51041	21	4549	9648
Aug 10, 2022	52043	15	4170	9537
Aug 11, 2022	52729	7	3228	10597
Aug 12, 2022	53576	21	2871	10714
Aug 13, 2022	53606	20	5070	10241
Aug 14, 2022	53127	25	4563	9258
Aug 15, 2022	52181	25	4094	9248
Aug 16, 2022	52222	17	3616	11420
Aug 17, 2022	53132	23	3260	8824
Aug 18, 2022	51900	16	2764	8134
Aug 19, 2022	52009	21	2340	7649
Aug 20, 2022	52607	28	3607	7291
Aug 21, 2022	50500	21	3513	8163
Aug 22, 2022	48803	12	3138	7647
Aug 23, 2022	48503	12	2804	7437
Aug 24, 2022	48363	16	2609	7016
Aug 25, 2022	47778	13	1939	7113
Aug 26, 2022	46548	17	1848	6634
Aug 27, 2022	48189	20	2896	6419
Aug 28, 2022	46366	21	2799	4673
Aug 29, 2022	44514	21	2651	3816
Aug 30, 2022	45054	27	2358	4117
Aug 31, 2022	45208	8	2079	3286
Sep 01, 2022	44434	8	1683	2813
Sep 02, 2022	43582	23	1620	2394
Sep 03, 2022	42817	15	2518	2116
Sep 04, 2022	41814	18	2384	2135
Sep 05, 2022	39689	18	2162	1319
Sep 06, 2022	38132	20	1904	1091
Sep 07, 2022	38119	12	1724	984
Sep 08, 2022	37804	16	1411	917
Sep 09, 2022	35250	22	1344	943
Sep 10, 2022	34745	21	1976	882
Sep 11, 2022	33946	19	1915	881
Sep 12, 2022	32312	17	2003	846
Sep 13, 2022	31571	19	1857	821
Sep 14, 2022	30411	10	1639	743
Sep 15, 2022	29126	10	1322	707
Sep 16, 2022	28460	11	1134	743
Sep 17, 2022	27850	13	2031	637
Sep 18, 2022	27858	9	1542	517
Sep 19, 2022	26065	12	1831	514
Sep 20, 2022	26035	15	1501	411
Sep 21, 2022	25410	6	1325	429
Sep 22, 2022	23503	7	999	394
Sep 23, 2022	22310	14	1195	388
Sep 24, 2022	21982	16	2077	389
Sep 25, 2022	20808	14	2028	377
Sep 26, 2022	19288	14	1830	382
Sep 27, 2022	19173	18	1786	317
Sep 28, 2022	19185	20	1678	311
Sep 29, 2022	18357	12	1326	281
Sep 30, 2022	17594	14	1233	311
Oct 01, 2022	17697	18	2164	284
Oct 02, 2022	17434	16	2390	262
Oct 03, 2022	16294	19	2307	249
Oct 04, 2022	16774	18	2227	210
Oct 05, 2022	16943	18	2087	188
Oct 06, 2022	17047	13	1685	194
Oct 07, 2022	16711	25	1703	184
Oct 08, 2022	16489	21	3008	192
Oct 09, 2022	16208	24	3048	204
Oct 10, 2022	15871	23	3029	223
Oct 11, 2022	16392	22	3015	194
Oct 12, 2022	17123	27	3141	211
Oct 13, 2022	17226	26	2717	201
Oct 14, 2022	17470	34	2457	186
Oct 15, 2022	17261	32	4707	199
Oct 16, 2022	17213	32	4873	201
Oct 17, 2022	16823	42	4951	196
Oct 18, 2022	17538	31	5303	188
Oct 19, 2022	18504	39	4717	190
Oct 20, 2022	18919	22	3662	184
Oct 21, 2022	19158	42	3828	176
Oct 22, 2022	18919	38	6601	179
Oct 23, 2022	19385	43	6186	211
Oct 24, 2022	18685	37	6294	183
Oct 25, 2022	19915	46	6247	194
Oct 26, 2022	21481	33	6179	196
Oct 27, 2022	21533	36	4877	191
Oct 28, 2022	22743	54	4408	163
Oct 29, 2022	23748	41	7893	172
Oct 30, 2022	24544	54	8486	183
Oct 31, 2022	24658	38	7822	173
Nov 01, 2022	27262	32	6699	0
Nov 02, 2022	30053	25	6383	364
Nov 03, 2022	32080	31	5172	166
Nov 04, 2022	34155	43	4306	166
Nov 05, 2022	35903	51	7644	143
Nov 06, 2022	37048	51	7221	177
Nov 07, 2022	37486	41	7110	152
Nov 08, 2022	40852	35	5976	159
Nov 09, 2022	43797	41	5469	152
Nov 10, 2022	45831	35	4151	141
Nov 11, 2022	47893	59	3225	136
Nov 12, 2022	49300	54	5766	134
Nov 13, 2022	49794	41	5609	121
Nov 14, 2022	49960	54	4977	116
Nov 15, 2022	53774	37	4179	114
Nov 16, 2022	57951	32	3655	113
Nov 17, 2022	60471	25	2548	102
Nov 18, 2022	61284	48	2234	82
Nov 19, 2022	62728	45	3744	71
Nov 20, 2022	62179	41	3351	71
Nov 21, 2022	59587	27	2977	71
Nov 22, 2022	62196	36	2501	53
Nov 23, 2022	64463	23	2191	41
Nov 24, 2022	63863	26	1589	35
Nov 25, 2022	63052	31	1225	31
Nov 26, 2022	62120	32	2117	38
Nov 27, 2022	60581	24	2136	42
Nov 28, 2022	57883	24	1785	33
Nov 29, 2022	58119	27	1451	31
Nov 30, 2022	59276	22	1233	29
Dec 01, 2022	57700	14	860	28
Dec 02, 2022	55841	26	809	31
Dec 03, 2022	54236	27	1297	35
Dec 04, 2022	50987	15	1123	29
Dec 05, 2022	48140	22	1053	27
Dec 06, 2022	47660	19	923	26
Dec 07, 2022	47730	17	784	32
Dec 08, 2022	45562	13	538	29
Dec 09, 2022	43316	14	468	24
Dec 10, 2022	41977	9	803	33
Dec 11, 2022	39809	14	695	36
Dec 12, 2022	37155	9	685	0
Dec 13, 2022	35838	10	552	60
Dec 14, 2022	35442	19	488	27
Dec 15, 2022	33424	7	366	0
Dec 16, 2022	32042	16	262	59
Dec 17, 2022	30884	13	652	27
Dec 18, 2022	29695	9	597	33
Dec 19, 2022	27238	8	535	36
Dec 20, 2022	25727	8	519	29
Dec 21, 2022	24408	6	455	27
Dec 22, 2022	23115	4	345	33
Dec 23, 2022	21207	11	266	33
Dec 24, 2022	20680	3	469	37
Dec 25, 2022	20231	8	402	26
Dec 26, 2022	17473	6	412	33
Dec 27, 2022	16575	8	363	36
Dec 28, 2022	14725	5	389	38
Dec 29, 2022	13964	3	239	34
Dec 30, 2022	13602	12	225	41
Dec 31, 2022	9871	7	357	33
Jan 01, 2023	9577	10	339	41
Jan 02, 2023	9131	8	310	38
Jan 03, 2023	8970	8	292	36
Jan 04, 2023	8893	5	238	30
Jan 05, 2023	8739	4	218	42
Jan 06, 2023	8687	7	119	41
Jan 07, 2023	8456	5	218	36
Jan 08, 2023	8368	2	274	46
Jan 09, 2023	8066	4	322	35
Jan 10, 2023	7920	2	211	51
Jan 11, 2023	7805	1	199	42
Jan 12, 2023	7542	1	165	38
Jan 13, 2023	7426	7	183	36
Jan 14, 2023	7288	4	260	48
Jan 15, 2023	7158	3	273	52
Jan 16, 2023	6841	5	248	39
Jan 17, 2023	6619	4	241	54
Jan 18, 2023	6515	5	186	46
Jan 19, 2023	6382	1	171	49
Jan 20, 2023	5979	6	169	38
Jan 21, 2023	5607	9	392	47
Jan 22, 2023	5461	5	263	42
Jan 23, 2023	5128	3	220	53
Jan 24, 2023	4888	3	239	46
Jan 25, 2023	4821	2	200	63
Jan 26, 2023	4600	4	181	63
Jan 27, 2023	4526	6	169	48
Jan 28, 2023	4470	3	247	54
Jan 29, 2023	4435	5	263	63
Jan 30, 2023	4277	2	219	53
Jan 31, 2023	4270	4	215	64
Feb 01, 2023	4264	0	190	54
Feb 02, 2023	4304	2	113	56
Feb 03, 2023	4268	2	119	46
Feb 04, 2023	4216	4	272	57
Feb 05, 2023	4205	2	212	43
Feb 06, 2023	4062	3	215	63
Feb 07, 2023	4186	5	236	64
Feb 08, 2023	4195	3	182	63
Feb 09, 2023	4155	3	177	64
Feb 10, 2023	4116	3	152	0
Feb 11, 2023	4103	3	266	122
Feb 12, 2023	4092	2	252	61
Feb 13, 2023	3989	4	278	71
Feb 14, 2023	4024	5	211	72
Feb 15, 2023	4126	3	207	71
Feb 16, 2023	4136	2	165	0
Feb 17, 2023	4144	2	144	0
Feb 18, 2023	3720	2	303	214
Feb 19, 2023	3657	3	312	70
Feb 20, 2023	3536	4	307	61
Feb 21, 2023	3604	3	295	73
Feb 22, 2023	3619	1	324	68
Feb 23, 2023	3566	3	223	66
Feb 24, 2023	3571	2	222	57
Feb 25, 2023	3583	3	380	76
Feb 26, 2023	3533	3	362	78
Feb 27, 2023	3412	7	373	82
Feb 28, 2023	3440	5	323	92
Mar 01, 2023	3537	1	355	61
Mar 02, 2023	3558	2	272	54
Mar 03, 2023	3530	4	234	69
Mar 04, 2023	3457	2	473	63
Mar 05, 2023	3044	5	449	92
Mar 06, 2023	2968	2	304	73
Mar 07, 2023	2923	1	357	94
Mar 08, 2023	3095	9	436	124
Mar 09, 2023	3107	0	426	96
Mar 10, 2023	3203	6	329	96
Mar 11, 2023	3325	5	511	0
Mar 12, 2023	3331	3	580	0
Mar 13, 2023	3240	4	556	0
Mar 14, 2023	3366	8	465	0
Mar 15, 2023	3534	3	486	0
Mar 16, 2023	3666	4	403	0
Mar 17, 2023	3701	3	329	0
Mar 18, 2023	3777	5	616	0
Mar 19, 2023	3841	4	665	2211
Mar 20, 2023	3660	5	591	0
Mar 21, 2023	3809	2	619	0
Mar 22, 2023	4100	4	420	0
Mar 23, 2023	4178	2	565	0
Mar 24, 2023	4244	5	494	0
Mar 25, 2023	4352	14	944	0
Mar 26, 2023	4532	11	987	0
Mar 27, 2023	4425	14	990	0
Mar 28, 2023	4755	14	1017	0
Mar 29, 2023	4861	6	941	0
Mar 30, 2023	5012	7	904	0
Mar 31, 2023	5226	6	725	0
Apr 01, 2023	5410	11	1343	0
Apr 02, 2023	5655	12	1242	0
Apr 03, 2023	5549	13	1145	0
Apr 04, 2023	5837	5	904	0
Apr 05, 2023	5945	6	752	0
Apr 06, 2023	6111	1	384	0
Apr 07, 2023	6360	5	620	0
Apr 08, 2023	6419	8	1167	0
Apr 09, 2023	6686	14	1399	0
Apr 10, 2023	6599	17	1879	0
Apr 11, 2023	6827	37	2067	0
Apr 12, 2023	7457	14	2074	0
Apr 13, 2023	7719	12	1575	0
Apr 14, 2023	8259	16	892	0
Apr 15, 2023	8689	27	1371	0
Apr 16, 2023	9041	25	2647	0
Apr 17, 2023	9024	32	2417	0
Apr 18, 2023	9776	20	2122	0
Apr 19, 2023	10448	35	1889	0
Apr 20, 2023	10881	20	1295	0
Apr 21, 2023	11002	21	1149	0
Apr 22, 2023	11141	21	1902	0
Apr 23, 2023	10576	25	1768	0
Apr 24, 2023	10580	21	1577	0
Apr 25, 2023	10898	27	1471	0
Apr 26, 2023	11092	25	1245	0
Apr 27, 2023	11129	10	870	0
Apr 28, 2023	11849	21	761	0
Apr 29, 2023	13099	8	639	0
Apr 30, 2023	13843	8	1024	0
May 01, 2023	13880	7	665	0
May 02, 2023	14205	5	518	0
May 03, 2023	15707	13	672	0
May 04, 2023	16953	3	475	0
May 05, 2023	17909	9	424	0
May 06, 2023	18480	18	990	0
May 07, 2023	18496	14	786	0
May 08, 2023	17829	6	619	0
May 09, 2023	18426	5	594	0
May 10, 2023	18877	7	502	0
May 11, 2023	19067	6	283	0
May 12, 2023	18918	15	256	0
May 13, 2023	18542	8	541	0
May 14, 2023	18179	9	428	0
May 15, 2023	16677	2	365	0
May 16, 2023	16553	5	178	0
May 17, 2023	16558	2	252	0
May 18, 2023	16305	9	229	0
May 19, 2023	15737	8	231	22259
May 20, 2023	15707	7	362	121
May 21, 2023	15207	7	247	106
May 22, 2023	14657	4	254	129
May 23, 2023	13761	5	190	113
May 24, 2023	13782	0	187	123
May 25, 2023	13752	1	111	135
May 26, 2023	13659	5	117	137
May 27, 2023	13775	4	181	139
May 28, 2023	13431	2	182	135
May 29, 2023	12843	4	179	127
May 30, 2023	12656	3	165	0
May 31, 2023	12450	1	114	124
Jun 01, 2023	12488	4	71	0
Jun 02, 2023	12217	0	73	354
Jun 03, 2023	11846	4	129	0
Jun 04, 2023	11680	5	114	0
Jun 05, 2023	11285	4	84	330
Jun 06, 2023	11213	4	110	126
Jun 07, 2023	10930	2	74	143
Jun 08, 2023	10788	2	68	0
Jun 09, 2023	10597	2	38	227
Jun 10, 2023	10541	3	79	132
Jun 11, 2023	10483	0	48	92
Jun 12, 2023	10144	1	44	98
Jun 13, 2023	10043	3	26	0
Jun 14, 2023	10027	0	36	226
Jun 15, 2023	9974	2	36	0
Jun 16, 2023	9948	3	40	0
Jun 17, 2023	9925	2	60	0
Jun 18, 2023	9719	3	43	530
Jun 19, 2023	9606	0	42	0
Jun 20, 2023	9480	0	41	0
Jun 21, 2023	9375	0	46	0
Jun 22, 2023	9245	0	30	0
Jun 23, 2023	9127	5	29	0
Jun 24, 2023	9040	2	47	0
Jun 25, 2023	9027	1	67	292
Jun 26, 2023	8932	2	43	0
Jun 27, 2023	8836	0	35	0
Jun 28, 2023	8800	0	47	0
Jun 29, 2023	8730	0	13	0
Jun 30, 2023	8492	2	20	0
Jul 01, 2023	8528	3	31	0
Jul 02, 2023	8428	0	11	1185
Jul 03, 2023	8245	0	15	0
Jul 04, 2023	8136	0	29	0
Jul 05, 2023	7969	0	28	369
Jul 06, 2023	7945	2	8	0
Jul 07, 2023	7895	2	27	0
Jul 08, 2023	7786	2	26	0
Jul 09, 2023	7747	1	21	0
Jul 10, 2023	6916	1	22	0
Jul 11, 2023	6029	3	12	0
Jul 12, 2023	5542	0	23	0
Jul 13, 2023	5460	0	0	0
Jul 14, 2023	5401	0	0	0
Jul 15, 2023	5413	0	0	0
Jul 16, 2023	5377	0	0	0
Jul 17, 2023	5090	0	6	796
Jul 18, 2023	5081	4	17	0
Jul 19, 2023	5081	0	116	0
Jul 20, 2023	5033	2	13	0
Jul 21, 2023	4989	0	0	0
Jul 22, 2023	4989	0	0	0
Jul 23, 2023	4973	0	0	1070
Jul 24, 2023	4945	0	0	114
Jul 25, 2023	4901	0	0	0
Jul 26, 2023	4883	0	0	0
Jul 27, 2023	4888	0	0	0
Jul 28, 2023	4866	0	0	367
Jul 29, 2023	4858	0	0	0
Jul 30, 2023	4858	0	0	0
Jul 31, 2023	4858	0	0	0
Aug 01, 2023	4858	0	0	0
Aug 02, 2023	4858	0	0	447
Aug 03, 2023	4864	0	0	0
Aug 04, 2023	4868	0	0	0
Aug 05, 2023	4984	0	0	282
Aug 06, 2023	4886	0	0	102
Aug 07, 2023	4886	0	0	98
Aug 08, 2023	4886	0	0	111
Aug 09, 2023	4886	0	0	0
Aug 10, 2023	4886	0	0	0
Aug 11, 2023	4886	0	0	0
Aug 12, 2023	4886	0	0	0
Aug 13, 2023	4886	0	0	0
Aug 14, 2023	4886	0	0	0
Aug 15, 2023	4886	0	0	0
Aug 16, 2023	4886	0	0	0
Aug 17, 2023	4886	2	186	873
Aug 18, 2023	4886	0	6	0
Aug 19, 2023	4886	0	0	0
Aug 20, 2023	4886	0	0	0
Aug 21, 2023	4886	0	0	182
Aug 22, 2023	4886	0	0	0
Aug 23, 2023	4886	0	0	0
Aug 24, 2023	4886	0	0	0
Aug 25, 2023	4886	0	84	0
Aug 26, 2023	4886	0	7	0
Aug 27, 2023	4886	0	0	0
Aug 28, 2023	4886	0	0	0
Aug 29, 2023	4886	0	0	0
Aug 30, 2023	4886	0	0	0
Aug 31, 2023	4886	0	46	0
Sep 01, 2023	4886	0	5	0
Sep 02, 2023	4886	0	0	0
Sep 03, 2023	4687	0	0	0
Sep 04, 2023	4693	0	0	0
Sep 05, 2023	4693	0	0	0
Sep 06, 2023	4693	0	0	0
Sep 07, 2023	4693	0	0	0
Sep 08, 2023	4693	0	0	0
Sep 09, 2023	4693	0	0	0
Sep 10, 2023	4693	0	0	0
Sep 11, 2023	4777	0	0	0
Sep 12, 2023	4784	0	0	0
Sep 13, 2023	4784	0	0	0
Sep 14, 2023	4784	0	0	2549
Sep 15, 2023	4784	0	0	0
Sep 16, 2023	4784	0	0	0
Sep 17, 2023	4830	0	0	0
Sep 18, 2023	4684	0	0	0
Sep 19, 2023	4684	0	0	0
Sep 20, 2023	4684	0	0	0
Sep 21, 2023	4684	2	173	0
Sep 22, 2023	4684	0	0	0
Sep 23, 2023	4684	0	0	0
Sep 24, 2023	4684	0	0	0
Sep 25, 2023	4684	0	0	0
Sep 26, 2023	4684	0	0	0
Sep 27, 2023	4684	0	0	0
Sep 28, 2023	4684	0	50	0
Sep 29, 2023	4684	0	0	0
Sep 30, 2023	4684	0	0	0
Oct 01, 2023	4684	0	0	0
Oct 02, 2023	4684	0	0	0
Oct 03, 2023	4684	0	0	0
Oct 04, 2023	4684	0	0	0
Oct 05, 2023	4684	0	67	0
Oct 06, 2023	4684	0	0	0
Oct 07, 2023	4684	0	0	0
Oct 08, 2023	4782	0	0	0
Oct 09, 2023	4782	0	0	0
Oct 10, 2023	4782	0	0	0
Oct 11, 2023	4782	0	0	0
Oct 12, 2023	4782	0	0	0
Oct 13, 2023	4782	0	0	0
Oct 14, 2023	4782	0	0	0
Oct 15, 2023	4814	0	0	0
Oct 16, 2023	4814	0	0	0
Oct 17, 2023	4814	0	0	0
Oct 18, 2023	4814	0	71	0
Oct 19, 2023	4814	0	0	0
Oct 20, 2023	4814	0	0	0
Oct 21, 2023	4814	0	0	0
Oct 22, 2023	4862	0	0	0
Oct 23, 2023	4862	0	0	0
Oct 24, 2023	4862	0	0	0
Oct 25, 2023	4862	0	85	0
Oct 26, 2023	4862	0	0	0
Oct 27, 2023	4862	0	0	0
Oct 28, 2023	4862	0	0	0
Oct 29, 2023	4862	0	0	0
Oct 30, 2023	4862	0	0	0
Oct 31, 2023	4862	0	0	0
Nov 01, 2023	4862	0	93	0
Nov 02, 2023	4862	0	0	0
Nov 03, 2023	4862	0	0	0
Nov 04, 2023	4903	0	0	0
Nov 05, 2023	4903	0	0	0
Nov 06, 2023	4903	0	0	0
Nov 07, 2023	4903	0	143	0
Nov 08, 2023	4903	0	0	0
Nov 09, 2023	4903	0	0	0
Nov 10, 2023	4903	0	0	0
Nov 11, 2023	4967	0	0	0
Nov 12, 2023	4967	0	0	0
Nov 13, 2023	4967	0	0	0
Nov 14, 2023	4967	1	137	0
Nov 15, 2023	4967	0	0	0
Nov 16, 2023	4967	0	0	0
Nov 17, 2023	4967	0	0	0
Nov 18, 2023	5036	0	0	0
Nov 19, 2023	5036	0	0	0
Nov 20, 2023	5036	0	0	0
Nov 21, 2023	5036	0	236	0
Nov 22, 2023	5036	0	0	0
Nov 23, 2023	5036	2	0	0
Nov 24, 2023	5145	0	0	0
Nov 25, 2023	5145	0	0	0
Nov 26, 2023	5145	0	0	0
Nov 27, 2023	5145	0	0	0
Nov 28, 2023	5145	0	0	0
Nov 29, 2023	5145	0	0	0
Nov 30, 2023	5145	7	2454	0
Dec 01, 2023	5259	0	0	0
Dec 02, 2023	5259	0	0	0
Dec 03, 2023	5259	0	0	0
Dec 04, 2023	5259	0	0	0
Dec 05, 2023	5259	0	0	0
Dec 06, 2023	5259	0	0	0
Dec 07, 2023	5259	24	2892	0
Dec 08, 2023	5459	0	0	0
Dec 09, 2023	5459	0	0	0
Dec 10, 2023	5457	0	0	0
Dec 11, 2023	5457	0	0	0
Dec 12, 2023	5457	0	0	0
Dec 13, 2023	5457	0	0	0
Dec 14, 2023	5457	18	0	0
Dec 15, 2023	5457	0	0	0
Dec 16, 2023	5457	0	0	0
Dec 17, 2023	7904	0	0	0
Dec 18, 2023	7904	0	0	0
Dec 19, 2023	7904	0	2110	0
Dec 20, 2023	7904	0	0	0
Dec 21, 2023	7904	23	0	0
Dec 22, 2023	7904	0	0	0
Dec 23, 2023	7904	0	0	0
Dec 24, 2023	10772	0	0	0
Dec 25, 2023	10772	0	0	0
Dec 26, 2023	10772	0	1596	0
Dec 27, 2023	10772	0	0	0
Dec 28, 2023	10772	20	0	0
Dec 29, 2023	10772	0	0	0
Dec 30, 2023	10772	0	0	0
Dec 31, 2023	10754	0	0	0
Jan 01, 2024	10754	0	0	0
Jan 02, 2024	10754	0	1866	0
Jan 03, 2024	10754	0	0	0
Jan 04, 2024	10754	18	1348	0
Jan 05, 2024	12864	0	0	0
Jan 06, 2024	12864	0	0	0
Jan 07, 2024	12841	0	0	0
Jan 08, 2024	12841	0	0	0
Jan 09, 2024	12841	0	0	0
Jan 10, 2024	12841	0	0	0
Jan 11, 2024	12841	0	0	0
Jan 12, 2024	14437	0	0	0
Jan 13, 2024	14437	0	0	0
Jan 14, 2024	14417	0	0	0
Jan 15, 2024	14417	0	0	0
Jan 16, 2024	14417	0	0	0
Jan 17, 2024	14417	0	0	0
Jan 18, 2024	14417	0	0	0
Jan 19, 2024	16283	0	0	0
Jan 20, 2024	16283	0	0	0
Jan 21, 2024	17613	0	0	0
Jan 22, 2024	17613	0	0	0
Jan 23, 2024	17613	0	0	0
Jan 24, 2024	17613	0	1470	0
Jan 25, 2024	17613	0	0	0
Jan 26, 2024	17613	0	0	0
Jan 27, 2024	17613	0	0	0
Jan 28, 2024	17613	0	0	0
Jan 29, 2024	17613	0	0	0
Jan 30, 2024	17613	0	0	0
Jan 31, 2024	17613	0	385	0
Feb 01, 2024	17613	0	0	0
Feb 02, 2024	17613	0	0	0
Feb 03, 2024	17613	0	0	0
Feb 04, 2024	17613	0	0	0
Feb 05, 2024	17613	0	0	0
Feb 06, 2024	17613	28	233	0
Feb 07, 2024	17613	0	0	0
Feb 08, 2024	17613	0	0	0
Feb 09, 2024	17613	0	0	0
Feb 10, 2024	19083	0	0	0
Feb 11, 2024	19083	0	0	0
Feb 12, 2024	19083	0	0	0
Feb 13, 2024	19083	0	0	0
Feb 14, 2024	19083	1	167	0
Feb 15, 2024	19083	0	0	0
Feb 16, 2024	19083	0	0	0
Feb 17, 2024	19468	0	0	0
Feb 18, 2024	19468	0	0	0
Feb 19, 2024	19468	0	0	0
Feb 20, 2024	19468	0	0	0
Feb 21, 2024	19468	0	82	0
Feb 22, 2024	19468	0	0	0
Feb 23, 2024	19673	0	0	0
Feb 24, 2024	19673	0	0	0
Feb 25, 2024	19673	0	0	0
Feb 26, 2024	19673	0	0	0
Feb 27, 2024	19673	0	0	0
Feb 28, 2024	19673	0	0	0
Feb 29, 2024	19673	0	0	0
Mar 01, 2024	19673	0	0	0
Mar 02, 2024	19839	0	0	0
Mar 03, 2024	19839	0	0	0
Mar 04, 2024	19839	0	0	0
Mar 05, 2024	19839	0	0	0
Mar 06, 2024	19839	1	75	0
Mar 07, 2024	19839	0	0	0
Mar 08, 2024	19839	NA	NA	0
Mar 09, 2024	19921	NA	NA	0
Mar 10, 2024	19921	NA	NA	0
Mar 11, 2024	19921	NA	NA	0
Mar 12, 2024	19921	NA	NA	0
Mar 13, 2024	19921	NA	NA	0
Mar 14, 2024	19921	NA	NA	0
Mar 15, 2024	19921	NA	NA	0
Mar 16, 2024	19921	NA	NA	0
Mar 17, 2024	19921	NA	NA	0
Mar 18, 2024	19921	NA	NA	0
Mar 19, 2024	19921	NA	NA	0
Mar 20, 2024	19921	NA	NA	0
Mar 21, 2024	19921	NA	NA	0
Mar 22, 2024	19921	NA	NA	0
Mar 23, 2024	19995	NA	NA	0
Mar 24, 2024	19995	NA	NA	NA
