Dates	Active	Deaths	Newcases	recover
Feb 15, 2020	708	0	26	0
Feb 16, 2020	734	0	28	4
Feb 17, 2020	762	0	28	2
Feb 18, 2020	790	0	18	0
Feb 19, 2020	808	0	57	4
Feb 20, 2020	865	0	62	1
Feb 21, 2020	927	0	60	0
Feb 22, 2020	987	0	75	0
Feb 23, 2020	1062	0	108	0
Feb 24, 2020	1170	0	129	1
Feb 25, 2020	1299	0	147	0
Feb 26, 2020	1446	0	180	1
Feb 27, 2020	1626	1	317	0
Feb 28, 2020	1943	1	238	0
Feb 29, 2020	2181	1	676	0
Mar 01, 2020	2857	5	785	0
Mar 02, 2020	3642	2	776	0
Mar 03, 2020	4417	7	934	0
Mar 04, 2020	5350	13	1256	1
Mar 05, 2020	6604	6	1587	1
Mar 06, 2020	8183	20	1814	0
Mar 07, 2020	9971	32	2143	0
Mar 08, 2020	12105	49	3328	0
Mar 09, 2020	15420	65	4568	0
Mar 10, 2020	19879	102	4620	7
Mar 11, 2020	24431	50	5801	0
Mar 12, 2020	30194	198	7627	21
Mar 13, 2020	37768	109	7276	0
Mar 14, 2020	44655	200	7746	0
Mar 15, 2020	52299	272	9250	21
Mar 16, 2020	61486	298	8617	0
Mar 17, 2020	69407	405	8749	38
Mar 18, 2020	77994	559	8444	10
Mar 19, 2020	86212	705	10401	65
Mar 20, 2020	95860	680	7251	29
Mar 21, 2020	102276	744	6609	57
Mar 22, 2020	108030	801	8078	187
Mar 23, 2020	114769	875	6952	2837
Mar 24, 2020	120577	851	6777	257
Mar 25, 2020	125101	946	6203	2126
Mar 26, 2020	128912	775	5918	985
Mar 27, 2020	131687	957	5233	1823
Mar 28, 2020	133117	996	4144	730
Mar 29, 2020	133986	881	5026	4289
Mar 30, 2020	135995	776	4312	2600
Mar 31, 2020	137053	719	5353	2600
Apr 01, 2020	138061	725	4349	3740
Apr 02, 2020	137318	730	4363	2135
Apr 03, 2020	137030	774	3584	1825
Apr 04, 2020	136132	679	3137	2300
Apr 05, 2020	134689	657	3455	0
Apr 06, 2020	135062	544	3119	7381
Apr 07, 2020	134680	625	3394	10219
Apr 08, 2020	132487	567	3208	6107
Apr 09, 2020	130872	517	3100	1506
Apr 10, 2020	129812	577	2818	3487
Apr 11, 2020	128645	330	2216	2900
Apr 12, 2020	126954	361	2146	4000
Apr 13, 2020	126197	586	2208	3900
Apr 14, 2020	125111	425	2335	4400
Apr 15, 2020	123520	414	2242	4400
Apr 16, 2020	121488	446	1871	6114
Apr 17, 2020	122998	451	1636	2286
Apr 18, 2020	122854	456	1122	2600
Apr 19, 2020	119659	380	1453	3500
Apr 20, 2020	118687	392	1305	3700
Apr 21, 2020	117502	298	1449	4200
Apr 22, 2020	115206	343	1167	3900
Apr 23, 2020	112388	312	1101	3500
Apr 24, 2020	94741	469	751	3000
Apr 25, 2020	90667	278	551	2200
Apr 26, 2020	86755	291	699	2500
Apr 27, 2020	84006	286	838	2900
Apr 28, 2020	81461	170	742	3000
Apr 29, 2020	72708	170	735	3100
Apr 30, 2020	68139	192	741	3400
May 01, 2020	64103	253	649	2100
May 02, 2020	60652	221	448	1600
May 03, 2020	58627	237	520	2100
May 04, 2020	55902	186	324	2400
May 05, 2020	52949	148	309	2596
May 06, 2020	48364	127	325	2204
May 07, 2020	43908	116	317	1800
May 08, 2020	39499	114	249	1600
May 09, 2020	34813	137	290	1100
May 10, 2020	31673	99	579	1217
May 11, 2020	30718	64	538	1583
May 12, 2020	29640	54	634	1500
May 13, 2020	28128	36	562	1600
May 14, 2020	26482	42	612	1400
May 15, 2020	24759	68	347	900
May 16, 2020	22864	54	312	800
May 17, 2020	21305	73	580	1200
May 18, 2020	20249	52	618	1100
May 19, 2020	19745	77	515	1200
May 20, 2020	18807	75	548	1100
May 21, 2020	18050	78	621	1000
May 22, 2020	17222	44	353	900
May 23, 2020	16408	38	327	400
May 24, 2020	15634	31	589	900
May 25, 2020	15472	39	585	800
May 26, 2020	15506	41	448	800
May 27, 2020	15255	29	545	400
May 28, 2020	14962	21	511	900
May 29, 2020	14731	31	314	800
May 30, 2020	14310	26	237	300
May 31, 2020	13806	31	424	700
Jun 01, 2020	13581	16	405	500
Jun 02, 2020	13538	20	445	900
Jun 03, 2020	13463	12	387	500
Jun 04, 2020	13526	18	493	700
Jun 05, 2020	13710	10	259	400
Jun 06, 2020	13644	24	217	200
Jun 07, 2020	13544	17	424	500
Jun 08, 2020	13719	9	356	600
Jun 09, 2020	13785	7	364	500
Jun 10, 2020	13570	8	325	500
Jun 11, 2020	13357	7	367	400
Jun 12, 2020	13090	6	150	300
Jun 13, 2020	12678	3	164	300
Jun 14, 2020	12230	0	325	400
Jun 15, 2020	12208	7	290	500
Jun 16, 2020	12186	1	308	500
Jun 17, 2020	11914	1	311	500
Jun 18, 2020	11607	1	284	300
Jun 19, 2020	11376	2	261	300
Jun 20, 2020	11089	3	241	200
Jun 21, 2020	10709	8	319	400
Jun 22, 2020	10675	3	360	400
Jun 23, 2020	10708	2	399	600
Jun 24, 2020	10518	3	367	500
Jun 25, 2020	10300	9	417	300
Jun 26, 2020	10269	8	313	400
Jun 27, 2020	10037	5	267	200
Jun 28, 2020	9793	18	421	400
Jun 29, 2020	9900	0	455	1000
Jun 30, 2020	10118	0	576	700
Jul 01, 2020	10270	3	441	500
Jul 02, 2020	10306	4	562	700
Jul 03, 2020	10423	4	444	300
Jul 04, 2020	10480	5	447	400
Jul 05, 2020	10434	2	739	500
Jul 06, 2020	10914	1	828	500
Jul 07, 2020	11525	1	954	0
Jul 08, 2020	12055	1	976	900
Jul 09, 2020	12675	3	1182	400
Jul 10, 2020	13493	4	911	500
Jul 11, 2020	14079	3	896	100
Jul 12, 2020	14608	4	1428	500
Jul 13, 2020	15886	0	1577	400
Jul 14, 2020	17299	0	1910	500
Jul 15, 2020	18884	2	1756	400
Jul 16, 2020	20350	2	2088	800
Jul 17, 2020	22130	2	1848	300
Jul 18, 2020	23667	3	1624	300
Jul 19, 2020	25007	3	2414	0
Jul 20, 2020	27160	1	2408	300
Jul 21, 2020	29327	1	2444	500
Jul 22, 2020	31452	0	2318	400
Jul 23, 2020	33410	2	2594	1400
Jul 24, 2020	35605	5	2106	200
Jul 25, 2020	37344	2	1913	0
Jul 26, 2020	38840	2	3035	800
Jul 27, 2020	41562	9	3186	600
Jul 28, 2020	44481	9	3285	0
Jul 29, 2020	47345	9	3180	0
Jul 30, 2020	50070	27	3677	300
Jul 31, 2020	53171	1	3600	1300
Aug 01, 2020	56330	1	2763	0
Aug 02, 2020	58531	3	4110	1100
Aug 03, 2020	62197	0	4630	0
Aug 04, 2020	66380	0	4613	0
Aug 05, 2020	70254	76	4543	1500
Aug 06, 2020	73969	3	5317	0
Aug 07, 2020	78332	0	4184	1200
Aug 08, 2020	81540	27	3973	0
Aug 09, 2020	84331	12	5994	500
Aug 10, 2020	89414	15	6324	1000
Aug 11, 2020	94842	13	6491	1000
Aug 12, 2020	99905	2	6247	900
Aug 13, 2020	104575	25	7045	1750
Aug 14, 2020	109710	132	5525	350
Aug 15, 2020	113479	17	4844	0
Aug 16, 2020	116235	26	6996	0
Aug 17, 2020	121383	11	8280	0
Aug 18, 2020	128039	11	8297	1000
Aug 19, 2020	133922	12	8315	900
Aug 20, 2020	139829	54	9528	1000
Aug 21, 2020	146913	49	6533	3150
Aug 22, 2020	151128	26	5807	650
Aug 23, 2020	154341	16	8035	0
Aug 24, 2020	160270	28	10023	0
Aug 25, 2020	168380	29	9672	4633
Aug 26, 2020	175017	29	9358	1262
Aug 27, 2020	181189	60	10769	1566
Aug 28, 2020	188673	44	7143	423
Aug 29, 2020	192636	41	6290	358
Aug 30, 2020	195249	191	8288	2058
Aug 31, 2020	199937	34	11198	1900
Sep 01, 2020	208372	34	10388	1300
Sep 02, 2020	214650	33	10242	1500
Sep 03, 2020	220262	81	11369	0
Sep 04, 2020	227018	35	8560	1608
Sep 05, 2020	231035	74	7295	0
Sep 06, 2020	233013	50	9244	792
Sep 07, 2020	238073	36	11230	3600
Sep 08, 2020	245330	34	11646	1300
Sep 09, 2020	250982	34	11479	1400
Sep 10, 2020	256137	162	11952	0
Sep 11, 2020	261598	248	9213	2000
Sep 12, 2020	264564	168	7912	400
Sep 13, 2020	265431	93	10470	1850
Sep 14, 2020	270376	58	12049	1550
Sep 15, 2020	277581	58	12035	0
Sep 16, 2020	282620	58	11515	2200
Sep 17, 2020	285855	250	14181	1700
Sep 18, 2020	291739	135	8364	500
Sep 19, 2020	291788	87	7127	500
Sep 20, 2020	289387	118	9930	2300
Sep 21, 2020	292784	62	12198	1600
Sep 22, 2020	299175	62	11609	1600
Sep 23, 2020	302749	61	10981	0
Sep 24, 2020	303707	210	11634	0
Sep 25, 2020	305669	183	7653	0
Sep 26, 2020	303964	189	6296	1300
Sep 27, 2020	299491	117	9098	1600
Sep 28, 2020	301446	48	10531	1800
Sep 29, 2020	305687	49	9973	1800
Sep 30, 2020	307372	48	10548	1900
Oct 01, 2020	306722	271	10885	1600
Oct 02, 2020	307219	79	7917	1300
Oct 03, 2020	304894	131	7265	1100
Oct 04, 2020	300790	250	11101	1800
Oct 05, 2020	303331	67	12414	1900
Oct 06, 2020	308450	67	12252	2100
Oct 07, 2020	311458	67	12429	1800
Oct 08, 2020	312657	83	13309	2300
Oct 09, 2020	314320	217	10686	1700
Oct 10, 2020	313527	145	8810	1200
Oct 11, 2020	310385	230	10653	2200
Oct 12, 2020	311825	75	14099	2200
Oct 13, 2020	318012	75	15977	2800
Oct 14, 2020	323519	76	16071	2700
Oct 15, 2020	327541	226	17078	3000
Oct 16, 2020	332584	162	13936	2400
Oct 17, 2020	335005	161	12662	1900
Oct 18, 2020	333486	239	20263	2900
Oct 19, 2020	345385	96	22315	3500
Oct 20, 2020	360573	96	21886	3800
Oct 21, 2020	372529	96	20990	4000
Oct 22, 2020	381321	277	21881	4200
Oct 23, 2020	391593	174	16897	3800
Oct 24, 2020	397509	179	15009	3000
Oct 25, 2020	400884	248	21921	4400
Oct 26, 2020	415152	131	22766	5200
Oct 27, 2020	431622	131	21722	6200
Oct 28, 2020	444246	132	20260	6300
Oct 29, 2020	453975	247	21195	6500
Oct 30, 2020	465197	297	16502	0
Oct 31, 2020	471151	368	15638	10200
Nov 01, 2020	475904	347	18907	7300
Nov 02, 2020	486894	171	20954	8300
Nov 03, 2020	500583	171	20085	9900
Nov 04, 2020	509567	170	19210	10100
Nov 05, 2020	516363	411	18955	11100
Nov 06, 2020	523066	349	15050	9400
Nov 07, 2020	525687	356	12093	7400
Nov 08, 2020	524471	308	16819	10100
Nov 09, 2020	530604	161	17347	11700
Nov 10, 2020	539141	161	15947	13600
Nov 11, 2020	544435	162	14302	13000
Nov 12, 2020	544638	435	14324	13900
Nov 13, 2020	542985	351	11532	11400
Nov 14, 2020	538446	252	9070	9300
Nov 15, 2020	530438	328	13061	12800
Nov 16, 2020	529563	171	13122	14900
Nov 17, 2020	530023	171	11703	16400
Nov 18, 2020	521463	170	9797	16200
Nov 19, 2020	508945	537	10278	16400
Nov 20, 2020	497337	369	7876	14000
Nov 21, 2020	484223	337	6257	10700
Nov 22, 2020	468599	294	8929	15000
Nov 23, 2020	460631	134	8950	17800
Nov 24, 2020	454572	134	8316	19900
Nov 25, 2020	440967	133	7608	19600
Nov 26, 2020	425809	442	8388	20000
Nov 27, 2020	412475	273	6301	14900
Nov 28, 2020	398516	254	4975	11300
Nov 29, 2020	382296	214	7457	16700
Nov 30, 2020	373251	131	8358	19800
Dec 01, 2020	365971	131	7779	20800
Dec 02, 2020	354843	132	6761	20400
Dec 03, 2020	340650	187	7181	20600
Dec 04, 2020	327746	186	5699	15100
Dec 05, 2020	314235	325	4695	10700
Dec 06, 2020	299975	280	6771	16900
Dec 07, 2020	291696	130	6162	18600
Dec 08, 2020	285765	130	8745	20200
Dec 09, 2020	277691	129	9364	20000
Dec 10, 2020	269708	388	9830	20000
Dec 11, 2020	263591	195	8036	15400
Dec 12, 2020	257325	181	6495	10400
Dec 13, 2020	249496	149	10297	16300
Dec 14, 2020	248261	111	10967	19100
Dec 15, 2020	250158	111	10446	21700
Dec 16, 2020	247543	112	9565	22600
Dec 17, 2020	243986	260	10530	21900
Dec 18, 2020	242813	178	8319	16000
Dec 19, 2020	241335	126	7149	11900
Dec 20, 2020	238206	73	10825	18000
Dec 21, 2020	241155	74	11606	21300
Dec 22, 2020	246504	75	11656	23400
Dec 23, 2020	249231	76	10182	24300
Dec 24, 2020	250463	320	7641	21700
Dec 25, 2020	249788	247	9495	17600
Dec 26, 2020	251675	148	9752	13000
Dec 27, 2020	253039	118	15642	19100
Dec 28, 2020	262380	118	16063	22000
Dec 29, 2020	273468	118	16217	24900
Dec 30, 2020	282228	119	12973	25500
Dec 31, 2020	286843	120	11539	22600
Jan 01, 2021	290603	122	13643	17300
Jan 02, 2021	297485	123	13946	13800
Jan 03, 2021	304250	199	22561	19300
Jan 04, 2021	321112	134	27293	23500
Jan 05, 2021	343710	134	17944	26200
Jan 06, 2021	354883	133	25294	23100
Jan 07, 2021	374015	408	30718	20100
Jan 08, 2021	395988	195	24259	17800
Jan 09, 2021	410883	201	21107	13400
Jan 10, 2021	422160	235	31635	20200
Jan 11, 2021	445759	152	33167	24500
Jan 12, 2021	472431	152	32755	26600
Jan 13, 2021	494889	151	30804	23600
Jan 14, 2021	514726	404	34378	21100
Jan 15, 2021	538658	464	24894	16600
Jan 16, 2021	553987	404	20348	14100
Jan 17, 2021	563805	400	29612	19700
Jan 18, 2021	585098	254	31688	24500
Jan 19, 2021	609637	256	28602	25500
Jan 20, 2021	627414	257	25840	20500
Jan 21, 2021	641648	591	21442	18000
Jan 22, 2021	651434	492	22027	15200
Jan 23, 2021	663279	515	18841	12100
Jan 24, 2021	674479	513	28764	16000
Jan 25, 2021	693748	254	27069	20500
Jan 26, 2021	711065	254	29906	22000
Jan 27, 2021	725329	254	25920	17700
Jan 28, 2021	735186	724	28292	15100
Jan 29, 2021	747261	565	19665	13000
Jan 30, 2021	753953	432	16072	9900
Jan 31, 2021	758527	584	23381	13900
Feb 01, 2021	768327	303	26235	18400
Feb 02, 2021	780669	303	28498	19200
Feb 03, 2021	786781	303	27021	17800
Feb 04, 2021	786681	766	25760	17200
Feb 05, 2021	794551	643	14516	12700
Feb 06, 2021	783947	513	12626	8300
Feb 07, 2021	766027	530	18912	12100
Feb 08, 2021	760756	234	16066	16000
Feb 09, 2021	755781	234	17721	15800
Feb 10, 2021	742086	234	17467	14500
Feb 11, 2021	726572	530	14275	13400
Feb 12, 2021	708253	337	9848	11000
Feb 13, 2021	687443	388	8047	7100
Feb 14, 2021	661258	397	11720	9700
Feb 15, 2021	648158	178	9877	12600
Feb 16, 2021	637741	178	10621	13200
Feb 17, 2021	618939	179	14214	11300
Feb 18, 2021	601632	443	11204	10400
Feb 19, 2021	584381	389	6794	8800
Feb 20, 2021	565473	345	5552	5500
Feb 21, 2021	549715	329	8096	7400
Feb 22, 2021	535845	156	7334	9700
Feb 23, 2021	524382	156	9038	10000
Feb 24, 2021	504823	155	9379	8800
Feb 25, 2021	487267	192	8182	9300
Feb 26, 2021	465668	446	5209	7400
Feb 27, 2021	445078	254	4258	5200
Feb 28, 2021	421156	637	6214	7100
Mar 01, 2021	407755	99	6536	9100
Mar 02, 2021	398252	99	6186	9800
Mar 03, 2021	381184	100	6080	9000
Mar 04, 2021	361135	291	6699	8700
Mar 05, 2021	339429	192	4003	7300
Mar 06, 2021	316498	166	3272	4900
Mar 07, 2021	294089	173	4774	6600
Mar 08, 2021	284278	55	4059	8700
Mar 09, 2021	275542	55	7163	9100
Mar 10, 2021	282513	56	6298	8300
Mar 11, 2021	254364	141	5393	8600
Mar 12, 2021	259584	228	3802	7000
Mar 13, 2021	263331	117	3108	5400
Mar 14, 2021	266384	158	4545	7100
Mar 15, 2021	270873	158	5013	9100
Mar 16, 2021	275745	158	6141	9400
Mar 17, 2021	281658	159	6266	0
Mar 18, 2021	200075	201	5320	18100
Mar 19, 2021	205237	320	3751	7900
Mar 20, 2021	208830	356	3070	5600
Mar 21, 2021	211742	590	4486	8200
Mar 22, 2021	174041	63	5578	10400
Mar 23, 2021	174044	63	7089	11500
Mar 24, 2021	172991	63	6452	10900
Mar 25, 2021	172134	106	7647	11400
Mar 26, 2021	170567	154	5191	9900
Mar 27, 2021	175695	82	4244	7100
Mar 28, 2021	179876	79	6195	10200
Mar 29, 2021	164080	78	5058	13100
Mar 30, 2021	164855	43	8597	13900
Mar 31, 2021	167409	42	7098	13200
Apr 01, 2021	168023	128	5721	13200
Apr 02, 2021	167607	126	3909	12200
Apr 03, 2021	165479	142	5731	9000
Apr 04, 2021	164556	149	4692	12100
Apr 05, 2021	165181	66	6715	15600
Apr 06, 2021	168598	66	8863	17400
Apr 07, 2021	172742	65	9975	16900
Apr 08, 2021	178688	100	10944	16200
Apr 09, 2021	182507	131	6221	13900
Apr 10, 2021	188662	126	9132	9700
Apr 11, 2021	197728	99	7529	12700
Apr 12, 2021	190088	41	6359	16300
Apr 13, 2021	193320	40	10542	18500
Apr 14, 2021	199347	40	9726	17400
Apr 15, 2021	204116	114	10664	15900
Apr 16, 2021	208715	148	5766	13100
Apr 17, 2021	209401	132	8462	10100
Apr 18, 2021	212783	95	6973	12000
Apr 19, 2021	214676	49	7562	16400
Apr 20, 2021	219196	49	10300	20500
Apr 21, 2021	225042	49	10877	21200
Apr 22, 2021	230419	117	11796	19700
Apr 23, 2021	235226	88	5437	17300
Apr 24, 2021	234365	137	7976	11600
Apr 25, 2021	234755	136	6577	16200
Apr 26, 2021	236024	26	7734	21300
Apr 27, 2021	239568	26	8728	22600
Apr 28, 2021	242205	25	10202	21200
Apr 29, 2021	252270	106	9192	20000
Apr 30, 2021	248023	167	4474	16900
May 01, 2021	252471	160	6570	12500
May 02, 2021	252162	66	5416	16100
May 03, 2021	247982	34	4570	20800
May 04, 2021	252446	34	6364	23200
May 05, 2021	248414	35	8004	22600
May 06, 2021	249802	205	8228	21500
May 07, 2021	249336	108	3824	18300
May 08, 2021	243325	73	5613	12100
May 09, 2021	238063	58	4620	16400
May 10, 2021	236492	31	4975	21300
May 11, 2021	232155	31	6450	23400
May 12, 2021	231256	31	5728	20000
May 13, 2021	230727	70	6373	18700
May 14, 2021	226699	66	3023	16500
May 15, 2021	220059	33	4440	10900
May 16, 2021	214722	19	3655	14300
May 17, 2021	211820	30	4017	19600
May 18, 2021	207330	30	6107	20100
May 19, 2021	206543	31	5760	17600
May 20, 2021	204850	90	4816	16600
May 21, 2021	199448	54	3022	13200
May 22, 2021	191645	33	4441	9300
May 23, 2021	184355	17	3647	11700
May 24, 2021	182598	16	5390	14900
May 25, 2021	179980	16	5034	15100
May 26, 2021	178550	16	5315	11600
May 27, 2021	176221	30	5506	11300
May 28, 2021	173078	66	2659	10100
May 29, 2021	165611	50	3906	6800
May 30, 2021	160382	97	3213	8100
May 31, 2021	159144	13	4410	11600
Jun 01, 2021	156976	13	5005	11300
Jun 02, 2021	156591	14	5270	9000
Jun 03, 2021	157362	73	4995	8400
Jun 04, 2021	155993	23	2606	6900
Jun 05, 2021	150736	133	3824	4100
Jun 06, 2021	146374	36	3122	4700
Jun 07, 2021	145690	5	3504	7200
Jun 08, 2021	143522	5	4427	7700
Jun 09, 2021	143420	6	4623	6200
Jun 10, 2021	143750	62	4142	5200
Jun 11, 2021	143369	36	2223	4600
Jun 12, 2021	140653	19	3270	3200
Jun 13, 2021	137473	18	2674	3800
Jun 14, 2021	134419	12	3432	5400
Jun 15, 2021	131416	12	3832	4900
Jun 16, 2021	132251	13	4197	3800
Jun 17, 2021	132025	30	4214	3400
Jun 18, 2021	132585	29	1962	3100
Jun 19, 2021	130548	18	2887	1800
Jun 20, 2021	127328	13	2360	2200
Jun 21, 2021	123928	3	4040	2900
Jun 22, 2021	123122	3	4341	3400
Jun 23, 2021	124442	4	4507	3000
Jun 24, 2021	124519	40	4924	2300
Jun 25, 2021	125801	46	2771	1600
Jun 26, 2021	123195	8	4076	1000
Jun 27, 2021	122237	28	3332	1400
Jun 28, 2021	120254	8	7091	1800
Jun 29, 2021	121799	8	9227	1600
Jun 30, 2021	128361	7	12345	1500
Jul 01, 2021	136838	18	12563	1100
Jul 02, 2021	146168	17	8876	1000
Jul 03, 2021	150662	28	13056	600
Jul 04, 2021	158713	6	10675	900
Jul 05, 2021	164118	6	14137	1200
Jul 06, 2021	173260	6	17384	1000
Jul 07, 2021	188038	5	17317	1000
Jul 08, 2021	201503	13	21879	800
Jul 09, 2021	220282	10	11311	700
Jul 10, 2021	228095	41	11311	400
Jul 11, 2021	234979	12	11310	700
Jul 12, 2021	241666	8	43960	800
Jul 13, 2021	281471	8	26390	900
Jul 14, 2021	305641	7	27688	600
Jul 15, 2021	330028	29	31060	800
Jul 16, 2021	358443	18	20543	600
Jul 17, 2021	375566	28	20543	500
Jul 18, 2021	392277	27	20542	800
Jul 19, 2021	408622	16	27286	900
Jul 20, 2021	431665	16	30587	1000
Jul 21, 2021	460301	15	29535	600
Jul 22, 2021	486939	55	31171	700
Jul 23, 2021	515751	73	20542	800
Jul 24, 2021	532280	46	20542	800
Jul 25, 2021	548481	44	20541	1200
Jul 26, 2021	564515	52	26399	1600
Jul 27, 2021	585935	52	27149	1400
Jul 28, 2021	610295	53	26689	1800
Jul 29, 2021	632935	130	24753	1000
Jul 30, 2021	654358	71	18646	1400
Jul 31, 2021	665957	87	18646	1200
Aug 01, 2021	675376	75	18647	1800
Aug 02, 2021	681678	40	20327	2000
Aug 03, 2021	689312	40	21874	1600
Aug 04, 2021	702369	39	21387	1300
Aug 05, 2021	710684	102	21561	1500
Aug 06, 2021	721582	93	13213	1400
Aug 07, 2021	720733	87	13213	1300
Aug 08, 2021	716562	63	13212	2000
Aug 09, 2021	712457	42	15680	2200
Aug 10, 2021	706156	42	17023	2200
Aug 11, 2021	711877	41	17410	1900
Aug 12, 2021	717982	144	15657	2100
Aug 13, 2021	722353	144	8575	2000
Aug 14, 2021	687031	121	8575	1700
Aug 15, 2021	669216	132	8576	2500
Aug 16, 2021	650104	67	14336	2700
Aug 17, 2021	633236	67	11956	5700
Aug 18, 2021	624649	67	12445	3000
Aug 19, 2021	616574	190	12450	0
Aug 20, 2021	608471	163	7966	2900
Aug 21, 2021	589283	171	7966	2300
Aug 22, 2021	566662	139	7967	3500
Aug 23, 2021	545094	49	10072	4100
Aug 24, 2021	523805	49	10781	4300
Aug 25, 2021	514071	48	7115	3900
Aug 26, 2021	500636	194	9489	4500
Aug 27, 2021	489616	132	5163	4300
Aug 28, 2021	468519	168	5163	3500
Aug 29, 2021	446533	155	5163	5200
Aug 30, 2021	425007	44	7767	6100
Aug 31, 2021	407827	44	6818	6600
Sep 01, 2021	396061	45	9561	6100
Sep 02, 2021	386940	138	6311	6900
Sep 03, 2021	374617	81	3213	6000
Sep 04, 2021	357658	71	3213	4800
Sep 05, 2021	338997	72	3213	7100
Sep 06, 2021	320823	34	5246	8300
Sep 07, 2021	304370	34	5618	9200
Sep 08, 2021	296832	35	4763	8500
Sep 09, 2021	288392	155	4440	8600
Sep 10, 2021	279619	90	2601	7800
Sep 11, 2021	266612	101	2601	5600
Sep 12, 2021	252190	44	2602	8300
Sep 13, 2021	237382	39	3261	10000
Sep 14, 2021	224831	39	3723	11100
Sep 15, 2021	220044	40	4075	10100
Sep 16, 2021	215533	82	3222	10700
Sep 17, 2021	210236	102	1996	9000
Sep 18, 2021	197940	100	1996	6200
Sep 19, 2021	187980	44	1996	8900
Sep 20, 2021	177531	23	2450	11500
Sep 21, 2021	167449	23	2840	12200
Sep 22, 2021	162303	23	3031	11100
Sep 23, 2021	157370	60	2746	10600
Sep 24, 2021	152205	39	1680	8800
Sep 25, 2021	143857	18	1680	6000
Sep 26, 2021	134756	48	1679	8700
Sep 27, 2021	129320	21	2290	11500
Sep 28, 2021	122061	21	2761	11500
Sep 29, 2021	119680	22	2400	10400
Sep 30, 2021	116938	94	2037	10000
Oct 01, 2021	113753	57	1424	8400
Oct 02, 2021	107487	23	1424	5800
Oct 03, 2021	102093	77	1423	8100
Oct 04, 2021	93955	16	1801	10300
Oct 05, 2021	89351	16	2303	11900
Oct 06, 2021	88478	17	1807	10000
Oct 07, 2021	87106	0	2309	9700
Oct 08, 2021	86148	42	1276	7800
Oct 09, 2021	82255	48	1276	5600
Oct 10, 2021	77913	57	1277	8200
Oct 11, 2021	74427	19	0	10400
Oct 12, 2021	74427	19	2758	10100
Oct 13, 2021	70102	18	1932	8700
Oct 14, 2021	69427	21	2248	9000
Oct 15, 2021	71618	31	1497	7400
Oct 16, 2021	67357	20	1497	5500
Oct 17, 2021	65131	30	1498	8000
Oct 18, 2021	62554	18	1889	9600
Oct 19, 2021	61200	18	2528	9800
Oct 20, 2021	61722	18	1881	8400
Oct 21, 2021	61618	52	2556	9200
Oct 22, 2021	62168	51	1495	8000
Oct 23, 2021	61243	33	1495	6400
Oct 24, 2021	59898	46	1495	8800
Oct 25, 2021	58362	14	1926	10700
Oct 26, 2021	57490	14	2532	11200
Oct 27, 2021	58343	14	2212	9900
Oct 28, 2021	58893	13	2261	10800
Oct 29, 2021	59462	39	1455	9700
Oct 30, 2021	58673	15	1455	8000
Oct 31, 2021	57367	27	1455	11400
Nov 01, 2021	56422	18	1455	13700
Nov 02, 2021	55840	18	2287	14500
Nov 03, 2021	56664	18	3291	13300
Nov 04, 2021	58555	26	3093	14200
Nov 05, 2021	60213	33	2139	12700
Nov 06, 2021	60578	30	2139	10200
Nov 07, 2021	60414	26	2139	14500
Nov 08, 2021	60746	14	2867	17600
Nov 09, 2021	61304	14	3594	18300
Nov 10, 2021	63622	15	4286	16700
Nov 11, 2021	66632	29	4353	17600
Nov 12, 2021	69708	30	3266	15800
Nov 13, 2021	71721	29	3266	11900
Nov 14, 2021	73482	6	3266	16400
Nov 15, 2021	74816	7	4091	21700
Nov 16, 2021	76630	7	6667	24900
Nov 17, 2021	81799	8	6315	23300
Nov 18, 2021	86618	34	6636	24000
Nov 19, 2021	91779	38	5292	22100
Nov 20, 2021	95188	27	5292	16000
Nov 21, 2021	97952	24	5291	23000
Nov 22, 2021	101362	18	6777	30700
Nov 23, 2021	105549	18	8527	32900
Nov 24, 2021	112577	17	9258	31500
Nov 25, 2021	120351	44	9912	30900
Nov 26, 2021	128771	28	7637	27800
Nov 27, 2021	134506	42	7637	20600
Nov 28, 2021	139611	37	7637	29100
Nov 29, 2021	145036	20	10261	40500
Nov 30, 2021	152992	20	10536	44300
Dec 01, 2021	162089	20	14500	42100
Dec 02, 2021	175120	18	13738	43600
Dec 03, 2021	187408	34	10952	34800
Dec 04, 2021	196942	50	10952	24400
Dec 05, 2021	205607	60	10952	37600
Dec 06, 2021	213268	34	10952	50300
Dec 07, 2021	221127	34	12455	55300
Dec 08, 2021	231443	35	13957	52600
Dec 09, 2021	243261	58	17012	51000
Dec 10, 2021	258074	77	16601	39000
Dec 11, 2021	271868	48	16601	27000
Dec 12, 2021	284875	41	16600	40400
Dec 13, 2021	297189	28	26136	61600
Dec 14, 2021	318914	28	27140	62400
Dec 15, 2021	342769	29	28900	58900
Dec 16, 2021	368432	94	33359	60800
Dec 17, 2021	398532	50	26568	44700
Dec 18, 2021	421050	82	26568	29200
Dec 19, 2021	440951	30	26568	48100
Dec 20, 2021	461204	30	49823	65500
Dec 21, 2021	504297	30	60041	66500
Dec 22, 2021	559090	30	72912	59400
Dec 23, 2021	626678	114	53655	56000
Dec 24, 2021	675124	78	53655	38500
Dec 25, 2021	722002	74	53655	26200
Dec 26, 2021	767130	42	53654	43000
Dec 27, 2021	811526	42	99671	61300
Dec 28, 2021	901171	42	100760	59600
Dec 29, 2021	994330	42	161688	54900
Dec 30, 2021	1148385	116	93192	50700
Dec 31, 2021	1234014	148	93192	35300
Jan 01, 2022	1316945	82	93192	22700
Jan 02, 2022	1399601	15	93190	37600
Jan 03, 2022	1478291	67	117775	53300
Jan 04, 2022	1582212	67	137180	49900
Jan 05, 2022	1708408	68	126540	44700
Jan 06, 2022	1824144	247	115900	38300
Jan 07, 2022	1929092	125	97465	27900
Jan 08, 2022	2015605	112	97465	20400
Jan 09, 2022	2100615	139	97464	32000
Jan 10, 2022	2184122	78	134942	47200
Jan 11, 2022	2301805	78	179125	44300
Jan 12, 2022	2464451	78	159161	41500
Jan 13, 2022	2607024	284	162508	36600
Jan 14, 2022	2752905	160	110489	27700
Jan 15, 2022	2837397	162	110489	21300
Jan 16, 2022	2920746	142	110489	36300
Jan 17, 2022	3002335	84	94472	50100
Jan 18, 2022	3063164	84	157941	48300
Jan 19, 2022	3194661	85	157447	41400
Jan 20, 2022	3325538	382	141095	38200
Jan 21, 2022	3440085	215	101811	28100
Jan 22, 2022	3492215	176	101811	23900
Jan 23, 2022	3533985	199	101810	43100
Jan 24, 2022	3562883	86	114877	58100
Jan 25, 2022	3623723	86	133553	56600
Jan 26, 2022	3703788	87	130888	55500
Jan 27, 2022	3781060	408	118922	50900
Jan 28, 2022	3846305	224	60708	38400
Jan 29, 2022	3807541	183	60708	31600
Jan 30, 2022	3767489	195	60707	58200
Jan 31, 2022	3666508	112	77873	82600
Feb 01, 2022	3650781	112	86222	84600
Feb 02, 2022	3643995	111	74368	79600
Feb 03, 2022	3625212	361	74937	84000
Feb 04, 2022	3606947	282	40273	62800
Feb 05, 2022	3529640	393	40273	42100
Feb 06, 2022	3432733	389	40272	84000
Feb 07, 2022	3346465	200	43831	115300
Feb 08, 2022	3274035	200	62839	116500
Feb 09, 2022	3239488	201	53055	113200
Feb 10, 2022	3194967	310	49004	110200
Feb 11, 2022	3146511	444	22902	82100
Feb 12, 2022	3034860	360	22902	57600
Feb 13, 2022	2878637	288	22902	101800
Feb 14, 2022	2742378	155	34380	150300
Feb 15, 2022	2613940	155	37108	164000
Feb 16, 2022	2540425	154	34213	167600
Feb 17, 2022	2464233	173	30615	163700
Feb 18, 2022	2384431	301	16259	110500
Feb 19, 2022	2306506	226	16259	78800
Feb 20, 2022	2164824	248	16260	155600
Feb 21, 2022	2023637	118	22194	201900
Feb 22, 2022	1904563	118	33911	202900
Feb 23, 2022	1836535	118	35892	201700
Feb 24, 2022	1770691	119	27527	193500
Feb 25, 2022	1696386	154	14640	129200
Feb 26, 2022	1596397	202	14640	83800
Feb 27, 2022	1477484	192	14640	168400
Feb 28, 2022	1361236	48	14641	228800
Mar 01, 2022	1256955	48	18803	230800
Mar 02, 2022	1214896	47	23140	226300
Mar 03, 2022	1177280	285	22400	201900
Mar 04, 2022	1138983	133	11999	135100
Mar 05, 2022	1073301	85	11999	85600
Mar 06, 2022	999078	58	11999	168700
Mar 07, 2022	936709	70	23149	237100
Mar 08, 2022	884636	70	21936	228700
Mar 09, 2022	866451	70	22615	210100
Mar 10, 2022	848841	71	19849	189500
Mar 11, 2022	828445	96	9017	120400
Mar 12, 2022	793689	96	9017	76200
Mar 13, 2022	739867	95	9017	151500
Mar 14, 2022	695829	88	9015	212800
Mar 15, 2022	655840	88	21532	217700
Mar 16, 2022	654470	88	21532	210600
Mar 17, 2022	653100	86	21533	181000
Mar 18, 2022	651731	113	13537	124700
Mar 19, 2022	630888	113	13537	80600
Mar 20, 2022	607317	113	13537	151900
Mar 21, 2022	586641	0	13536	223400
Mar 22, 2022	569562	0	24297	217000
Mar 23, 2022	577600	0	24297	207900
Mar 24, 2022	585638	0	24298	189700
Mar 25, 2022	593676	50	14158	127300
Mar 26, 2022	585596	50	14158	72500
Mar 27, 2022	565799	49	14158	154900
Mar 28, 2022	544021	52	14159	219500
Mar 29, 2022	530611	52	14422	226800
Mar 30, 2022	530567	52	14422	227200
Mar 31, 2022	530349	50	14421	207100
Apr 01, 2022	530130	119	6770	132200
Apr 02, 2022	522259	119	6770	86500
Apr 03, 2022	510226	119	6770	183900
Apr 04, 2022	493856	41	6769	251100
Apr 05, 2022	478225	41	16278	268000
Apr 06, 2022	482504	41	16278	255200
Apr 07, 2022	486783	39	16278	237300
Apr 08, 2022	491062	65	8682	155700
Apr 09, 2022	476595	65	8682	90700
Apr 10, 2022	463341	65	8682	203800
Apr 11, 2022	449408	65	8681	274700
Apr 12, 2022	438240	65	10668	286200
Apr 13, 2022	434463	65	10668	265300
Apr 14, 2022	430686	65	10668	229700
Apr 15, 2022	426909	62	10668	128400
Apr 16, 2022	423132	62	10668	77600
Apr 17, 2022	419354	63	10668	205500
Apr 18, 2022	415576	80	10671	262100
Apr 19, 2022	412191	80	16381	261500
Apr 20, 2022	415100	80	16381	243700
Apr 21, 2022	417944	79	16381	204900
Apr 22, 2022	420788	76	11855	121400
Apr 23, 2022	419107	76	11855	63600
Apr 24, 2022	406665	77	11855	182200
Apr 25, 2022	394223	53	11856	240000
Apr 26, 2022	381781	53	20898	220700
Apr 27, 2022	388521	53	20898	202400
Apr 28, 2022	395261	53	20899	139300
Apr 29, 2022	402002	67	14332	80300
Apr 30, 2022	402175	67	14332	48100
May 01, 2022	402085	67	14332	113200
May 02, 2022	401995	64	14333	189400
May 03, 2022	401907	64	18526	182700
May 04, 2022	413663	64	18526	159200
May 05, 2022	425419	62	18526	135000
May 06, 2022	437175	107	12457	70500
May 07, 2022	442863	107	12457	40900
May 08, 2022	439042	107	12457	126300
May 09, 2022	435221	50	12458	163700
May 10, 2022	431401	50	22745	139800
May 11, 2022	445464	50	22745	127900
May 12, 2022	459527	48	22744	71100
May 13, 2022	473589	102	13028	49700
May 14, 2022	477936	102	13028	31300
May 15, 2022	480296	101	13028	57300
May 16, 2022	482656	40	13028	141900
May 17, 2022	485016	40	19613	143100
May 18, 2022	493961	40	19613	126500
May 19, 2022	502906	38	19613	100800
May 20, 2022	511851	79	10568	49300
May 21, 2022	511748	79	10568	26900
May 22, 2022	505935	78	10568	106100
May 23, 2022	500122	38	10568	123700
May 24, 2022	494309	38	15306	99800
May 25, 2022	497760	38	15306	84700
May 26, 2022	501211	38	15307	69500
May 27, 2022	504663	101	8498	33200
May 28, 2022	501305	101	8498	18300
May 29, 2022	488905	102	8498	78400
May 30, 2022	476505	29	8498	95400
May 31, 2022	464104	29	14330	79600
Jun 01, 2022	464102	29	14330	67800
Jun 02, 2022	464100	30	14329	56500
Jun 03, 2022	464097	65	8323	24700
Jun 04, 2022	458087	65	8323	14300
Jun 05, 2022	447884	64	8323	69600
Jun 06, 2022	437681	33	8324	72700
Jun 07, 2022	427479	33	14152	62200
Jun 08, 2022	429174	33	14152	44300
Jun 09, 2022	430869	32	14152	47100
Jun 10, 2022	432564	81	9033	20400
Jun 11, 2022	429139	81	9033	12100
Jun 12, 2022	415427	81	9033	57000
Jun 13, 2022	401715	31	9034	59200
Jun 14, 2022	388005	31	16091	50300
Jun 15, 2022	391068	31	16091	42500
Jun 16, 2022	394131	29	16090	40200
Jun 17, 2022	397193	65	12559	17900
Jun 18, 2022	396724	65	12559	11300
Jun 19, 2022	389670	65	12559	36400
Jun 20, 2022	382616	27	12558	55700
Jun 21, 2022	375561	27	22729	53300
Jun 22, 2022	387722	27	22729	33500
Jun 23, 2022	399883	26	22728	45400
Jun 24, 2022	412043	68	13055	20500
Jun 25, 2022	414530	68	13055	14700
Jun 26, 2022	412279	69	13055	59100
Jun 27, 2022	410028	37	13053	125200
Jun 28, 2022	407774	37	28049	43900
Jun 29, 2022	427325	37	28049	53200
Jun 30, 2022	446876	37	28048	23600
Jul 01, 2022	466426	157	17955	0
Jul 02, 2022	475883	157	17955	17000
Jul 03, 2022	479508	157	17955	143600
Jul 04, 2022	483133	55	17953	92000
Jul 05, 2022	486757	55	27871	0
Jul 06, 2022	506305	55	27871	157500
Jul 07, 2022	525853	53	27871	0
Jul 08, 2022	545401	133	14807	29200
Jul 09, 2022	551884	133	14807	117400
Jul 10, 2022	552539	134	14807	108200
Jul 11, 2022	553194	74	14805	95600
Jul 12, 2022	553847	74	19212	62600
Jul 13, 2022	564026	74	19212	0
Jul 14, 2022	574205	72	19211	84100
Jul 15, 2022	584383	182	10421	28800
Jul 16, 2022	585770	182	10421	20800
Jul 17, 2022	580100	181	10421	104100
Jul 18, 2022	574430	52	10420	119800
Jul 19, 2022	568760	52	24235	109700
Jul 20, 2022	580436	52	24235	98100
Jul 21, 2022	592112	51	24234	89600
Jul 22, 2022	603787	108	0	30500
Jul 23, 2022	603735	108	0	21400
Jul 24, 2022	603683	109	0	116900
Jul 25, 2022	603631	0	0	132700
Jul 26, 2022	523043	0	6149	232300
Jul 27, 2022	516137	0	7784	0
Jul 28, 2022	510866	0	7783	95600
Jul 29, 2022	505594	121	4854	30000
Jul 30, 2022	497395	127	4854	19900
Jul 31, 2022	474200	127	4854	121900
Aug 01, 2022	451005	61	4855	132900
Aug 02, 2022	427812	61	6729	121800
Aug 03, 2022	416586	61	6729	105700
Aug 04, 2022	405360	62	6730	89900
Aug 05, 2022	394135	109	3593	27800
Aug 06, 2022	379775	109	3593	19500
Aug 07, 2022	355497	110	3593	120200
Aug 08, 2022	331219	60	3594	129700
Aug 09, 2022	306942	60	4527	117100
Aug 10, 2022	296662	60	4527	191300
Aug 11, 2022	286382	59	4528	0
Aug 12, 2022	276103	74	3041	26100
Aug 13, 2022	264339	74	3041	17300
Aug 14, 2022	248168	74	3041	113300
Aug 15, 2022	231997	30	3039	117700
Aug 16, 2022	215825	30	2821	100300
Aug 17, 2022	208225	30	2821	84700
Aug 18, 2022	200625	28	2821	75200
Aug 19, 2022	193025	69	2255	23400
Aug 20, 2022	184860	69	2255	14800
Aug 21, 2022	162880	70	2255	99400
Aug 22, 2022	140900	37	2255	97000
Aug 23, 2022	118921	37	3064	80200
Aug 24, 2022	121916	37	3064	63200
Aug 25, 2022	124911	35	3064	55200
Aug 26, 2022	127905	68	2389	18200
Aug 27, 2022	130257	68	2389	12100
Aug 28, 2022	126742	68	2389	71900
Aug 29, 2022	121347	30	2387	73400
Aug 30, 2022	115951	30	3163	61600
Aug 31, 2022	114260	30	3163	51600
Sep 01, 2022	112569	29	3163	44800
Sep 02, 2022	110878	69	1676	16000
Sep 03, 2022	107699	69	1676	10700
Sep 04, 2022	102646	69	1676	58700
Sep 05, 2022	97593	37	1675	60600
Sep 06, 2022	92538	37	2975	49300
Sep 07, 2022	91920	37	2975	42100
Sep 08, 2022	91302	38	2975	39600
Sep 09, 2022	90684	149	1617	13400
Sep 10, 2022	88707	149	1617	9700
Sep 11, 2022	85797	148	1617	50100
Sep 12, 2022	82887	30	1618	55400
Sep 13, 2022	79977	30	3587	44300
Sep 14, 2022	80523	30	3587	37400
Sep 15, 2022	81069	30	3586	33000
Sep 16, 2022	81614	55	2080	11800
Sep 17, 2022	80655	55	2080	8900
Sep 18, 2022	79914	54	2080	45800
Sep 19, 2022	79173	19	2080	47300
Sep 20, 2022	78432	19	3435	41500
Sep 21, 2022	79612	19	3435	33500
Sep 22, 2022	80792	18	3436	30600
Sep 23, 2022	81973	32	2190	11600
Sep 24, 2022	81908	32	2190	8900
Sep 25, 2022	81034	31	2190	45200
Sep 26, 2022	80160	21	2191	46500
Sep 27, 2022	79287	21	3574	37600
Sep 28, 2022	80472	21	3574	32300
Sep 29, 2022	81657	20	3573	31000
Sep 30, 2022	82841	69	2029	12000
Oct 01, 2022	82483	69	2029	9600
Oct 02, 2022	81349	68	2029	46100
Oct 03, 2022	80215	25	2027	47500
Oct 04, 2022	79079	25	3614	43000
Oct 05, 2022	81017	25	3614	39100
Oct 06, 2022	82955	25	3615	37500
Oct 07, 2022	84894	25	2950	15500
Oct 08, 2022	86169	25	2950	13100
Oct 09, 2022	86144	23	2950	57900
Oct 10, 2022	86119	31	2950	64600
Oct 11, 2022	86094	31	2950	56800
Oct 12, 2022	87427	31	2950	51800
Oct 13, 2022	88760	31	2952	48600
Oct 14, 2022	90095	31	3632	19100
Oct 15, 2022	92109	31	3632	14200
Oct 16, 2022	92154	31	3632	45100
Oct 17, 2022	92199	31	3632	81100
Oct 18, 2022	92245	31	3632	85200
Oct 19, 2022	93797	31	3632	78900
Oct 20, 2022	95349	31	3630	70700
Oct 21, 2022	96899	31	3393	26700
Oct 22, 2022	98212	31	3393	18400
Oct 23, 2022	98170	34	3393	98600
Oct 24, 2022	98128	23	3393	111500
Oct 25, 2022	98085	23	3393	100100
Oct 26, 2022	99288	23	3393	85300
Oct 27, 2022	100491	23	3395	79600
Oct 28, 2022	101696	23	2554	29100
Oct 29, 2022	102059	23	2554	19500
Oct 30, 2022	101039	23	2554	54900
Oct 31, 2022	100019	17	2554	123200
Nov 01, 2022	99000	17	2554	126500
Nov 02, 2022	99525	17	2554	116700
Nov 03, 2022	100050	17	2551	98000
Nov 04, 2022	100572	17	3128	28100
Nov 05, 2022	101673	17	3128	20800
Nov 06, 2022	101187	16	3128	119900
Nov 07, 2022	100701	41	3128	121200
Nov 08, 2022	100214	41	3128	101900
Nov 09, 2022	100392	41	3128	85900
Nov 10, 2022	100570	41	3128	74800
Nov 11, 2022	100748	41	3169	21600
Nov 12, 2022	100967	41	3169	14600
Nov 13, 2022	101186	38	3169	93000
Nov 14, 2022	101405	37	3169	91900
Nov 15, 2022	101622	37	3169	89000
Nov 16, 2022	101159	37	3169	69600
Nov 17, 2022	100696	37	3168	58200
Nov 18, 2022	100232	37	3112	16200
Nov 19, 2022	99712	37	3112	11600
Nov 20, 2022	99192	38	3112	73400
Nov 21, 2022	98672	30	3112	68700
Nov 22, 2022	98154	30	3112	55000
Nov 23, 2022	97873	30	3112	44800
Nov 24, 2022	97592	30	3111	37300
Nov 25, 2022	97310	30	2758	11400
Nov 26, 2022	96675	30	2758	9200
Nov 27, 2022	96040	27	2758	39400
Nov 28, 2022	95405	45	2758	37800
Nov 29, 2022	94768	45	2758	48300
Nov 30, 2022	94972	45	2758	37600
Dec 01, 2022	95176	45	2755	31100
Dec 02, 2022	95377	45	2547	9800
Dec 03, 2022	95370	45	2547	7000
Dec 04, 2022	95363	44	2547	43200
Dec 05, 2022	95356	34	2547	40400
Dec 06, 2022	95352	34	2547	33100
Dec 07, 2022	94771	34	2547	29300
Dec 08, 2022	94190	34	2546	0
Dec 09, 2022	93608	34	2658	37400
Dec 10, 2022	93138	34	2658	6900
Dec 11, 2022	92668	32	2658	37700
Dec 12, 2022	92198	34	2658	37700
Dec 13, 2022	91728	34	2658	31000
Dec 14, 2022	91217	34	2658	27400
Dec 15, 2022	90706	34	2656	27100
Dec 16, 2022	90193	34	2685	8900
Dec 17, 2022	89709	34	2685	6400
Dec 18, 2022	89225	37	2685	37000
Dec 19, 2022	88741	28	2685	39500
Dec 20, 2022	88258	28	2685	33300
Dec 21, 2022	87831	28	2685	29200
Dec 22, 2022	87404	28	2688	27800
Dec 23, 2022	86980	28	2032	9700
Dec 24, 2022	85900	28	2032	7300
Dec 25, 2022	84820	28	2032	41400
Dec 26, 2022	83740	45	2032	43100
Dec 27, 2022	82661	45	2032	37500
Dec 28, 2022	81935	45	2032	32300
Dec 29, 2022	81209	45	2029	29800
Dec 30, 2022	80480	45	1317	11200
Dec 31, 2022	79449	45	1317	7500
Jan 01, 2023	78418	48	1317	40900
Jan 02, 2023	77387	45	1317	46200
Jan 03, 2023	76356	45	1317	39200
Jan 04, 2023	75325	45	1317	35200
Jan 05, 2023	74294	45	1318	31500
Jan 06, 2023	73259	45	1317	10000
Jan 07, 2023	69800	45	1317	5900
Jan 08, 2023	68570	76	1317	29500
Jan 09, 2023	67340	45	1317	44400
Jan 10, 2023	66111	45	1317	40900
Jan 11, 2023	64770	45	1317	62800
Jan 12, 2023	63429	45	9871	0
Jan 13, 2023	70642	45	1317	8100
Jan 14, 2023	69301	45	1317	5600
Jan 15, 2023	67960	154	1317	40700
Jan 16, 2023	66619	36	1317	40500
Jan 17, 2023	65280	36	1317	34900
Jan 18, 2023	63912	36	1317	30500
Jan 19, 2023	62544	36	3524	25600
Jan 20, 2023	63383	36	1257	7100
Jan 21, 2023	61955	36	1257	4600
Jan 22, 2023	60527	35	1257	12300
Jan 23, 2023	59099	40	1257	35200
Jan 24, 2023	57668	40	1257	27900
Jan 25, 2023	56893	40	1257	21600
Jan 26, 2023	56118	40	1259	16300
Jan 27, 2023	55345	40	1293	4900
Jan 28, 2023	54606	40	1293	3200
Jan 29, 2023	53867	38	1293	26400
Jan 30, 2023	53128	38	1293	24700
Jan 31, 2023	52392	38	1293	18600
Feb 01, 2023	52368	38	1293	15100
Feb 02, 2023	52344	38	1295	10800
Feb 03, 2023	52322	38	1198	3600
Feb 04, 2023	52203	38	1198	2900
Feb 05, 2023	52084	36	1198	20900
Feb 06, 2023	51965	30	1198	19000
Feb 07, 2023	51845	30	1198	15200
Feb 08, 2023	51726	30	1198	12100
Feb 09, 2023	51607	30	1199	10500
Feb 10, 2023	51489	30	1005	3200
Feb 11, 2023	51177	30	1005	2700
Feb 12, 2023	50865	30	1005	15800
Feb 13, 2023	50553	28	1005	15800
Feb 14, 2023	41687	28	1005	12700
Feb 15, 2023	41375	28	1005	11000
Feb 16, 2023	41063	28	1008	10100
Feb 17, 2023	40754	28	1054	3400
Feb 18, 2023	40491	28	1054	2600
Feb 19, 2023	40228	26	1054	15200
Feb 20, 2023	39965	14	1054	16500
Feb 21, 2023	37495	14	1054	13600
Feb 22, 2023	37292	14	1054	24000
Feb 23, 2023	37089	14	1056	0
Feb 24, 2023	36888	14	1013	3800
Feb 25, 2023	36644	14	1013	2900
Feb 26, 2023	36400	15	1013	17900
Feb 27, 2023	36156	20	1013	19800
Feb 28, 2023	35910	20	1013	16500
Mar 01, 2023	35630	20	1013	13900
Mar 02, 2023	35350	20	1015	13200
Mar 03, 2023	35072	20	1148	3900
Mar 04, 2023	34927	20	1148	3100
Mar 05, 2023	34782	19	1148	17500
Mar 06, 2023	34637	36	1148	20900
Mar 07, 2023	34490	36	1148	18300
Mar 08, 2023	34440	36	1148	16700
Mar 09, 2023	34390	36	1150	15900
Mar 10, 2023	34342	36	671	4600
Mar 11, 2023	33815	36	671	3000
Mar 12, 2023	33288	38	671	21400
Mar 13, 2023	32761	43	671	38200
Mar 14, 2023	32233	43	671	0
Mar 15, 2023	31899	43	671	13400
Mar 16, 2023	31565	43	670	11600
Mar 17, 2023	31230	43	1060	2800
Mar 18, 2023	31285	43	1060	2000
Mar 19, 2023	31340	40	1060	14900
Mar 20, 2023	31395	37	1060	16300
Mar 21, 2023	31447	37	1060	16100
Mar 22, 2023	31453	37	1060	15100
Mar 23, 2023	31459	37	1057	13500
Mar 24, 2023	31462	37	1167	3200
Mar 25, 2023	31575	37	1167	2000
Mar 26, 2023	31688	34	1167	18100
Mar 27, 2023	31801	13	1167	16400
Mar 28, 2023	31912	13	1167	12500
Mar 29, 2023	32066	13	1167	7600
Mar 30, 2023	32220	13	1165	6500
Mar 31, 2023	32372	13	1077	1500
Apr 01, 2023	32436	13	1077	1100
Apr 02, 2023	32500	13	1077	8500
Apr 03, 2023	32564	13	1077	8200
Apr 04, 2023	32626	13	1077	6900
Apr 05, 2023	32555	13	1077	5900
Apr 06, 2023	32484	13	1077	5400
Apr 07, 2023	32413	13	1077	1300
Apr 08, 2023	32342	13	1077	1000
Apr 09, 2023	32271	11	1077	7800
Apr 10, 2023	32200	16	1077	7100
Apr 11, 2023	32127	16	1077	5800
Apr 12, 2023	32533	16	1077	5100
Apr 13, 2023	32939	16	1082	4100
Apr 14, 2023	33350	16	1603	1200
Apr 15, 2023	34282	16	1603	900
Apr 16, 2023	35214	13	1603	6300
Apr 17, 2023	36146	18	1603	5700
Apr 18, 2023	37079	18	1603	4600
Apr 19, 2023	37622	18	1603	3900
Apr 20, 2023	38165	18	1604	2900
Apr 21, 2023	38709	18	1484	800
Apr 22, 2023	39133	18	1484	700
Apr 23, 2023	39557	18	1484	4200
Apr 24, 2023	39981	18	1484	4100
Apr 25, 2023	40408	18	1484	3400
Apr 26, 2023	40725	18	1484	3100
Apr 27, 2023	41042	18	1484	2500
Apr 28, 2023	41359	18	1484	600
Apr 29, 2023	41676	18	1484	500
Apr 30, 2023	41993	15	1484	3700
May 01, 2023	42310	18	1484	3100
May 02, 2023	42629	18	1484	2500
May 03, 2023	43036	18	1484	2100
May 04, 2023	43443	18	1481	800
May 05, 2023	43847	18	1600	500
May 06, 2023	44370	18	1600	400
May 07, 2023	44893	18	1600	900
May 08, 2023	45416	18	1600	3500
May 09, 2023	45939	18	1600	2300
May 10, 2023	46462	18	1600	2000
May 11, 2023	46985	18	1600	1400
May 12, 2023	47508	18	1600	400
May 13, 2023	48031	18	1600	400
May 14, 2023	48554	15	1600	2200
May 15, 2023	49077	15	1600	2300
May 16, 2023	49595	15	1600	1800
May 17, 2023	49592	15	1600	1600
May 18, 2023	49589	15	1602	1300
May 19, 2023	49588	15	1595	300
May 20, 2023	49580	15	1595	300
May 21, 2023	49572	15	1595	2100
May 22, 2023	49564	14	1595	1700
May 23, 2023	49555	14	1595	1400
May 24, 2023	49666	14	1595	1100
May 25, 2023	49777	14	1595	1000
May 26, 2023	49888	15	1595	100
May 27, 2023	49999	15	1595	300
May 28, 2023	50110	12	1595	2400
May 29, 2023	50221	15	1595	1300
May 30, 2023	50332	15	1595	1000
May 31, 2023	50443	15	1595	1000
Jun 01, 2023	50554	15	1593	0
Jun 02, 2023	50663	15	1035	0
Jun 03, 2023	50214	15	1035	0
Jun 04, 2023	49765	15	1035	0
Jun 05, 2023	49316	14	1035	0
Jun 06, 2023	48870	14	1035	0
Jun 07, 2023	48305	14	1035	0
Jun 08, 2023	47740	14	1035	0
Jun 09, 2023	47175	15	1035	0
Jun 10, 2023	46610	15	1035	0
Jun 11, 2023	46045	15	1035	0
Jun 12, 2023	45480	10	1035	0
Jun 13, 2023	44915	10	1035	0
Jun 14, 2023	44350	10	1035	0
Jun 15, 2023	43785	10	1038	0
Jun 16, 2023	43223	10	697	0
Jun 17, 2023	42320	10	697	0
Jun 18, 2023	41417	10	697	0
Jun 19, 2023	40514	10	697	0
Jun 20, 2023	39609	10	697	0
Jun 21, 2023	38711	10	697	0
Jun 22, 2023	37813	10	697	0
Jun 23, 2023	36915	10	697	0
Jun 24, 2023	36017	10	697	0
Jun 25, 2023	35119	8	697	0
Jun 26, 2023	34221	0	697	0
Jun 27, 2023	33323	0	697	0
Jun 28, 2023	32425	0	697	0
Jun 29, 2023	31527	0	702	0
Jun 30, 2023	30634	0	0	0
Jul 01, 2023	30634	0	0	0
Jul 02, 2023	30634	0	0	0
Jul 03, 2023	30634	0	0	0
Jul 04, 2023	30634	0	0	0
Jul 05, 2023	30634	0	0	0
Jul 06, 2023	30634	0	0	0
Jul 07, 2023	30634	0	0	0
Jul 08, 2023	30634	0	0	0
Jul 09, 2023	30634	0	0	0
Jul 10, 2023	30634	0	0	0
Jul 11, 2023	30634	0	0	0
Jul 12, 2023	30634	0	0	0
Jul 13, 2023	30634	0	0	0
Jul 14, 2023	30634	0	0	0
Jul 15, 2023	30634	0	0	0
Jul 16, 2023	30634	0	0	0
Jul 17, 2023	30634	0	0	0
Jul 18, 2023	30634	0	0	0
Jul 19, 2023	30634	0	0	0
Jul 20, 2023	30634	0	0	0
Jul 21, 2023	30634	0	0	0
Jul 22, 2023	30634	0	0	0
Jul 23, 2023	30634	0	0	0
Jul 24, 2023	30634	0	0	0
Jul 25, 2023	30634	0	0	0
Jul 26, 2023	30634	0	0	0
Jul 27, 2023	30634	0	0	0
Jul 28, 2023	30634	0	0	0
Jul 29, 2023	30634	0	0	0
Jul 30, 2023	30634	0	0	0
Jul 31, 2023	30634	0	0	0
Aug 01, 2023	30634	0	0	0
Aug 02, 2023	30634	0	0	0
Aug 03, 2023	30634	0	0	0
Aug 04, 2023	30634	0	0	0
Aug 05, 2023	30634	0	0	0
Aug 06, 2023	30634	0	0	0
Aug 07, 2023	30634	0	0	0
Aug 08, 2023	30634	0	0	0
Aug 09, 2023	30634	0	0	0
Aug 10, 2023	30634	0	0	0
Aug 11, 2023	30634	0	0	0
Aug 12, 2023	30634	0	0	0
Aug 13, 2023	30634	0	0	0
Aug 14, 2023	30634	0	0	0
Aug 15, 2023	30634	0	0	0
Aug 16, 2023	30634	0	0	0
Aug 17, 2023	30634	0	0	0
Aug 18, 2023	30634	0	0	0
Aug 19, 2023	30634	0	0	0
Aug 20, 2023	30634	0	0	0
Aug 21, 2023	30634	0	0	0
Aug 22, 2023	30634	0	0	0
Aug 23, 2023	30634	0	0	0
Aug 24, 2023	30634	0	0	0
Aug 25, 2023	30634	0	0	0
Aug 26, 2023	30634	0	0	0
Aug 27, 2023	30634	0	0	0
Aug 28, 2023	30634	0	0	0
Aug 29, 2023	30634	0	0	0
Aug 30, 2023	30634	0	0	0
Aug 31, 2023	30634	0	0	0
Sep 01, 2023	30634	0	0	0
Sep 02, 2023	30634	0	0	0
Sep 03, 2023	30634	0	0	0
Sep 04, 2023	30634	0	0	0
Sep 05, 2023	30634	0	0	0
Sep 06, 2023	30634	0	0	0
Sep 07, 2023	30634	0	0	0
Sep 08, 2023	30634	0	0	0
Sep 09, 2023	30634	0	0	0
Sep 10, 2023	30634	0	0	0
Sep 11, 2023	30634	0	0	0
Sep 12, 2023	30634	0	0	0
Sep 13, 2023	30634	0	0	0
Sep 14, 2023	30634	0	0	0
Sep 15, 2023	30634	0	0	0
Sep 16, 2023	30634	0	0	0
Sep 17, 2023	30634	0	0	0
Sep 18, 2023	30634	0	0	0
Sep 19, 2023	30634	0	0	0
Sep 20, 2023	30634	0	0	0
Sep 21, 2023	30634	0	0	0
Sep 22, 2023	30634	0	0	0
Sep 23, 2023	30634	0	0	0
Sep 24, 2023	30634	0	0	0
Sep 25, 2023	30634	0	0	0
Sep 26, 2023	30634	0	0	0
Sep 27, 2023	30634	0	0	0
Sep 28, 2023	30634	0	0	0
Sep 29, 2023	30634	0	0	0
Sep 30, 2023	30634	0	0	0
Oct 01, 2023	30634	0	0	0
Oct 02, 2023	30634	0	0	0
Oct 03, 2023	30634	0	0	0
Oct 04, 2023	30634	0	0	0
Oct 05, 2023	30634	0	0	0
Oct 06, 2023	30634	0	0	0
Oct 07, 2023	30634	0	0	0
Oct 08, 2023	30634	0	0	0
Oct 09, 2023	30634	0	0	0
Oct 10, 2023	30634	0	0	0
Oct 11, 2023	30634	0	0	0
Oct 12, 2023	30634	0	0	0
Oct 13, 2023	30634	0	0	0
Oct 14, 2023	30634	0	0	0
Oct 15, 2023	30634	0	0	0
Oct 16, 2023	30634	0	0	0
Oct 17, 2023	30634	0	0	0
Oct 18, 2023	30634	0	0	0
Oct 19, 2023	30634	0	0	0
Oct 20, 2023	30634	0	0	0
Oct 21, 2023	30634	0	0	0
Oct 22, 2023	30634	0	0	0
Oct 23, 2023	30634	0	0	0
Oct 24, 2023	30634	0	0	0
Oct 25, 2023	30634	0	0	0
Oct 26, 2023	30634	0	0	0
Oct 27, 2023	30634	0	0	0
Oct 28, 2023	30634	0	0	0
Oct 29, 2023	30634	0	0	0
Oct 30, 2023	30634	0	0	0
Oct 31, 2023	30634	0	0	0
Nov 01, 2023	30634	0	0	0
Nov 02, 2023	30634	0	0	0
Nov 03, 2023	30634	0	0	0
Nov 04, 2023	30634	0	0	0
Nov 05, 2023	30634	0	0	0
Nov 06, 2023	30634	0	0	0
Nov 07, 2023	30634	0	0	0
Nov 08, 2023	30634	0	0	0
Nov 09, 2023	30634	0	0	0
Nov 10, 2023	30634	0	0	0
Nov 11, 2023	30634	0	0	0
Nov 12, 2023	30634	0	0	0
Nov 13, 2023	30634	0	0	0
Nov 14, 2023	30634	0	0	0
Nov 15, 2023	30634	0	0	0
Nov 16, 2023	30634	0	0	0
Nov 17, 2023	30634	0	0	0
Nov 18, 2023	30634	0	0	0
Nov 19, 2023	30634	0	0	0
Nov 20, 2023	30634	0	0	0
Nov 21, 2023	30634	0	0	0
Nov 22, 2023	30634	0	0	0
Nov 23, 2023	30634	0	0	0
Nov 24, 2023	30634	0	0	0
Nov 25, 2023	30634	0	0	0
Nov 26, 2023	30634	0	0	0
Nov 27, 2023	30634	0	0	0
Nov 28, 2023	30634	0	0	0
Nov 29, 2023	30634	0	0	0
Nov 30, 2023	30634	0	0	0
Dec 01, 2023	30634	0	0	0
Dec 02, 2023	30634	0	0	0
Dec 03, 2023	30634	0	0	0
Dec 04, 2023	30634	0	0	0
Dec 05, 2023	30634	0	0	0
Dec 06, 2023	30634	0	0	0
Dec 07, 2023	30634	0	0	0
Dec 08, 2023	30634	0	0	0
Dec 09, 2023	30634	0	0	0
Dec 10, 2023	30634	0	0	0
Dec 11, 2023	30634	0	0	0
Dec 12, 2023	30634	0	0	0
Dec 13, 2023	30634	0	0	0
Dec 14, 2023	30634	0	0	0
Dec 15, 2023	30634	0	0	0
Dec 16, 2023	30634	0	0	0
Dec 17, 2023	30634	0	0	0
Dec 18, 2023	30634	0	0	0
Dec 19, 2023	30634	0	0	0
Dec 20, 2023	30634	0	0	0
Dec 21, 2023	30634	0	0	0
Dec 22, 2023	30634	0	0	0
Dec 23, 2023	30634	0	0	0
Dec 24, 2023	30634	0	0	0
Dec 25, 2023	30634	0	0	0
Dec 26, 2023	30634	0	0	0
Dec 27, 2023	30634	0	0	0
Dec 28, 2023	30634	0	0	0
Dec 29, 2023	30634	0	0	0
Dec 30, 2023	30634	0	0	0
Dec 31, 2023	30634	0	0	0
Jan 01, 2024	30634	0	0	0
Jan 02, 2024	30634	0	0	0
Jan 03, 2024	30634	0	0	0
Jan 04, 2024	30634	0	0	0
Jan 05, 2024	30634	0	0	0
Jan 06, 2024	30634	0	0	0
Jan 07, 2024	30634	0	0	0
Jan 08, 2024	30634	0	0	0
Jan 09, 2024	30634	0	0	0
Jan 10, 2024	30634	0	0	0
Jan 11, 2024	30634	0	0	0
Jan 12, 2024	30634	0	0	0
Jan 13, 2024	30634	0	0	0
Jan 14, 2024	30634	0	0	0
Jan 15, 2024	30634	0	0	0
Jan 16, 2024	30634	0	0	0
Jan 17, 2024	30634	0	0	0
Jan 18, 2024	30634	0	0	0
Jan 19, 2024	30634	0	0	0
Jan 20, 2024	30634	0	0	0
Jan 21, 2024	30634	0	0	0
Jan 22, 2024	30634	0	0	0
Jan 23, 2024	30634	0	0	0
Jan 24, 2024	30634	0	0	0
Jan 25, 2024	30634	0	0	0
Jan 26, 2024	30634	0	0	0
Jan 27, 2024	30634	0	0	0
Jan 28, 2024	30634	0	0	0
Jan 29, 2024	30634	0	0	0
Jan 30, 2024	30634	0	0	0
Jan 31, 2024	30634	0	0	0
Feb 01, 2024	30634	0	0	0
Feb 02, 2024	30634	0	0	0
Feb 03, 2024	30634	0	0	0
Feb 04, 2024	30634	0	0	0
Feb 05, 2024	30634	0	0	0
Feb 06, 2024	30634	0	0	0
Feb 07, 2024	30634	0	0	0
Feb 08, 2024	30634	0	0	0
Feb 09, 2024	30634	0	0	0
Feb 10, 2024	30634	0	0	0
Feb 11, 2024	30634	0	0	0
Feb 12, 2024	30634	0	0	0
Feb 13, 2024	30634	0	0	0
Feb 14, 2024	30634	0	0	0
Feb 15, 2024	30634	0	0	0
Feb 16, 2024	30634	0	0	0
Feb 17, 2024	30634	0	0	0
Feb 18, 2024	30634	0	0	0
Feb 19, 2024	30634	0	0	0
Feb 20, 2024	30634	0	0	0
Feb 21, 2024	30634	0	0	0
Feb 22, 2024	30634	0	0	0
Feb 23, 2024	30634	0	0	0
Feb 24, 2024	30634	0	0	0
Feb 25, 2024	30634	0	0	0
Feb 26, 2024	30634	0	0	0
Feb 27, 2024	30634	0	0	0
Feb 28, 2024	30634	0	0	0
Feb 29, 2024	30634	0	0	0
Mar 01, 2024	30634	0	0	0
Mar 02, 2024	30634	0	0	0
Mar 03, 2024	30634	0	0	0
Mar 04, 2024	30634	0	0	0
Mar 05, 2024	30634	0	0	0
Mar 06, 2024	30634	0	0	0
Mar 07, 2024	30634	0	0	0
Mar 08, 2024	30634	0	0	0
Mar 09, 2024	30634	0	0	0
Mar 10, 2024	30634	0	0	0
Mar 11, 2024	30634	0	0	0
Mar 12, 2024	30634	0	0	0
Mar 13, 2024	30634	0	0	0
Mar 14, 2024	30634	0	0	0
Mar 15, 2024	30634	0	0	0
Mar 16, 2024	30634	0	0	0
Mar 17, 2024	30634	0	0	0
Mar 18, 2024	30634	0	0	0
Mar 19, 2024	30634	0	0	0
Mar 20, 2024	30634	NA	0	0
Mar 21, 2024	30634	NA	0	0
Mar 22, 2024	30634	NA	0	0
Mar 23, 2024	30634	NA	0	0
Mar 24, 2024	30634	NA	NA	NA
