Dates	Active	Deaths	Newcases	recover
Feb 15, 2020	0	1	0	0
Feb 16, 2020	0	0	0	0
Feb 17, 2020	0	1	2	0
Feb 18, 2020	0	2	0	0
Feb 19, 2020	0	0	6	0
Feb 20, 2020	0	0	0	0
Feb 21, 2020	0	4	7	0
Feb 22, 2020	0	4	8	0
Feb 23, 2020	0	2	10	0
Feb 24, 2020	0	1	20	0
Feb 25, 2020	0	2	11	0
Feb 26, 2020	0	6	28	0
Feb 27, 2020	0	7	15	0
Feb 28, 2020	0	3	37	0
Feb 29, 2020	0	11	51	0
Mar 01, 2020	0	4	35	0
Mar 02, 2020	0	5	46	0
Mar 03, 2020	0	14	101	0
Mar 04, 2020	0	11	92	0
Mar 05, 2020	0	20	21	0
Mar 06, 2020	1	9	48	0
Mar 07, 2020	1	3	69	0
Mar 08, 2020	1	15	94	0
Mar 09, 2020	3	4	96	0
Mar 10, 2020	3	13	108	0
Mar 11, 2020	9	9	159	0
Mar 12, 2020	9	13	96	0
Mar 13, 2020	16	13	106	0
Mar 14, 2020	24	10	139	3
Mar 15, 2020	34	7	79	0
Mar 16, 2020	53	10	94	0
Mar 17, 2020	64	9	201	0
Mar 18, 2020	92	10	274	0
Mar 19, 2020	107	8	169	0
Mar 20, 2020	144	11	250	0
Mar 21, 2020	195	9	236	24
Mar 22, 2020	226	16	67	24
Mar 23, 2020	271	9	76	1
Mar 24, 2020	369	15	127	0
Mar 25, 2020	458	21	126	20
Mar 26, 2020	477	10	128	0
Mar 27, 2020	523	16	206	0
Mar 28, 2020	592	18	182	19
Mar 29, 2020	682	20	171	137
Mar 30, 2020	769	19	185	12
Mar 31, 2020	859	10	172	8
Apr 01, 2020	1009	21	207	8
Apr 02, 2020	1087	17	205	10
Apr 03, 2020	1187	18	320	13
Apr 04, 2020	1289	16	261	1
Apr 05, 2020	1362	14	237	45
Apr 06, 2020	1445	16	218	13
Apr 07, 2020	1630	16	352	20
Apr 08, 2020	1876	21	258	7
Apr 09, 2020	1980	16	300	10
Apr 10, 2020	2196	12	499	65
Apr 11, 2020	2395	18	279	28
Apr 12, 2020	2397	21	383	47
Apr 13, 2020	2421	17	305	44
Apr 14, 2020	2498	22	640	37
Apr 15, 2020	2522	30	346	35
Apr 16, 2020	2539	23	497	35
Apr 17, 2020	2652	22	595	19
Apr 18, 2020	2764	23	444	24
Apr 19, 2020	2902	26	568	28
Apr 20, 2020	2984	27	550	103
Apr 21, 2020	3149	19	659	32
Apr 22, 2020	3280	31	658	47
Apr 23, 2020	3419	37	680	57
Apr 24, 2020	3653	49	606	54
Apr 25, 2020	3842	30	723	77
Apr 26, 2020	4002	40	635	33
Apr 27, 2020	4134	36	721	22
Apr 28, 2020	4412	42	640	30
Apr 29, 2020	4518	58	752	64
Apr 30, 2020	4775	60	643	36
May 01, 2020	5141	54	801	28
May 02, 2020	5295	49	1046	34
May 03, 2020	5606	64	998	88
May 04, 2020	5808	61	806	30
May 05, 2020	6222	55	1022	52
May 06, 2020	6414	57	1101	77
May 07, 2020	6749	47	1262	58
May 08, 2020	7199	75	1322	69
May 09, 2020	7481	59	1548	29
May 10, 2020	7895	75	1147	80
May 11, 2020	8309	63	1110	25
May 12, 2020	8808	86	1340	404
May 13, 2020	9288	95	1521	119
May 14, 2020	9727	81	1766	112
May 15, 2020	10210	111	1515	37
May 16, 2020	10790	73	1392	35
May 17, 2020	11249	94	1209	56
May 18, 2020	11800	87	1483	247
May 19, 2020	12272	163	1359	61
May 20, 2020	12801	157	1604	99
May 21, 2020	13247	128	1530	30
May 22, 2020	13874	167	1646	468
May 23, 2020	14754	117	1888	202
May 24, 2020	15432	111	2193	267
May 25, 2020	15966	136	2124	168
May 26, 2020	16716	171	1868	182
May 27, 2020	17190	136	2115	268
May 28, 2020	17879	165	3171	171
May 29, 2020	18922	122	3059	0
May 30, 2020	20225	146	2357	548
May 31, 2020	19901	149	3019	185
Jun 01, 2020	19863	168	2531	188
Jun 02, 2020	19682	187	2389	187
Jun 03, 2020	20021	211	3541	97
Jun 04, 2020	21112	194	3486	95
Jun 05, 2020	21852	188	3843	92
Jun 06, 2020	22440	148	4149	729
Jun 07, 2020	22655	170	3178	396
Jun 08, 2020	22984	189	3274	263
Jun 09, 2020	24172	215	2803	423
Jun 10, 2020	24916	259	4163	341
Jun 11, 2020	25934	228	4101	411
Jun 12, 2020	26598	220	3395	340
Jun 13, 2020	27728	193	3884	481
Jun 14, 2020	29450	237	3721	327
Jun 15, 2020	31385	207	3171	283
Jun 16, 2020	32764	315	4213	338
Jun 17, 2020	33856	287	4144	209
Jun 18, 2020	35587	294	5335	1130
Jun 19, 2020	37243	256	6803	355
Jun 20, 2020	38008	252	4586	522
Jun 21, 2020	39055	297	5083	425
Jun 22, 2020	39905	380	3832	423
Jun 23, 2020	40709	356	5621	240
Jun 24, 2020	42951	295	5271	972
Jun 25, 2020	44596	225	8037	3628
Jun 26, 2020	46694	320	8934	727
Jun 27, 2020	49379	367	8560	991
Jun 28, 2020	50383	298	6578	1004
Jun 29, 2020	51866	309	6727	890
Jun 30, 2020	52439	315	7033	1012
Jul 01, 2020	55132	311	7390	1146
Jul 02, 2020	57938	290	7945	1038
Jul 03, 2020	60394	302	7168	706
Jul 04, 2020	62884	312	7254	1667
Jul 05, 2020	65165	321	8181	934
Jul 06, 2020	65701	362	8125	1564
Jul 07, 2020	68274	308	10284	6407
Jul 08, 2020	70477	347	8670	1811
Jul 09, 2020	72987	318	9965	671
Jul 10, 2020	77051	287	9488	2424
Jul 11, 2020	79057	275	10673	1286
Jul 12, 2020	81687	247	11470	1479
Jul 13, 2020	83013	360	10199	1294
Jul 14, 2020	85467	204	7129	1831
Jul 15, 2020	87619	385	10735	1822
Jul 16, 2020	91013	400	11996	660
Jul 17, 2020	95215	348	9486	2827
Jul 18, 2020	98348	296	9674	1498
Jul 19, 2020	98749	277	10611	1808
Jul 20, 2020	101272	295	10142	2685
Jul 21, 2020	105032	284	12830	1933
Jul 22, 2020	109442	299	12066	2284
Jul 23, 2020	110734	297	11286	2632
Jul 24, 2020	111702	300	11306	2575
Jul 25, 2020	112859	299	11578	2496
Jul 26, 2020	115414	389	11643	2057
Jul 27, 2020	117163	296	8328	2508
Jul 28, 2020	121621	270	12462	2772
Jul 29, 2020	123824	270	13056	2741
Jul 30, 2020	127515	268	11541	3184
Jul 31, 2020	131016	256	8419	2719
Aug 01, 2020	135143	203	10965	2527
Aug 02, 2020	139762	202	8044	2276
Aug 03, 2020	143106	236	10549	2827
Aug 04, 2020	143406	222	10432	2819
Aug 05, 2020	147773	243	10142	2904
Aug 06, 2020	153416	216	9752	3445
Aug 07, 2020	156451	190	8498	4945
Aug 08, 2020	159739	199	9394	61867
Aug 09, 2020	161951	165	8024	4865
Aug 10, 2020	162984	190	7230	6415
Aug 11, 2020	166551	187	8901	5894
Aug 12, 2020	168897	185	9270	5151
Aug 13, 2020	169166	189	8235	6571
Aug 14, 2020	169323	169	8488	6692
Aug 15, 2020	167459	189	8394	6005
Aug 16, 2020	165799	173	8065	6148
Aug 17, 2020	159763	176	5327	5681
Aug 18, 2020	161180	178	7665	5194
Aug 19, 2020	159901	179	7343	4926
Aug 20, 2020	158412	193	7808	6155
Aug 21, 2020	156630	192	7424	5975
Aug 22, 2020	156343	153	6876	5619
Aug 23, 2020	149801	187	7355	5389
Aug 24, 2020	149913	170	5573	6413
Aug 25, 2020	148769	198	6698	5599
Aug 26, 2020	146965	201	7787	5657
Aug 27, 2020	145761	159	7568	5707
Aug 28, 2020	142133	156	6526	7055
Aug 29, 2020	140276	132	7927	6787
Aug 30, 2020	137953	173	6678	7188
Aug 31, 2020	136030	163	5359	7181
Sep 01, 2020	134460	151	7102	7154
Sep 02, 2020	133423	164	6731	6931
Sep 03, 2020	131805	165	6555	9160
Sep 04, 2020	130953	174	7494	8760
Sep 05, 2020	129530	151	7721	8751
Sep 06, 2020	126880	156	7018	8256
Sep 07, 2020	120954	165	5147	9202
Sep 08, 2020	116234	151	5839	15900
Sep 09, 2020	111918	159	5637	7608
Sep 10, 2020	102910	187	5660	10023
Sep 11, 2020	96876	167	6192	9650
Sep 12, 2020	93410	132	6616	9742
Sep 13, 2020	94010	170	6905	9440
Sep 14, 2020	91844	192	7106	9930
Sep 15, 2020	97324	172	7650	9380
Sep 16, 2020	102821	166	7875	8084
Sep 17, 2020	104823	198	8496	10939
Sep 18, 2020	105100	154	8121	10791
Sep 19, 2020	106674	194	8447	10154
Sep 20, 2020	107669	217	8569	20332
Sep 21, 2020	105138	188	7767	8665
Sep 22, 2020	102166	173	5015	8258
Sep 23, 2020	97245	209	6061	11103
Sep 24, 2020	90938	179	6823	10335
Sep 25, 2020	85737	201	8372	9565
Sep 26, 2020	80630	155	7017	9446
Sep 27, 2020	76096	177	7201	10780
Sep 28, 2020	70026	166	6311	9142
Sep 29, 2020	64060	196	8256	8788
Sep 30, 2020	60028	196	7561	8495
Oct 01, 2020	57452	190	8570	11375
Oct 02, 2020	61181	196	8672	11599
Oct 03, 2020	63790	183	8769	10558
Oct 04, 2020	66666	174	8174	12345
Oct 05, 2020	69014	164	9167	11255
Oct 06, 2020	71979	179	8166	10453
Oct 07, 2020	76530	178	8717	14119
Oct 08, 2020	81190	160	11187	12297
Oct 09, 2020	86258	202	10029	12323
Oct 10, 2020	91956	192	11033	11916
Oct 11, 2020	93695	158	9137	11202
Oct 12, 2020	92702	182	9935	9653
Oct 13, 2020	89254	198	6136	8911
Oct 14, 2020	85186	168	8692	13713
Oct 15, 2020	81694	175	9893	13642
Oct 16, 2020	79737	183	9756	12673
Oct 17, 2020	76101	192	8714	12791
Oct 18, 2020	72308	198	7440	0
Oct 19, 2020	68820	183	5176	25682
Oct 20, 2020	68136	159	7612	10873
Oct 21, 2020	67341	195	8651	11334
Oct 22, 2020	66922	187	8686	14841
Oct 23, 2020	67488	183	8685	14418
Oct 24, 2020	70332	182	8307	13706
Oct 25, 2020	70280	168	7742	14767
Oct 26, 2020	70660	183	6471	11758
Oct 27, 2020	69771	188	5911	9803
Oct 28, 2020	69308	162	6875	14987
Oct 29, 2020	71848	166	7487	14967
Oct 30, 2020	72583	175	7954	12838
Oct 31, 2020	73640	187	7049	11377
Nov 01, 2020	74002	163	7924	12700
Nov 02, 2020	75790	150	6562	11262
Nov 03, 2020	73668	176	7515	8369
Nov 04, 2020	73869	185	8497	12490
Nov 05, 2020	74602	197	9496	12100
Nov 06, 2020	75065	187	10023	11076
Nov 07, 2020	74770	142	9103	9598
Nov 08, 2020	73014	161	8763	10666
Nov 09, 2020	69072	204	8430	8320
Nov 10, 2020	64290	227	7986	0
Nov 11, 2020	61591	232	9297	18283
Nov 12, 2020	58830	249	9233	10297
Nov 13, 2020	59688	207	9285	8889
Nov 14, 2020	59599	205	9642	9736
Nov 15, 2020	59759	251	8854	11094
Nov 16, 2020	59127	243	5997	8637
Nov 17, 2020	57845	280	7510	7641
Nov 18, 2020	58256	236	7523	11040
Nov 19, 2020	58336	253	7778	10305
Nov 20, 2020	59934	228	8998	9234
Nov 21, 2020	60466	203	8163	8439
Nov 22, 2020	62198	246	8702	8308
Nov 23, 2020	60603	289	8742	6834
Nov 24, 2020	58960	304	10130	6650
Nov 25, 2020	60172	282	11953	9378
Nov 26, 2020	62715	270	12196	8595
Nov 27, 2020	64797	200	13277	7620
Nov 28, 2020	66008	222	13990	6966
Nov 29, 2020	67340	239	11160	7384
Nov 30, 2020	69551	297	10845	6024
Dec 01, 2020	70211	344	12526	5107
Dec 02, 2020	71337	364	14233	6317
Dec 03, 2020	72902	353	14940	7280
Dec 04, 2020	74150	330	14941	6830
Dec 05, 2020	74914	337	10196	5907
Dec 06, 2020	75885	331	9594	6004
Dec 07, 2020	71510	342	9310	4891
Dec 08, 2020	68126	367	11015	5901
Dec 09, 2020	66228	377	11639	6699
Dec 10, 2020	65007	388	16314	6605
Dec 11, 2020	65941	375	12105	5368
Dec 12, 2020	67781	373	11528	5157
Dec 13, 2020	71885	398	9412	4803
Dec 14, 2020	73852	390	10311	4180
Dec 15, 2020	76860	395	16835	3614
Dec 16, 2020	80873	399	16805	4642
Dec 17, 2020	85189	396	17576	4199
Dec 18, 2020	88032	392	18221	5862
Dec 19, 2020	93251	373	15795	5729
Dec 20, 2020	93415	381	15537	6055
Dec 21, 2020	95047	395	15003	5325
Dec 22, 2020	95288	390	14179	4551
Dec 23, 2020	99484	371	15898	0
Dec 24, 2020	100996	366	17121	0
Dec 25, 2020	102308	333	21078	17950
Dec 26, 2020	98919	289	20855	5699
Dec 27, 2020	96351	304	17379	6754
Dec 28, 2020	92392	301	14719	6205
Dec 29, 2020	89185	254	15939	5791
Dec 30, 2020	86372	272	17908	0
Dec 31, 2020	91143	290	15366	0
Jan 01, 2021	90837	300	15073	20416
Jan 02, 2021	91670	297	15551	5868
Jan 03, 2021	89502	217	12516	5123
Jan 04, 2021	89767	226	12261	8533
Jan 05, 2021	99530	250	13606	7432
Jan 06, 2021	105470	213	13953	10746
Jan 07, 2021	111995	229	12270	10102
Jan 08, 2021	112977	180	10058	9434
Jan 09, 2021	116015	181	9173	7420
Jan 10, 2021	119767	163	8078	6965
Jan 11, 2021	122838	185	9622	9146
Jan 12, 2021	122408	200	10091	8562
Jan 13, 2021	119853	177	11025	13067
Jan 14, 2021	117775	174	9790	12473
Jan 15, 2021	123854	149	7248	11141
Jan 16, 2021	130854	140	8547	10361
Jan 17, 2021	130149	144	6009	11303
Jan 18, 2021	119906	142	4246	9605
Jan 19, 2021	119734	136	5442	9400
Jan 20, 2021	121017	122	6443	11982
Jan 21, 2021	121024	142	6294	11071
Jan 22, 2021	125280	106	5528	9842
Jan 23, 2021	129678	100	4947	9481
Jan 24, 2021	131943	106	4923	10378
Jan 25, 2021	126805	110	3510	8028
Jan 26, 2021	124320	107	4049	8008
Jan 27, 2021	122741	111	5103	10583
Jan 28, 2021	120278	112	4824	10313
Jan 29, 2021	114558	91	4476	9409
Jan 30, 2021	108755	95	5017	8782
Jan 31, 2021	102579	78	4244	8349
Feb 01, 2021	95560	97	3401	8769
Feb 02, 2021	88679	85	3926	6440
Feb 03, 2021	81787	92	3953	9497
Feb 04, 2021	79146	96	3683	9057
Feb 05, 2021	76316	97	3567	8297
Feb 06, 2021	73183	100	3343	6906
Feb 07, 2021	73890	125	3555	7213
Feb 08, 2021	70944	130	3570	6143
Feb 09, 2021	62105	138	4339	5799
Feb 10, 2021	61146	135	3047	8140
Feb 11, 2021	57449	136	3565	7900
Feb 12, 2021	55180	121	3371	6805
Feb 13, 2021	54300	120	3663	6153
Feb 14, 2021	53883	126	3411	6324
Feb 15, 2021	50296	120	2205	4849
Feb 16, 2021	49544	125	3511	4587
Feb 17, 2021	49939	126	3588	6573
Feb 18, 2021	48746	145	4579	6194
Feb 19, 2021	47928	165	4078	5788
Feb 20, 2021	47863	124	4465	5068
Feb 21, 2021	47062	176	4062	5712
Feb 22, 2021	45994	167	2740	5685
Feb 23, 2021	44980	192	3716	4670
Feb 24, 2021	44228	163	4554	4164
Feb 25, 2021	43636	155	5139	6102
Feb 26, 2021	43400	162	5133	6253
Feb 27, 2021	43025	199	6761	5934
Feb 28, 2021	43675	231	5963	6317
Mar 01, 2021	43761	243	5128	5598
Mar 02, 2021	43570	247	4946	4653
Mar 03, 2021	42009	269	5986	6788
Mar 04, 2021	41584	325	6732	6468
Mar 05, 2021	41133	281	7395	5472
Mar 06, 2021	40415	267	8254	5499
Mar 07, 2021	38954	326	7139	5724
Mar 08, 2021	37486	337	7049	5051
Mar 09, 2021	38061	380	7952	5049
Mar 10, 2021	37714	365	8646	6822
Mar 11, 2021	38510	367	11449	6404
Mar 12, 2021	38098	397	10222	6291
Mar 13, 2021	38528	420	9149	5746
Mar 14, 2021	39421	429	9022	6312
Mar 15, 2021	38431	419	10190	5379
Mar 16, 2021	39008	430	11827	4527
Mar 17, 2021	40144	420	11381	6756
Mar 18, 2021	40712	440	12464	6852
Mar 19, 2021	41013	465	12125	6935
Mar 20, 2021	43555	448	14509	6489
Mar 21, 2021	44927	436	17483	7533
Mar 22, 2021	44787	490	16739	6271
Mar 23, 2021	45014	505	16377	5078
Mar 24, 2021	46294	490	16487	7437
Mar 25, 2021	47360	495	16918	8007
Mar 26, 2021	48744	485	16703	7749
Mar 27, 2021	51428	464	16654	7287
Mar 28, 2021	52015	463	16871	8741
Mar 29, 2021	52791	388	14189	7597
Mar 30, 2021	54636	399	16965	6763
Mar 31, 2021	57440	453	17212	9650
Apr 01, 2021	61409	492	19306	9688
Apr 02, 2021	63384	495	19925	8686
Apr 03, 2021	63909	488	16730	9840
Apr 04, 2021	64561	429	17190	13029
Apr 05, 2021	66283	490	12839	10536
Apr 06, 2021	67356	499	17578	10580
Apr 07, 2021	69379	490	19745	14358
Apr 08, 2021	71235	530	17308	14943
Apr 09, 2021	73357	520	17790	13857
Apr 10, 2021	77931	509	18022	15357
Apr 11, 2021	86524	482	15909	13984
Apr 12, 2021	91048	452	11599	15751
Apr 13, 2021	94208	490	14551	15611
Apr 14, 2021	99717	486	14806	21746
Apr 15, 2021	103459	509	16490	23875
Apr 16, 2021	109405	496	17525	19701
Apr 17, 2021	110257	483	16910	20363
Apr 18, 2021	113121	459	17222	22212
Apr 19, 2021	110142	514	12543	21470
Apr 20, 2021	109186	513	16425	16822
Apr 21, 2021	109773	514	16993	25118
Apr 22, 2021	112573	540	19160	24721
Apr 23, 2021	114479	535	16581	21763
Apr 24, 2021	112731	492	18873	21890
Apr 25, 2021	114909	523	15093	23837
Apr 26, 2021	113015	511	12984	21219
Apr 27, 2021	115825	545	13137	18941
Apr 28, 2021	119202	537	16579	25913
Apr 29, 2021	118061	532	16086	26229
Apr 30, 2021	116696	539	14838	21053
May 01, 2021	117132	535	18737	20838
May 02, 2021	118361	427	21669	21875
May 03, 2021	108773	550	16977	19386
May 04, 2021	106421	573	21181	17007
May 05, 2021	103656	569	23487	22765
May 06, 2021	101467	577	25092	20672
May 07, 2021	103008	586	23374	20426
May 08, 2021	101867	588	20494	18837
May 09, 2021	105030	599	20218	19893
May 10, 2021	101405	595	23177	17306
May 11, 2021	104802	596	25966	14977
May 12, 2021	109831	590	27000	22094
May 13, 2021	113463	589	28624	21709
May 14, 2021	115220	599	30000	20802
May 15, 2021	119907	754	28971	18653
May 16, 2021	119542	614	24050	20668
May 17, 2021	118321	645	21949	19058
May 18, 2021	114595	689	18586	16825
May 19, 2021	117070	685	24233	25984
May 20, 2021	114746	693	29302	25011
May 21, 2021	110208	664	29570	23153
May 22, 2021	115325	648	29998	23651
May 23, 2021	121455	608	28519	26234
May 24, 2021	118079	610	24376	24477
May 25, 2021	121618	593	24452	23628
May 26, 2021	128956	586	27827	38186
May 27, 2021	131110	591	29945	33369
May 28, 2021	133472	582	28790	35624
May 29, 2021	133765	570	28734	30601
May 30, 2021	141036	553	27818	31534
May 31, 2021	148109	559	23239	30735
Jun 01, 2021	149719	577	28616	27979
Jun 02, 2021	150994	576	29995	29121
Jun 03, 2021	155633	567	32997	26700
Jun 04, 2021	160056	528	32733	32363
Jun 05, 2021	164999	509	33594	31533
Jun 06, 2021	168369	504	32376	31115
Jun 07, 2021	159977	498	28478	25663
Jun 08, 2021	153629	496	25880	23084
Jun 09, 2021	156776	500	27908	30507
Jun 10, 2021	162015	498	28315	29270
Jun 11, 2021	164983	476	28005	26616
Jun 12, 2021	172396	446	26928	26062
Jun 13, 2021	179790	378	26265	27444
Jun 14, 2021	170525	351	25366	23174
Jun 15, 2021	165645	354	26721	20011
Jun 16, 2021	167161	352	24229	26367
Jun 17, 2021	171773	350	23275	25983
Jun 18, 2021	173188	330	21536	23776
Jun 19, 2021	173726	314	20915	22108
Jun 20, 2021	178071	300	19423	20622
Jun 21, 2021	181770	319	18650	17554
Jun 22, 2021	180757	325	17532	15934
Jun 23, 2021	183610	306	17230	23310
Jun 24, 2021	187490	291	18070	22656
Jun 25, 2021	189037	275	17893	20057
Jun 26, 2021	192839	218	19925	17164
Jun 27, 2021	199581	268	18206	18798
Jun 28, 2021	201607	211	16455	15937
Jun 29, 2021	198830	204	12829	14676
Jun 30, 2021	198282	188	11244	15132
Jul 01, 2021	198086	190	12576	22043
Jul 02, 2021	195928	181	13164	22728
Jul 03, 2021	194662	143	11064	19182
Jul 04, 2021	194452	167	11048	19850
Jul 05, 2021	190382	185	8503	16690
Jul 06, 2021	178646	144	11426	13932
Jul 07, 2021	173849	124	9364	20216
Jul 08, 2021	166913	135	9690	19506
Jul 09, 2021	160664	103	9462	18737
Jul 10, 2021	152041	121	9029	17967
Jul 11, 2021	144576	108	9094	17919
Jul 12, 2021	140810	93	6636	13770
Jul 13, 2021	134372	120	6929	11810
Jul 14, 2021	133599	122	7084	19146
Jul 15, 2021	132680	98	6540	17556
Jul 16, 2021	132045	95	6980	16064
Jul 17, 2021	132995	99	6051	15526
Jul 18, 2021	133882	73	4350	13120
Jul 19, 2021	131142	86	4023	13180
Jul 20, 2021	128753	93	3948	10876
Jul 21, 2021	126962	81	5368	16082
Jul 22, 2021	125707	95	4272	17034
Jul 23, 2021	124967	68	4027	15349
Jul 24, 2021	121105	72	4007	13648
Jul 25, 2021	121005	62	3132	14153
Jul 26, 2021	112055	71	3161	11785
Jul 27, 2021	101376	81	3247	9337
Jul 28, 2021	91992	61	3154	13645
Jul 29, 2021	88874	72	3193	14133
Jul 30, 2021	88158	48	3416	12515
Jul 31, 2021	86078	53	2965	11580
Aug 01, 2021	85662	47	2640	13741
Aug 02, 2021	81658	49	2698	11153
Aug 03, 2021	80355	53	2467	9808
Aug 04, 2021	78014	49	2448	14602
Aug 05, 2021	75035	63	1935	14722
Aug 06, 2021	73695	55	2078	12870
Aug 07, 2021	69270	40	2141	11733
Aug 08, 2021	67073	26	1954	11900
Aug 09, 2021	63697	40	2006	9862
Aug 10, 2021	61529	29	1822	8507
Aug 11, 2021	60580	44	1996	13381
Aug 12, 2021	58283	34	1949	12015
Aug 13, 2021	56170	35	1850	11206
Aug 14, 2021	55378	29	2099	10362
Aug 15, 2021	53447	38	1669	11134
Aug 16, 2021	52534	44	1124	8913
Aug 17, 2021	51711	26	1637	7719
Aug 18, 2021	51064	36	1787	10619
Aug 19, 2021	49637	34	1803	10669
Aug 20, 2021	48957	43	1772	8821
Aug 21, 2021	47558	33	1806	9151
Aug 22, 2021	46821	41	1671	8400
Aug 23, 2021	46210	42	1314	5894
Aug 24, 2021	45296	38	1435	4946
Aug 25, 2021	45369	37	1570	5485
Aug 26, 2021	44609	36	1484	8050
Aug 27, 2021	44582	29	1544	7534
Aug 28, 2021	44399	24	1655	7955
Aug 29, 2021	44415	30	1813	6820
Aug 30, 2021	44914	32	1185	5037
Aug 31, 2021	45256	30	1373	3958
Sep 01, 2021	45357	35	1581	6319
Sep 02, 2021	45294	33	1608	6734
Sep 03, 2021	45329	38	1702	4836
Sep 04, 2021	45204	32	1740	5043
Sep 05, 2021	43351	37	1422	4812
Sep 06, 2021	39787	34	1015	3610
Sep 07, 2021	39056	33	1686	2937
Sep 08, 2021	38787	37	1472	149725
Sep 09, 2021	38147	34	1429	4990
Sep 10, 2021	37548	35	1867	4688
Sep 11, 2021	37011	21	1497	3280
Sep 12, 2021	37028	24	1413	3518
Sep 13, 2021	36259	21	1189	2395
Sep 14, 2021	36160	28	1211	2074
Sep 15, 2021	35916	35	1393	4060
Sep 16, 2021	35609	38	1677	3329
Sep 17, 2021	35601	35	1607	2902
Sep 18, 2021	35595	32	1587	2932
Sep 19, 2021	35617	34	1518	2874
Sep 20, 2021	34671	26	1089	1989
Sep 21, 2021	34326	36	1075	1553
Sep 22, 2021	34448	30	1256	2553
Sep 23, 2021	34292	33	1387	2660
Sep 24, 2021	33872	23	1646	1941
Sep 25, 2021	34023	30	1544	1743
Sep 26, 2021	33815	37	1299	2007
Sep 27, 2021	33125	32	1043	1481
Sep 28, 2021	32182	37	952	1190
Sep 29, 2021	31620	39	1224	2050
Sep 30, 2021	31402	32	1498	1629
Oct 01, 2021	31780	45	1772	1714
Oct 02, 2021	31362	38	1660	1506
Oct 03, 2021	31296	39	1369	1757
Oct 04, 2021	30764	30	1536	1155
Oct 05, 2021	30492	40	1428	983
Oct 06, 2021	30560	41	1680	1566
Oct 07, 2021	30695	45	1750	1450
Oct 08, 2021	30459	43	1604	1195
Oct 09, 2021	30458	24	1629	1122
Oct 10, 2021	30657	32	1710	1291
Oct 11, 2021	30102	47	1590	912
Oct 12, 2021	29757	51	1425	739
Oct 13, 2021	29848	50	1697	1120
Oct 14, 2021	29861	41	1908	1155
Oct 15, 2021	29848	39	1975	1027
Oct 16, 2021	29522	45	1999	970
Oct 17, 2021	29402	50	2061	891
Oct 18, 2021	28888	48	1917	782
Oct 19, 2021	28422	54	2199	814
Oct 20, 2021	28393	53	2461	968
Oct 21, 2021	28544	51	2644	1294
Oct 22, 2021	28978	43	2559	1245
Oct 23, 2021	29097	36	2513	1210
Oct 24, 2021	29090	55	2610	1243
Oct 25, 2021	29199	58	2321	1119
Oct 26, 2021	28818	57	2021	762
Oct 27, 2021	29144	42	2257	1286
Oct 28, 2021	29358	48	2121	1310
Oct 29, 2021	29131	47	2157	1334
Oct 30, 2021	29145	41	2590	1311
Oct 31, 2021	29552	53	2649	1289
Nov 01, 2021	29449	55	2194	1038
Nov 02, 2021	28854	40	2478	994
Nov 03, 2021	28712	42	2520	1658
Nov 04, 2021	28736	45	2644	1209
Nov 05, 2021	28808	51	2660	1341
Nov 06, 2021	28807	56	2620	1187
Nov 07, 2021	29119	42	2196	1403
Nov 08, 2021	29073	51	1975	948
Nov 09, 2021	29196	39	2296	854
Nov 10, 2021	29432	50	2173	1443
Nov 11, 2021	30116	54	2262	1149
Nov 12, 2021	30704	59	2299	1179
Nov 13, 2021	31252	29	2609	1317
Nov 14, 2021	31716	47	2077	1300
Nov 15, 2021	31625	52	1698	1055
Nov 16, 2021	30904	54	1704	978
Nov 17, 2021	31176	46	1915	1676
Nov 18, 2021	30558	43	1627	1437
Nov 19, 2021	30426	32	1687	1415
Nov 20, 2021	30930	37	1813	1312
Nov 21, 2021	31690	35	2026	1455
Nov 22, 2021	31127	33	2287	1139
Nov 23, 2021	31125	35	1859	1013
Nov 24, 2021	31086	41	2066	1666
Nov 25, 2021	31621	44	1720	1519
Nov 26, 2021	31612	40	1803	1349
Nov 27, 2021	31552	35	2016	1547
Nov 28, 2021	31505	39	2038	1350
Nov 29, 2021	31391	40	1699	1287
Nov 30, 2021	31544	51	1766	1089
Dec 01, 2021	31638	59	1931	1316
Dec 02, 2021	31515	38	2475	2003
Dec 03, 2021	31380	50	3060	2042
Dec 04, 2021	31635	57	3414	1699
Dec 05, 2021	30973	65	3022	1969
Dec 06, 2021	30508	69	3281	1725
Dec 07, 2021	30148	96	4306	1377
Dec 08, 2021	30348	106	6326	2422
Dec 09, 2021	30154	129	8436	1931
Dec 10, 2021	30155	136	10401	2414
Dec 11, 2021	30148	134	12415	2329
Dec 12, 2021	30602	138	11318	2336
Dec 13, 2021	30782	169	9848	2075
Dec 14, 2021	30184	190	12353	1795
Dec 15, 2021	30178	197	16259	3239
Dec 16, 2021	29780	199	23039	3100
Dec 17, 2021	29960	217	26190	2181
Dec 18, 2021	30366	237	31170	3036
Dec 19, 2021	30966	260	30630	3830
Dec 20, 2021	30731	282	27105	2913
Dec 21, 2021	30504	273	23074	2986
Dec 22, 2021	31120	268	29857	5184
Dec 23, 2021	31912	272	30283	5023
Dec 24, 2021	33029	247	34923	5375
Dec 25, 2021	34605	221	35575	5416
Dec 26, 2021	35801	251	32317	6348
Dec 27, 2021	37074	230	24272	6666
Dec 28, 2021	39374	262	28849	6400
Dec 29, 2021	43520	239	27603	10619
Dec 30, 2021	49265	236	30506	12530
Dec 31, 2021	56785	239	31039	13375
Jan 01, 2022	65657	235	28027	15589
Jan 02, 2022	73262	205	26087	18388
Jan 03, 2022	77907	207	21219	16025
Jan 04, 2022	82308	179	19512	20088
Jan 05, 2022	92109	181	17889	36667
Jan 06, 2022	106373	189	17663	43533
Jan 07, 2022	121852	162	20946	45775
Jan 08, 2022	140692	186	18450	51475
Jan 09, 2022	156914	138	16119	46017
Jan 10, 2022	168049	147	15284	40755
Jan 11, 2022	172555	147	14454	45721
Jan 12, 2022	179018	136	15110	80188
Jan 13, 2022	186631	127	13568	98034
Jan 14, 2022	191721	110	13390	99384
Jan 15, 2022	194625	99	12567	103008
Jan 16, 2022	192257	80	10356	112392
Jan 17, 2022	178734	79	9080	101999
Jan 18, 2022	174715	57	9730	88871
Jan 19, 2022	170633	80	8785	109881
Jan 20, 2022	170123	97	8269	132015
Jan 21, 2022	168839	95	5421	124447
Jan 22, 2022	166522	74	6572	112416
Jan 23, 2022	166918	87	5532	124876
Jan 24, 2022	151698	45	3162	96907
Jan 25, 2022	136292	40	3731	77696
Jan 26, 2022	120625	45	4142	109429
Jan 27, 2022	108680	53	4013	115549
Jan 28, 2022	98904	54	4020	109123
Jan 29, 2022	96918	29	4498	108078
Jan 30, 2022	92756	34	3381	101910
Jan 31, 2022	91798	35	2910	87029
Feb 01, 2022	88915	31	2174	70948
Feb 02, 2022	90027	35	2181	79366
Feb 03, 2022	87079	28	2249	91402
Feb 04, 2022	80796	14	2159	71436
Feb 05, 2022	77402	18	2078	59097
Feb 06, 2022	73361	20	1908	52887
Feb 07, 2022	74251	26	1882	37148
Feb 08, 2022	67883	25	1218	26549
Feb 09, 2022	65838	29	1222	44762
Feb 10, 2022	61630	19	1051	40053
Feb 11, 2022	55909	18	1351	33850
Feb 12, 2022	56507	19	1191	30686
Feb 13, 2022	50169	18	1088	29910
Feb 14, 2022	46121	19	952	18764
Feb 15, 2022	44890	23	760	13256
Feb 16, 2022	45239	13	739	24221
Feb 17, 2022	44476	14	719	25743
Feb 18, 2022	44254	15	782	20873
Feb 19, 2022	44024	12	677	18857
Feb 20, 2022	42930	10	486	12953
Feb 21, 2022	40868	12	469	11011
Feb 22, 2022	39397	14	573	8325
Feb 23, 2022	38600	15	626	12858
Feb 24, 2022	37417	14	744	15984
Feb 25, 2022	36668	10	665	13430
Feb 26, 2022	36130	10	693	12878
Feb 27, 2022	35534	8	542	11244
Feb 28, 2022	35253	9	508	6534
Mar 01, 2022	34417	6	294	5784
Mar 02, 2022	34135	10	293	10670
Mar 03, 2022	33255	10	351	14838
Mar 04, 2022	32858	6	366	9649
Mar 05, 2022	32382	6	348	7541
Mar 06, 2022	32283	4	352	7536
Mar 07, 2022	31805	5	296	4634
Mar 08, 2022	30983	4	301	4074
Mar 09, 2022	30601	3	311	4659
Mar 10, 2022	30095	4	365	4588
Mar 11, 2022	29763	4	354	7256
Mar 12, 2022	29465	2	348	6747
Mar 13, 2022	29129	3	308	6875
Mar 14, 2022	28804	1	307	4214
Mar 15, 2022	28744	4	251	3470
Mar 16, 2022	28601	6	327	6289
Mar 17, 2022	28396	6	312	5657
Mar 18, 2022	28327	7	320	4774
Mar 19, 2022	28159	2	294	4527
Mar 20, 2022	28376	3	297	4780
Mar 21, 2022	27976	2	301	3738
Mar 22, 2022	28232	4	284	2700
Mar 23, 2022	28140	4	293	4090
Mar 24, 2022	27973	4	264	4092
Mar 25, 2022	27436	0	205	3577
Mar 26, 2022	27480	0	159	3191
Mar 27, 2022	27446	0	122	13640
Mar 28, 2022	27327	0	129	2331
Mar 29, 2022	27311	12	207	2072
Mar 30, 2022	27358	0	248	3361
Mar 31, 2022	27386	0	274	3696
Apr 01, 2022	27303	0	283	2643
Apr 02, 2022	27279	0	291	1490
Apr 03, 2022	27194	0	249	2635
Apr 04, 2022	27178	0	208	2116
Apr 05, 2022	27097	12	202	1611
Apr 06, 2022	27199	2	206	3068
Apr 07, 2022	27201	1	208	2801
Apr 08, 2022	27144	1	236	2564
Apr 09, 2022	27124	2	264	2370
Apr 10, 2022	27130	2	0	1927
Apr 11, 2022	27127	2	0	1515
Apr 12, 2022	27140	2	0	1385
Apr 13, 2022	27329	3	0	1407
Apr 14, 2022	27028	3	978	2874
Apr 15, 2022	27001	3	0	1819
Apr 16, 2022	26976	3	0	914
Apr 17, 2022	26846	3	0	790
Apr 18, 2022	26753	3	0	2627
Apr 19, 2022	26801	3	0	3404
Apr 20, 2022	26872	2	0	2937
Apr 21, 2022	26860	2	1671	2756
Apr 22, 2022	26895	2	542	1898
Apr 23, 2022	26890	1	542	773
Apr 24, 2022	26820	2	542	468
Apr 25, 2022	26731	2	542	1958
Apr 26, 2022	26580	1	542	2212
Apr 27, 2022	26540	1	542	2065
Apr 28, 2022	26550	5	543	1825
Apr 29, 2022	26594	5	663	1977
Apr 30, 2022	26394	4	528	827
May 01, 2022	26394	4	675	442
May 02, 2022	26394	4	627	1579
May 03, 2022	26394	5	591	2066
May 04, 2022	26394	4	638	1709
May 05, 2022	26760	4	622	1417
May 06, 2022	26760	3	833	582
May 07, 2022	26760	4	773	541
May 08, 2022	26760	3	738	421
May 09, 2022	26760	3	756	1607
May 10, 2022	26760	3	886	1608
May 11, 2022	26760	8	825	1609
May 12, 2022	26666	8	535	1608
May 13, 2022	26961	8	304	1609
May 14, 2022	27257	7	1457	1610
May 15, 2022	27553	7	1457	1609
May 16, 2022	27848	7	1457	1531
May 17, 2022	28143	7	1457	1593
May 18, 2022	28438	15	1457	3092
May 19, 2022	28733	16	1457	1538
May 20, 2022	28836	14	1973	1326
May 21, 2022	28765	14	1973	1297
May 22, 2022	28834	16	1973	1015
May 23, 2022	28860	14	1973	2512
May 24, 2022	28892	11	1973	2511
May 25, 2022	29021	18	1973	2562
May 26, 2022	29370	18	1972	2462
May 27, 2022	29599	18	2814	2512
May 28, 2022	29701	20	2814	2512
May 29, 2022	29817	18	2814	2508
May 30, 2022	29872	20	2814	4950
May 31, 2022	30090	20	2814	5329
Jun 01, 2022	30635	23	2814	4867
Jun 02, 2022	30891	23	2813	5348
Jun 03, 2022	30790	23	3403	5367
Jun 04, 2022	31329	23	3403	4441
Jun 05, 2022	31868	22	3403	3612
Jun 06, 2022	32408	23	3403	6331
Jun 07, 2022	32948	26	3403	6196
Jun 08, 2022	33488	34	3403	6106
Jun 09, 2022	34028	34	3409	6427
Jun 10, 2022	34813	34	3381	6372
Jun 11, 2022	35598	34	3381	5896
Jun 12, 2022	36384	34	3381	6141
Jun 13, 2022	37169	34	3381	7416
Jun 14, 2022	37955	34	3381	7665
Jun 15, 2022	38741	32	3381	0
Jun 16, 2022	39527	35	3381	7201
Jun 17, 2022	40494	35	3521	8314
Jun 18, 2022	41461	35	3521	8027
Jun 19, 2022	42428	35	3521	13155
Jun 20, 2022	43396	35	3521	-22
Jun 21, 2022	44364	35	3521	6661
Jun 22, 2022	45332	32	3521	6332
Jun 23, 2022	46301	23	3523	7195
Jun 24, 2022	46909	32	3448	6161
Jun 25, 2022	47516	33	3448	6577
Jun 26, 2022	48125	34	3448	6549
Jun 27, 2022	48734	37	3448	6516
Jun 28, 2022	49341	39	3448	5262
Jun 29, 2022	49950	31	3448	5262
Jun 30, 2022	50565	30	3449	5262
Jul 01, 2022	50571	31	2600	5262
Jul 02, 2022	50577	41	2594	5262
Jul 03, 2022	50583	30	2594	10525
Jul 04, 2022	50587	31	2594	-39
Jul 05, 2022	50593	18	2594	4006
Jul 06, 2022	50597	17	2594	4006
Jul 07, 2022	50602	17	2594	4006
Jul 08, 2022	50705	17	1885	4006
Jul 09, 2022	50808	17	1885	4006
Jul 10, 2022	50911	17	1885	4006
Jul 11, 2022	51014	17	1885	3967
Jul 12, 2022	51118	17	1885	3668
Jul 13, 2022	51221	17	1885	3668
Jul 14, 2022	51317	16	1890	3668
Jul 15, 2022	51583	16	1056	3668
Jul 16, 2022	51849	16	1056	3668
Jul 17, 2022	52115	16	1056	3668
Jul 18, 2022	52381	16	1056	3615
Jul 19, 2022	52647	16	1056	3879
Jul 20, 2022	52913	18	1056	3879
Jul 21, 2022	53178	17	1058	3879
Jul 22, 2022	53263	17	968	3879
Jul 23, 2022	51940	19	990	3879
Jul 24, 2022	50617	18	985	3879
Jul 25, 2022	49294	19	979	3804
Jul 26, 2022	47971	19	964	4549
Jul 27, 2022	46648	0	966	4549
Jul 28, 2022	45325	0	886	4549
Jul 29, 2022	44704	0	923	4549
Jul 30, 2022	44092	0	923	4549
Jul 31, 2022	43471	0	923	4549
Aug 01, 2022	42849	0	923	4460
Aug 02, 2022	42226	62	923	5665
Aug 03, 2022	41600	6	923	5665
Aug 04, 2022	40977	6	927	5665
Aug 05, 2022	40231	6	459	5665
Aug 06, 2022	39486	5	459	5665
Aug 07, 2022	38740	5	459	11331
Aug 08, 2022	37984	5	459	-71
Aug 09, 2022	37239	5	459	5962
Aug 10, 2022	36493	0	459	5962
Aug 11, 2022	35756	0	460	5962
Aug 12, 2022	35700	0	0	5962
Aug 13, 2022	35696	0	0	5962
Aug 14, 2022	35682	0	0	5962
Aug 15, 2022	35673	0	0	5837
Aug 16, 2022	35672	23	0	7535
Aug 17, 2022	35578	0	0	7535
Aug 18, 2022	35455	0	1508	7535
Aug 19, 2022	35477	0	177	7535
Aug 20, 2022	35500	0	175	7535
Aug 21, 2022	35523	0	175	7535
Aug 22, 2022	35546	0	189	7455
Aug 23, 2022	35569	25	157	6032
Aug 24, 2022	35592	0	185	6032
Aug 25, 2022	35619	0	187	6032
Aug 26, 2022	35203	0	0	6032
Aug 27, 2022	34788	0	0	6032
Aug 28, 2022	34373	0	0	6032
Aug 29, 2022	33956	0	0	5970
Aug 30, 2022	33540	13	0	4456
Aug 31, 2022	33123	0	0	4456
Sep 01, 2022	32703	0	990	4456
Sep 02, 2022	32703	0	0	4456
Sep 03, 2022	32703	0	0	4456
Sep 04, 2022	32703	0	0	8918
Sep 05, 2022	32703	0	0	-58
Sep 06, 2022	32703	13	0	3522
Sep 07, 2022	32703	0	0	3522
Sep 08, 2022	31361	0	820	3522
Sep 09, 2022	31332	0	0	3522
Sep 10, 2022	31301	0	0	3522
Sep 11, 2022	31270	0	0	3522
Sep 12, 2022	31254	0	0	3466
Sep 13, 2022	31206	7	0	2833
Sep 14, 2022	31186	0	0	2833
Sep 15, 2022	31171	0	715	2833
Sep 16, 2022	31171	0	0	2833
Sep 17, 2022	31171	0	0	2833
Sep 18, 2022	31171	0	0	2833
Sep 19, 2022	31171	0	0	2811
Sep 20, 2022	31171	10	0	1662
Sep 21, 2022	31171	0	0	1662
Sep 22, 2022	30998	0	471	1662
Sep 23, 2022	30998	0	0	1662
Sep 24, 2022	30998	0	0	1662
Sep 25, 2022	30998	0	0	1662
Sep 26, 2022	30998	0	0	1622
Sep 27, 2022	30998	13	0	1128
Sep 28, 2022	30998	0	0	1128
Sep 29, 2022	30888	0	610	1128
Sep 30, 2022	30888	0	0	1128
Oct 01, 2022	30888	0	0	1128
Oct 02, 2022	30888	0	0	1128
Oct 03, 2022	30888	0	0	1094
Oct 04, 2022	30888	12	0	882
Oct 05, 2022	30888	0	0	882
Oct 06, 2022	30465	0	548	882
Oct 07, 2022	30465	0	0	882
Oct 08, 2022	30465	0	0	882
Oct 09, 2022	30465	0	0	882
Oct 10, 2022	30465	0	0	862
Oct 11, 2022	30465	19	0	640
Oct 12, 2022	30465	0	0	640
Oct 13, 2022	30147	0	616	640
Oct 14, 2022	30147	0	0	640
Oct 15, 2022	30147	0	0	640
Oct 16, 2022	30147	0	0	640
Oct 17, 2022	30147	0	0	630
Oct 18, 2022	30147	14	0	419
Oct 19, 2022	30147	0	0	419
Oct 20, 2022	29990	0	1027	419
Oct 21, 2022	29990	0	0	419
Oct 22, 2022	29990	0	0	419
Oct 23, 2022	29990	0	0	840
Oct 24, 2022	29990	0	0	-9
Oct 25, 2022	29990	16	0	319
Oct 26, 2022	29990	0	0	319
Oct 27, 2022	30001	0	1298	319
Oct 28, 2022	30001	0	0	319
Oct 29, 2022	30001	0	0	319
Oct 30, 2022	30001	0	0	319
Oct 31, 2022	30001	0	0	313
Nov 01, 2022	30001	32	0	267
Nov 02, 2022	30001	0	0	267
Nov 03, 2022	30129	0	2112	267
Nov 04, 2022	30129	0	0	267
Nov 05, 2022	30129	0	0	534
Nov 06, 2022	30129	0	0	-12
Nov 07, 2022	30129	0	0	268
Nov 08, 2022	30129	53	0	0
Nov 09, 2022	30129	0	0	0
Nov 10, 2022	30666	0	3252	0
Nov 11, 2022	30666	0	0	0
Nov 12, 2022	30666	0	0	0
Nov 13, 2022	30666	0	0	-8
Nov 14, 2022	30666	0	0	2082
Nov 15, 2022	30666	80	0	0
Nov 16, 2022	30666	0	0	0
Nov 17, 2022	31048	0	5336	0
Nov 18, 2022	31048	0	0	0
Nov 19, 2022	31048	0	0	0
Nov 20, 2022	31048	0	0	-6
Nov 21, 2022	31048	0	0	1329
Nov 22, 2022	31048	103	0	0
Nov 23, 2022	31048	0	0	0
Nov 24, 2022	32040	0	7052	0
Nov 25, 2022	32040	0	0	0
Nov 26, 2022	32040	0	0	0
Nov 27, 2022	32040	0	0	-8
Nov 28, 2022	32040	0	0	1357
Nov 29, 2022	32040	0	0	0
Nov 30, 2022	32040	80	0	0
Dec 01, 2022	33470	0	7930	0
Dec 02, 2022	33470	0	0	0
Dec 03, 2022	33470	0	0	0
Dec 04, 2022	33470	0	0	-9
Dec 05, 2022	33470	0	0	1486
Dec 06, 2022	33470	0	0	0
Dec 07, 2022	33470	0	0	0
Dec 08, 2022	35947	0	6776	0
Dec 09, 2022	35947	0	0	0
Dec 10, 2022	35947	0	0	0
Dec 11, 2022	35947	0	0	-7
Dec 12, 2022	35947	0	0	2206
Dec 13, 2022	35947	0	0	0
Dec 14, 2022	35947	126	0	0
Dec 15, 2022	37842	0	0	0
Dec 16, 2022	37842	0	4856	0
Dec 17, 2022	37842	0	0	0
Dec 18, 2022	37842	0	0	3323
Dec 19, 2022	37842	101	0	-39
Dec 20, 2022	37842	0	0	0
Dec 21, 2022	37842	0	0	0
Dec 22, 2022	39316	0	0	0
Dec 23, 2022	39316	0	0	0
Dec 24, 2022	39316	0	0	0
Dec 25, 2022	39316	0	0	12609
Dec 26, 2022	39316	58	0	-44
Dec 27, 2022	39316	0	0	0
Dec 28, 2022	39316	0	0	0
Dec 29, 2022	38643	0	0	0
Dec 30, 2022	38643	0	4820	0
Dec 31, 2022	38643	0	0	0
Jan 01, 2023	38643	0	0	27119
Jan 02, 2023	38643	32	0	-47
Jan 03, 2023	38643	0	0	0
Jan 04, 2023	38643	0	1518	0
Jan 05, 2023	38643	0	0	0
Jan 06, 2023	37352	0	0	0
Jan 07, 2023	37352	0	0	0
Jan 08, 2023	37352	0	0	62261
Jan 09, 2023	37352	20	0	-78
Jan 10, 2023	37352	0	0	8843
Jan 11, 2023	37352	0	891	8844
Jan 12, 2023	37352	0	0	8843
Jan 13, 2023	37352	0	0	8843
Jan 14, 2023	37352	0	0	8843
Jan 15, 2023	37352	0	0	17687
Jan 16, 2023	37352	19	0	-89
Jan 17, 2023	37352	0	0	10365
Jan 18, 2023	37352	0	868	10366
Jan 19, 2023	37352	0	0	10365
Jan 20, 2023	37163	0	0	10366
Jan 21, 2023	37163	0	0	10365
Jan 22, 2023	37163	0	0	20731
Jan 23, 2023	37163	14	0	-56
Jan 24, 2023	37163	0	0	5855
Jan 25, 2023	34322	0	707	5854
Jan 26, 2023	34322	0	0	5855
Jan 27, 2023	34322	0	0	5854
Jan 28, 2023	34322	0	0	5855
Jan 29, 2023	34322	0	0	11709
Jan 30, 2023	34322	10	0	-27
Jan 31, 2023	34322	0	0	2774
Feb 01, 2023	33225	0	689	2773
Feb 02, 2023	33225	0	0	2774
Feb 03, 2023	33225	0	0	2774
Feb 04, 2023	33225	0	0	2774
Feb 05, 2023	33225	0	0	5547
Feb 06, 2023	33225	0	0	-16
Feb 07, 2023	33225	13	0	1231
Feb 08, 2023	33578	0	625	1230
Feb 09, 2023	33578	0	0	1231
Feb 10, 2023	33578	0	0	1230
Feb 11, 2023	33578	0	0	1231
Feb 12, 2023	33578	0	0	2461
Feb 13, 2023	33578	13	0	-11
Feb 14, 2023	33578	0	0	632
Feb 15, 2023	33875	0	691	633
Feb 16, 2023	33875	0	0	632
Feb 17, 2023	33875	0	0	632
Feb 18, 2023	33875	0	0	632
Feb 19, 2023	33875	0	0	1265
Feb 20, 2023	33875	13	0	-10
Feb 21, 2023	33875	0	0	456
Feb 22, 2023	34545	0	0	457
Feb 23, 2023	34545	0	513	456
Feb 24, 2023	34545	0	0	456
Feb 25, 2023	34545	0	0	456
Feb 26, 2023	34545	0	0	913
Feb 27, 2023	34545	12	0	-5
Feb 28, 2023	34545	0	0	0
Mar 01, 2023	33802	0	517	0
Mar 02, 2023	33802	0	0	0
Mar 03, 2023	33802	0	0	0
Mar 04, 2023	33802	0	0	0
Mar 05, 2023	33802	0	0	0
Mar 06, 2023	33802	8	0	1807
Mar 07, 2023	33802	0	0	0
Mar 08, 2023	33795	0	502	-9
Mar 09, 2023	33795	0	0	0
Mar 10, 2023	33795	0	0	0
Mar 11, 2023	33795	0	0	0
Mar 12, 2023	33795	0	0	0
Mar 13, 2023	33795	0	0	1172
Mar 14, 2023	33795	8	0	0
Mar 15, 2023	33795	0	746	0
Mar 16, 2023	33786	0	0	0
Mar 17, 2023	33786	0	0	0
Mar 18, 2023	33786	0	0	0
Mar 19, 2023	33786	0	0	0
Mar 20, 2023	33786	0	0	817
Mar 21, 2023	33786	7	0	0
Mar 22, 2023	33818	0	486	0
Mar 23, 2023	33818	0	0	0
Mar 24, 2023	33818	0	0	0
Mar 25, 2023	33818	0	0	0
Mar 26, 2023	33818	0	0	0
Mar 27, 2023	33818	9	0	0
Mar 28, 2023	33818	0	0	0
Mar 29, 2023	33965	0	0	0
Mar 30, 2023	33965	0	470	832
Mar 31, 2023	33965	0	0	0
Apr 01, 2023	33965	0	0	0
Apr 02, 2023	33965	0	0	0
Apr 03, 2023	33965	5	0	0
Apr 04, 2023	33965	0	0	0
Apr 05, 2023	34362	0	0	0
Apr 06, 2023	34362	0	622	0
Apr 07, 2023	34362	0	0	0
Apr 08, 2023	34362	0	0	0
Apr 09, 2023	34362	0	0	0
Apr 10, 2023	34362	14	0	0
Apr 11, 2023	34362	0	0	0
Apr 12, 2023	34345	0	626	0
Apr 13, 2023	34345	0	0	0
Apr 14, 2023	34345	0	0	0
Apr 15, 2023	34345	0	0	0
Apr 16, 2023	34345	0	0	0
Apr 17, 2023	34345	7	0	0
Apr 18, 2023	34345	0	0	0
Apr 19, 2023	34345	0	732	0
Apr 20, 2023	34525	0	0	0
Apr 21, 2023	34525	0	0	0
Apr 22, 2023	34525	0	0	0
Apr 23, 2023	34525	0	0	0
Apr 24, 2023	34525	0	0	0
Apr 25, 2023	34525	17	0	0
Apr 26, 2023	34525	0	783	0
Apr 27, 2023	34876	0	0	0
Apr 28, 2023	34876	0	0	0
Apr 29, 2023	34876	0	0	0
Apr 30, 2023	34876	0	0	0
May 01, 2023	34876	15	0	0
May 02, 2023	34876	0	0	0
May 03, 2023	35046	0	823	0
May 04, 2023	35046	0	0	0
May 05, 2023	35046	0	0	0
May 06, 2023	35046	0	0	0
May 07, 2023	35046	0	0	0
May 08, 2023	35046	14	0	0
May 09, 2023	35046	0	0	0
May 10, 2023	35303	0	0	0
May 11, 2023	35303	0	1334	0
May 12, 2023	35303	0	0	0
May 13, 2023	35303	0	0	0
May 14, 2023	35303	0	0	0
May 15, 2023	35303	13	0	0
May 16, 2023	35303	0	0	0
May 17, 2023	35577	0	982	0
May 18, 2023	35577	0	0	0
May 19, 2023	35577	0	0	0
May 20, 2023	35577	0	0	0
May 21, 2023	35577	0	0	0
May 22, 2023	35577	29	0	0
May 23, 2023	35577	0	0	7816
May 24, 2023	35885	0	1174	0
May 25, 2023	35885	0	0	0
May 26, 2023	35885	0	0	0
May 27, 2023	35885	0	0	0
May 28, 2023	35885	0	0	796
May 29, 2023	35885	25	0	0
May 30, 2023	35885	0	0	0
May 31, 2023	35885	0	1302	0
Jun 01, 2023	36451	0	0	0
Jun 02, 2023	36451	0	0	0
Jun 03, 2023	36451	0	0	0
Jun 04, 2023	36451	0	0	645
Jun 05, 2023	36451	31	0	0
Jun 06, 2023	36451	0	0	0
Jun 07, 2023	36453	0	1207	0
Jun 08, 2023	36453	0	0	0
Jun 09, 2023	36453	0	0	0
Jun 10, 2023	36453	0	0	0
Jun 11, 2023	36453	0	0	0
Jun 12, 2023	36453	30	0	0
Jun 13, 2023	36453	0	0	0
Jun 14, 2023	37613	0	922	0
Jun 15, 2023	37613	0	0	0
Jun 16, 2023	37613	0	0	0
Jun 17, 2023	37613	0	0	0
Jun 18, 2023	37613	0	0	0
Jun 19, 2023	37613	20	0	-5
Jun 20, 2023	37613	0	0	995
Jun 21, 2023	38902	0	886	0
Jun 22, 2023	38902	0	0	0
Jun 23, 2023	38902	0	0	0
Jun 24, 2023	38902	0	0	0
Jun 25, 2023	38902	0	0	548
Jun 26, 2023	38902	19	0	0
Jun 27, 2023	38902	0	0	0
Jun 28, 2023	40080	0	832	0
Jun 29, 2023	40080	0	0	0
Jun 30, 2023	40080	0	0	0
Jul 01, 2023	40080	0	0	0
Jul 02, 2023	40080	0	0	506
Jul 03, 2023	40080	20	0	0
Jul 04, 2023	40080	0	0	0
Jul 05, 2023	40977	0	903	0
Jul 06, 2023	40977	0	0	0
Jul 07, 2023	40977	0	0	0
Jul 08, 2023	40977	0	0	0
Jul 09, 2023	40977	0	0	0
Jul 10, 2023	40977	14	0	0
Jul 11, 2023	40977	0	0	469
Jul 12, 2023	41832	0	858	0
Jul 13, 2023	41832	0	0	0
Jul 14, 2023	41832	0	0	0
Jul 15, 2023	41832	0	0	0
Jul 16, 2023	41832	0	0	422
Jul 17, 2023	41832	14	0	0
Jul 18, 2023	41832	0	0	0
Jul 19, 2023	42634	0	653	0
Jul 20, 2023	42634	0	0	0
Jul 21, 2023	42634	0	0	0
Jul 22, 2023	42634	0	0	0
Jul 23, 2023	42634	0	0	741
Jul 24, 2023	42634	10	0	0
Jul 25, 2023	42634	0	0	0
Jul 26, 2023	43517	0	754	0
Jul 27, 2023	43517	0	0	0
Jul 28, 2023	43517	0	0	0
Jul 29, 2023	43517	0	0	0
Jul 30, 2023	43517	0	0	0
Jul 31, 2023	43517	8	0	0
Aug 01, 2023	43517	0	0	0
Aug 02, 2023	44356	0	556	0
Aug 03, 2023	44356	0	0	0
Aug 04, 2023	44356	0	0	0
Aug 05, 2023	44356	0	0	0
Aug 06, 2023	44356	0	0	0
Aug 07, 2023	44356	5	0	0
Aug 08, 2023	44356	0	0	0
Aug 09, 2023	44989	0	722	0
Aug 10, 2023	44989	0	0	0
Aug 11, 2023	44989	0	0	0
Aug 12, 2023	44989	0	0	0
Aug 13, 2023	44989	0	0	-39
Aug 14, 2023	44989	7	0	1159
Aug 15, 2023	44989	0	0	0
Aug 16, 2023	45729	0	562	0
Aug 17, 2023	45729	0	0	0
Aug 18, 2023	45729	0	0	0
Aug 19, 2023	45729	0	0	0
Aug 20, 2023	45729	0	0	757
Aug 21, 2023	45729	3	0	0
Aug 22, 2023	45729	0	0	0
Aug 23, 2023	46271	0	528	-2
Aug 24, 2023	46271	0	0	0
Aug 25, 2023	35657	0	0	0
Aug 26, 2023	35657	0	0	0
Aug 27, 2023	35657	0	0	930
Aug 28, 2023	35657	0	0	0
Aug 29, 2023	35657	0	0	0
Aug 30, 2023	36369	0	441	0
Aug 31, 2023	36369	0	0	0
Sep 01, 2023	36008	0	0	0
Sep 02, 2023	36008	0	0	948
Sep 03, 2023	36008	0	0	-8
Sep 04, 2023	36008	0	0	0
Sep 05, 2023	36008	0	0	0
Sep 06, 2023	36562	0	412	0
Sep 07, 2023	36562	0	0	0
Sep 08, 2023	36293	0	0	0
Sep 09, 2023	36293	0	0	0
Sep 10, 2023	36293	0	0	1480
Sep 11, 2023	36293	23	0	0
Sep 12, 2023	36293	0	0	0
Sep 13, 2023	36816	0	340	0
Sep 14, 2023	36816	0	0	0
Sep 15, 2023	36605	0	0	0
Sep 16, 2023	36605	0	0	1729
Sep 17, 2023	36605	0	0	-32
Sep 18, 2023	36605	2	0	0
Sep 19, 2023	36605	0	0	0
Sep 20, 2023	37039	0	0	0
Sep 21, 2023	37039	0	0	0
Sep 22, 2023	37039	0	0	0
Sep 23, 2023	37039	0	0	0
Sep 24, 2023	37039	0	0	2060
Sep 25, 2023	37039	0	0	0
Sep 26, 2023	37039	0	0	0
Sep 27, 2023	37448	11	620	0
Sep 28, 2023	37448	0	0	0
Sep 29, 2023	37448	0	0	0
Sep 30, 2023	37448	0	0	0
Oct 01, 2023	37448	0	0	3239
Oct 02, 2023	37448	0	0	0
Oct 03, 2023	37448	0	0	0
Oct 04, 2023	37680	1	421	0
Oct 05, 2023	37680	0	0	0
Oct 06, 2023	37680	0	0	0
Oct 07, 2023	37680	0	0	-36
Oct 08, 2023	37680	0	0	3187
Oct 09, 2023	37680	0	0	0
Oct 10, 2023	37680	0	0	0
Oct 11, 2023	37680	0	0	0
Oct 12, 2023	37680	0	0	0
Oct 13, 2023	37680	0	615	0
Oct 14, 2023	37680	21	0	0
Oct 15, 2023	37680	1	0	1984
Oct 16, 2023	37680	1	0	0
Oct 17, 2023	37680	0	0	0
Oct 18, 2023	38277	1	0	0
Oct 19, 2023	38277	1	0	0
Oct 20, 2023	38277	2	187	0
Oct 21, 2023	38277	2	0	0
Oct 22, 2023	38277	0	0	0
Oct 23, 2023	38277	1	0	0
Oct 24, 2023	38277	0	0	0
Oct 25, 2023	37501	0	0	0
Oct 26, 2023	37501	0	0	0
Oct 27, 2023	37501	0	80	0
Oct 28, 2023	37501	0	0	0
Oct 29, 2023	37501	2	0	0
Oct 30, 2023	37501	0	0	2775
Oct 31, 2023	37501	0	0	0
Nov 01, 2023	37501	0	0	0
Nov 02, 2023	37501	0	0	0
Nov 03, 2023	38105	0	0	0
Nov 04, 2023	38105	0	0	0
Nov 05, 2023	38105	0	0	919
Nov 06, 2023	38105	0	0	0
Nov 07, 2023	38105	0	0	0
Nov 08, 2023	38105	0	0	0
Nov 09, 2023	38105	3	0	0
Nov 10, 2023	38291	0	0	0
Nov 11, 2023	38291	1	0	0
Nov 12, 2023	38291	0	0	893
Nov 13, 2023	38291	0	0	0
Nov 14, 2023	38291	1	1266	0
Nov 15, 2023	38291	0	277	0
Nov 16, 2023	38291	0	54	0
Nov 17, 2023	38371	1	81	0
Nov 18, 2023	38371	0	62	0
Nov 19, 2023	38371	0	70	0
Nov 20, 2023	38350	0	76	0
Nov 21, 2023	38349	0	73	0
Nov 22, 2023	38348	0	75	0
Nov 23, 2023	38348	7	68	0
Nov 24, 2023	38347	0	79	0
Nov 25, 2023	38346	0	78	0
Nov 26, 2023	38344	10	54	0
Nov 27, 2023	38342	8	89	0
Nov 28, 2023	38342	1	103	0
Nov 29, 2023	38341	3	92	0
Nov 30, 2023	38341	1	80	0
Dec 01, 2023	38341	5	83	0
Dec 02, 2023	38341	4	70	0
Dec 03, 2023	38341	4	95	0
Dec 04, 2023	38341	4	81	0
Dec 05, 2023	39605	3	110	0
Dec 06, 2023	39882	4	95	0
Dec 07, 2023	39936	0	75	0
Dec 08, 2023	40017	0	66	0
Dec 09, 2023	37324	1	472	0
Dec 10, 2023	37394	8	149	0
Dec 11, 2023	37470	2	759	0
Dec 12, 2023	37543	0	291	0
Dec 13, 2023	37618	0	307	0
Dec 14, 2023	37686	0	275	0
Dec 15, 2023	37765	2	311	0
Dec 16, 2023	37840	0	327	0
Dec 17, 2023	37894	0	374	0
Dec 18, 2023	37982	0	418	0
Dec 19, 2023	38085	1	403	0
Dec 20, 2023	38177	1	420	0
Dec 21, 2023	38256	4	388	0
Dec 22, 2023	38339	1	400	0
Dec 23, 2023	38409	0	377	0
Dec 24, 2023	38503	0	400	0
Dec 25, 2023	38584	3	378	0
Dec 26, 2023	38694	0	297	0
Dec 27, 2023	38789	0	241	0
Dec 28, 2023	37241	1	234	0
Dec 29, 2023	37300	0	239	0
Dec 30, 2023	37364	0	330	0
Dec 31, 2023	37439	0	236	0
Jan 01, 2024	38148	0	271	0
Jan 02, 2024	37846	1	222	0
Jan 03, 2024	37397	2	202	0
Jan 04, 2024	37514	0	225	0
Jan 05, 2024	37651	0	216	0
Jan 06, 2024	37795	0	186	0
Jan 07, 2024	37948	1	178	0
Jan 08, 2024	38145	0	176	0
Jan 09, 2024	38351	0	181	0
Jan 10, 2024	38587	1	167	0
Jan 11, 2024	38586	0	168	0
Jan 12, 2024	38972	0	141	0
Jan 13, 2024	39154	0	128	0
Jan 14, 2024	39364	0	160	0
Jan 15, 2024	39595	0	162	0
Jan 16, 2024	39779	0	158	0
Jan 17, 2024	39962	0	152	0
Jan 18, 2024	40161	0	95	0
Jan 19, 2024	40379	0	115	0
Jan 20, 2024	40699	0	98	0
Jan 21, 2024	40933	0	117	0
Jan 22, 2024	41204	0	106	0
Jan 23, 2024	41426	0	92	0
Jan 24, 2024	41628	0	72	0
Jan 25, 2024	41852	0	54	0
Jan 26, 2024	42067	0	32	0
Jan 27, 2024	42249	0	30	0
Jan 28, 2024	42426	0	0	-14
Jan 29, 2024	42602	0	0	0
Jan 30, 2024	42783	0	0	0
Jan 31, 2024	42947	0	0	0
Feb 01, 2024	43115	0	0	0
Feb 02, 2024	43256	0	0	0
Feb 03, 2024	43383	0	0	0
Feb 04, 2024	43543	0	0	-17
Feb 05, 2024	43705	0	0	0
Feb 06, 2024	43863	0	0	0
Feb 07, 2024	44015	0	0	0
Feb 08, 2024	44109	0	0	0
Feb 09, 2024	44222	0	0	0
Feb 10, 2024	44320	0	0	0
Feb 11, 2024	44437	0	0	6657
Feb 12, 2024	44543	0	0	1796
Feb 13, 2024	44634	0	0	0
Feb 14, 2024	44706	0	0	0
Feb 15, 2024	44760	0	0	0
Feb 16, 2024	44791	0	0	0
Feb 17, 2024	44821	NA	0	0
Feb 18, 2024	44821	NA	0	0
Feb 19, 2024	44821	NA	0	6127
Feb 20, 2024	44821	NA	0	0
Feb 21, 2024	44821	NA	0	0
Feb 22, 2024	44821	NA	0	0
Feb 23, 2024	44821	NA	0	0
Feb 24, 2024	44821	NA	0	0
Feb 25, 2024	44821	NA	0	0
Feb 26, 2024	44821	NA	0	0
Feb 27, 2024	44821	NA	0	0
Feb 28, 2024	44821	NA	0	0
Feb 29, 2024	44821	NA	0	0
Mar 01, 2024	44821	NA	0	0
Mar 02, 2024	44821	NA	0	0
Mar 03, 2024	44821	NA	0	0
Mar 04, 2024	44821	NA	NA	0
Mar 05, 2024	44821	NA	NA	0
Mar 06, 2024	44821	NA	NA	0
Mar 07, 2024	44821	NA	NA	0
Mar 08, 2024	44821	NA	NA	0
Mar 09, 2024	44821	NA	NA	0
Mar 10, 2024	44821	NA	NA	0
Mar 11, 2024	44821	NA	NA	0
Mar 12, 2024	44821	NA	NA	0
Mar 13, 2024	44821	NA	NA	0
Mar 14, 2024	44821	NA	NA	0
Mar 15, 2024	44821	NA	NA	0
Mar 16, 2024	44821	NA	NA	0
Mar 17, 2024	44821	NA	NA	0
Mar 18, 2024	44821	NA	NA	0
Mar 19, 2024	44821	NA	NA	0
Mar 20, 2024	44821	NA	NA	0
Mar 21, 2024	44821	NA	NA	0
Mar 22, 2024	44821	NA	NA	0
Mar 23, 2024	44821	NA	NA	0
Mar 24, 2024	44821	NA	NA	NA
