Dates	Active	Deaths	Newcases	recover
Feb 15, 2020	0	0	0	0
Feb 16, 2020	0	0	0	0
Feb 17, 2020	0	0	2	0
Feb 18, 2020	0	3	0	0
Feb 19, 2020	0	0	4	1
Feb 20, 2020	0	3	2	0
Feb 21, 2020	0	7	4	0
Feb 22, 2020	0	2	0	0
Feb 23, 2020	0	6	1	0
Feb 24, 2020	0	3	0	4
Feb 25, 2020	0	8	0	0
Feb 26, 2020	0	16	0	0
Feb 27, 2020	0	8	1	0
Feb 28, 2020	0	5	0	0
Feb 29, 2020	0	10	2	0
Mar 01, 2020	0	11	0	0
Mar 02, 2020	0	10	-1	6
Mar 03, 2020	0	8	1	0
Mar 04, 2020	0	13	0	1
Mar 05, 2020	0	5	0	0
Mar 06, 2020	0	10	0	0
Mar 07, 2020	0	13	0	0
Mar 08, 2020	0	8	0	0
Mar 09, 2020	0	7	0	0
Mar 10, 2020	0	8	0	2
Mar 11, 2020	0	12	0	2
Mar 12, 2020	0	8	0	0
Mar 13, 2020	0	6	0	1
Mar 14, 2020	0	5	0	0
Mar 15, 2020	0	4	0	0
Mar 16, 2020	0	1	0	0
Mar 17, 2020	0	8	0	16
Mar 18, 2020	0	16	0	3
Mar 19, 2020	0	1	0	0
Mar 20, 2020	1	5	0	0
Mar 21, 2020	1	5	0	41
Mar 22, 2020	1	5	0	30
Mar 23, 2020	1	1	0	0
Mar 24, 2020	1	1	0	0
Mar 25, 2020	1	2	0	50
Mar 26, 2020	1	2	0	0
Mar 27, 2020	1	5	0	0
Mar 28, 2020	1	0	0	72
Mar 29, 2020	1	5	0	0
Mar 30, 2020	1	4	0	99
Mar 31, 2020	1	0	0	0
Apr 01, 2020	1	2	0	234
Apr 02, 2020	1	1	0	0
Apr 03, 2020	1	0	0	0
Apr 04, 2020	1	0	0	483
Apr 05, 2020	1	1	0	1319
Apr 06, 2020	2	1	0	112
Apr 07, 2020	2	1	0	285
Apr 08, 2020	2	0	0	192
Apr 09, 2020	2	0	0	126
Apr 10, 2020	2	0	0	101
Apr 11, 2020	2	0	0	58
Apr 12, 2020	2	1	0	161
Apr 13, 2020	2	1	0	95
Apr 14, 2020	2	2	0	99
Apr 15, 2020	2	0	0	49
Apr 16, 2020	7	1	0	85
Apr 17, 2020	7	0	0	347
Apr 18, 2020	7	0	0	45
Apr 19, 2020	7	0	0	45
Apr 20, 2020	7	0	0	411
Apr 21, 2020	7	1	0	230
Apr 22, 2020	8	0	0	119
Apr 23, 2020	8	0	0	79
Apr 24, 2020	8	0	0	236
Apr 25, 2020	8	2	1	165
Apr 26, 2020	8	1	0	41
Apr 27, 2020	8	0	0	48
Apr 28, 2020	8	0	0	33
Apr 29, 2020	8	0	1	45
Apr 30, 2020	8	0	0	31
May 01, 2020	8	0	0	45
May 02, 2020	8	0	0	23
May 03, 2020	8	0	0	45
May 04, 2020	2	0	0	28
May 05, 2020	0	0	0	93
May 06, 2020	0	0	0	50
May 07, 2020	0	0	1	42
May 08, 2020	0	2	0	55
May 09, 2020	0	0	0	29
May 10, 2020	0	1	0	16
May 11, 2020	0	0	0	44
May 12, 2020	0	0	0	45
May 13, 2020	0	1	0	20
May 14, 2020	0	0	0	37
May 15, 2020	0	0	0	29
May 16, 2020	0	0	0	4
May 17, 2020	0	0	0	32
May 18, 2020	0	0	0	19
May 19, 2020	0	0	0	34
May 20, 2020	0	0	0	25
May 21, 2020	0	0	0	9
May 22, 2020	0	0	0	19
May 23, 2020	0	0	0	10
May 24, 2020	0	0	0	23
May 25, 2020	0	0	0	21
May 26, 2020	0	0	0	15
May 27, 2020	0	0	0	8
May 28, 2020	0	0	0	9
May 29, 2020	0	0	0	26
May 30, 2020	0	0	0	5
May 31, 2020	0	0	0	5
Jun 01, 2020	0	0	0	5
Jun 02, 2020	0	1	0	16
Jun 03, 2020	0	0	0	27
Jun 04, 2020	0	0	0	16
Jun 05, 2020	0	0	0	10
Jun 06, 2020	0	0	0	12
Jun 07, 2020	0	0	0	2
Jun 08, 2020	0	0	0	13
Jun 09, 2020	0	0	0	24
Jun 10, 2020	0	0	0	116
Jun 11, 2020	0	0	0	168
Jun 12, 2020	0	0	1	19
Jun 13, 2020	0	0	0	27
Jun 14, 2020	0	0	0	12
Jun 15, 2020	0	0	0	7
Jun 16, 2020	0	0	0	5
Jun 17, 2020	0	0	0	7
Jun 18, 2020	0	0	0	5
Jun 19, 2020	0	0	0	8
Jun 20, 2020	0	0	0	9
Jun 21, 2020	0	0	0	7
Jun 22, 2020	1	1	0	14
Jun 23, 2020	1	0	0	8
Jun 24, 2020	2	0	0	105
Jun 25, 2020	2	0	0	16
Jun 26, 2020	3	0	0	24
Jun 27, 2020	3	0	0	17
Jun 28, 2020	3	0	0	22
Jun 29, 2020	3	0	0	36
Jun 30, 2020	3	1	0	35
Jul 01, 2020	3	0	0	36
Jul 02, 2020	3	0	0	222
Jul 03, 2020	3	0	0	41
Jul 04, 2020	3	0	0	45
Jul 05, 2020	3	0	0	30
Jul 06, 2020	3	0	1	41
Jul 07, 2020	3	1	0	39
Jul 08, 2020	3	0	0	97
Jul 09, 2020	3	0	0	52
Jul 10, 2020	3	0	0	110
Jul 11, 2020	3	0	0	4
Jul 12, 2020	3	0	0	46
Jul 13, 2020	3	0	0	65
Jul 14, 2020	3	0	0	86
Jul 15, 2020	3	0	0	118
Jul 16, 2020	3	0	0	82
Jul 17, 2020	8	0	0	48
Jul 18, 2020	8	0	0	115
Jul 19, 2020	8	0	0	176
Jul 20, 2020	11	0	0	113
Jul 21, 2020	19	0	0	185
Jul 22, 2020	22	3	0	168
Jul 23, 2020	20	0	0	168
Jul 24, 2020	21	0	0	84
Jul 25, 2020	28	0	0	189
Jul 26, 2020	51	0	0	206
Jul 27, 2020	51	0	0	113
Jul 28, 2020	52	0	0	180
Jul 29, 2020	50	12	0	138
Jul 30, 2020	50	0	0	216
Jul 31, 2020	59	0	0	178
Aug 01, 2020	55	0	3	213
Aug 02, 2020	74	0	0	201
Aug 03, 2020	75	0	0	173
Aug 04, 2020	78	1	0	169
Aug 05, 2020	107	1	0	175
Aug 06, 2020	107	0	0	202
Aug 07, 2020	132	1	0	241
Aug 08, 2020	132	0	0	315
Aug 09, 2020	158	0	0	271
Aug 10, 2020	158	0	0	269
Aug 11, 2020	140	2	0	383
Aug 12, 2020	188	0	0	233
Aug 13, 2020	190	0	0	352
Aug 14, 2020	190	1	0	286
Aug 15, 2020	190	0	0	437
Aug 16, 2020	210	0	0	439
Aug 17, 2020	220	0	0	400
Aug 18, 2020	234	0	0	322
Aug 19, 2020	234	0	0	2472
Aug 20, 2020	159	1	0	600
Aug 21, 2020	159	0	0	297
Aug 22, 2020	159	0	0	474
Aug 23, 2020	165	0	0	371
Aug 24, 2020	165	1	1	218
Aug 25, 2020	183	0	0	295
Aug 26, 2020	183	0	0	279
Aug 27, 2020	188	3	0	278
Aug 28, 2020	216	0	0	221
Aug 29, 2020	216	0	0	258
Aug 30, 2020	222	0	0	247
Aug 31, 2020	222	1	0	163
Sep 01, 2020	223	0	0	201
Sep 02, 2020	234	0	0	229
Sep 03, 2020	234	0	0	266
Sep 04, 2020	242	0	0	161
Sep 05, 2020	251	0	0	149
Sep 06, 2020	251	0	0	136
Sep 07, 2020	260	0	0	132
Sep 08, 2020	266	1	0	145
Sep 09, 2020	266	0	0	174
Sep 10, 2020	270	0	0	184
Sep 11, 2020	271	0	0	116
Sep 12, 2020	271	0	0	125
Sep 13, 2020	272	0	0	114
Sep 14, 2020	273	0	0	81
Sep 15, 2020	273	0	0	80
Sep 16, 2020	278	0	0	69
Sep 17, 2020	278	0	0	74
Sep 18, 2020	278	0	0	110
Sep 19, 2020	278	0	0	102
Sep 20, 2020	278	0	0	100
Sep 21, 2020	278	0	0	70
Sep 22, 2020	288	0	0	111
Sep 23, 2020	288	0	0	35
Sep 24, 2020	8	0	0	66
Sep 25, 2020	8	0	0	55
Sep 26, 2020	9	0	0	68
Sep 27, 2020	9	0	1	49
Sep 28, 2020	9	0	0	156
Sep 29, 2020	11	0	0	9
Sep 30, 2020	11	0	0	12
Oct 01, 2020	13	0	0	28
Oct 02, 2020	13	0	0	29
Oct 03, 2020	6	0	1	8
Oct 04, 2020	6	0	0	17
Oct 05, 2020	6	0	0	15
Oct 06, 2020	7	0	0	22
Oct 07, 2020	7	0	0	4
Oct 08, 2020	10	0	0	19
Oct 09, 2020	10	0	0	15
Oct 10, 2020	10	0	1	17
Oct 11, 2020	15	0	0	17
Oct 12, 2020	21	0	0	7
Oct 13, 2020	21	0	0	10
Oct 14, 2020	34	0	0	13
Oct 15, 2020	34	0	0	25
Oct 16, 2020	34	0	0	8
Oct 17, 2020	34	0	0	24
Oct 18, 2020	34	0	0	22
Oct 19, 2020	33	0	2	15
Oct 20, 2020	33	0	0	21
Oct 21, 2020	33	0	0	21
Oct 22, 2020	31	0	0	31
Oct 23, 2020	31	0	0	24
Oct 24, 2020	31	0	0	21
Oct 25, 2020	31	0	0	9
Oct 26, 2020	35	0	0	12
Oct 27, 2020	35	1	0	6
Oct 28, 2020	35	0	1	8
Oct 29, 2020	7	0	0	30
Oct 30, 2020	7	0	0	15
Oct 31, 2020	7	0	1	22
Nov 01, 2020	7	0	1	18
Nov 02, 2020	8	0	0	15
Nov 03, 2020	8	0	0	21
Nov 04, 2020	10	0	0	7
Nov 05, 2020	10	0	1	14
Nov 06, 2020	10	0	0	13
Nov 07, 2020	10	0	0	15
Nov 08, 2020	7	0	0	13
Nov 09, 2020	7	0	0	8
Nov 10, 2020	6	0	0	5
Nov 11, 2020	6	0	0	7
Nov 12, 2020	6	0	0	8
Nov 13, 2020	7	0	1	12
Nov 14, 2020	7	0	0	12
Nov 15, 2020	9	0	0	11
Nov 16, 2020	9	0	0	7
Nov 17, 2020	9	0	0	6
Nov 18, 2020	11	0	0	10
Nov 19, 2020	11	0	1	10
Nov 20, 2020	11	0	0	8
Nov 21, 2020	11	0	0	13
Nov 22, 2020	11	0	0	4
Nov 23, 2020	17	0	0	8
Nov 24, 2020	35	0	0	17
Nov 25, 2020	50	0	0	22
Nov 26, 2020	50	0	0	10
Nov 27, 2020	50	0	0	17
Nov 28, 2020	50	0	0	7
Nov 29, 2020	60	0	0	7
Nov 30, 2020	51	0	0	14
Dec 01, 2020	52	0	2	15
Dec 02, 2020	65	0	0	14
Dec 03, 2020	65	0	0	14
Dec 04, 2020	67	0	0	7
Dec 05, 2020	67	0	0	11
Dec 06, 2020	67	0	0	7
Dec 07, 2020	67	0	0	11
Dec 08, 2020	76	0	0	8
Dec 09, 2020	76	0	0	11
Dec 10, 2020	76	0	0	8
Dec 11, 2020	111	0	0	11
Dec 12, 2020	111	0	0	16
Dec 13, 2020	112	0	1	10
Dec 14, 2020	116	0	3	7
Dec 15, 2020	120	1	0	9
Dec 16, 2020	120	0	0	7
Dec 17, 2020	151	0	0	15
Dec 18, 2020	151	0	0	6
Dec 19, 2020	151	0	0	7
Dec 20, 2020	151	0	0	12
Dec 21, 2020	151	0	0	13
Dec 22, 2020	151	0	0	6
Dec 23, 2020	151	0	0	8
Dec 24, 2020	110	0	0	9
Dec 25, 2020	110	0	0	11
Dec 26, 2020	110	0	0	12
Dec 27, 2020	110	0	3	22
Dec 28, 2020	110	0	0	34
Dec 29, 2020	110	0	0	43
Dec 30, 2020	110	0	0	26
Dec 31, 2020	110	0	0	21
Jan 01, 2021	110	0	0	19
Jan 02, 2021	110	0	0	24
Jan 03, 2021	35	0	0	14
Jan 04, 2021	35	0	2	21
Jan 05, 2021	35	0	0	15
Jan 06, 2021	35	0	0	25
Jan 07, 2021	35	0	1	13
Jan 08, 2021	47	0	0	31
Jan 09, 2021	47	0	0	24
Jan 10, 2021	47	0	2	22
Jan 11, 2021	55	0	0	42
Jan 12, 2021	59	0	0	13
Jan 13, 2021	59	0	0	21
Jan 14, 2021	69	0	0	19
Jan 15, 2021	70	0	0	13
Jan 16, 2021	70	0	3	10
Jan 17, 2021	70	0	0	25
Jan 18, 2021	70	0	0	12
Jan 19, 2021	70	0	0	12
Jan 20, 2021	36	0	0	19
Jan 21, 2021	36	0	0	19
Jan 22, 2021	36	0	0	17
Jan 23, 2021	36	0	2	8
Jan 24, 2021	36	0	1	7
Jan 25, 2021	36	0	0	24
Jan 26, 2021	29	0	0	19
Jan 27, 2021	30	0	0	13
Jan 28, 2021	30	0	0	9
Jan 29, 2021	30	0	0	10
Jan 30, 2021	30	0	0	10
Jan 31, 2021	45	0	0	5
Feb 01, 2021	30	0	0	6
Feb 02, 2021	38	0	9	5
Feb 03, 2021	54	0	0	11
Feb 04, 2021	54	0	3	3
Feb 05, 2021	54	0	4	5
Feb 06, 2021	54	0	7	8
Feb 07, 2021	40	0	7	7
Feb 08, 2021	45	0	3	6
Feb 09, 2021	45	0	2	5
Feb 10, 2021	45	0	0	7
Feb 11, 2021	59	0	2	6
Feb 12, 2021	59	0	0	5
Feb 13, 2021	59	0	1	9
Feb 14, 2021	59	0	19	4
Feb 15, 2021	59	0	1	6
Feb 16, 2021	99	0	0	2
Feb 17, 2021	105	0	0	7
Feb 18, 2021	114	0	0	3
Feb 19, 2021	114	0	0	11
Feb 20, 2021	173	0	4	6
Feb 21, 2021	173	0	1	10
Feb 22, 2021	221	0	0	5
Feb 23, 2021	255	0	0	6
Feb 24, 2021	282	0	0	2
Feb 25, 2021	370	0	0	5
Feb 26, 2021	370	0	0	6
Feb 27, 2021	417	0	0	1
Feb 28, 2021	417	0	0	6
Mar 01, 2021	505	0	0	2
Mar 02, 2021	505	0	0	6
Mar 03, 2021	505	0	0	4
Mar 04, 2021	567	0	0	7
Mar 05, 2021	630	0	0	2
Mar 06, 2021	667	0	0	8
Mar 07, 2021	721	0	0	11
Mar 08, 2021	808	0	0	7
Mar 09, 2021	808	0	0	5
Mar 10, 2021	868	0	0	5
Mar 11, 2021	952	0	0	11
Mar 12, 2021	952	0	0	10
Mar 13, 2021	952	0	0	11
Mar 14, 2021	1215	0	0	14
Mar 15, 2021	1397	0	2	9
Mar 16, 2021	1479	0	0	7
Mar 17, 2021	1479	0	1	9
Mar 18, 2021	1602	0	0	15
Mar 19, 2021	1908	0	0	13
Mar 20, 2021	2203	0	0	16
Mar 21, 2021	2477	0	0	12
Mar 22, 2021	2692	0	0	10
Mar 23, 2021	2875	0	0	5
Mar 24, 2021	3224	0	0	13
Mar 25, 2021	3224	0	0	7
Mar 26, 2021	3775	0	0	17
Mar 27, 2021	3775	0	0	12
Mar 28, 2021	4293	0	0	15
Mar 29, 2021	4454	0	0	10
Mar 30, 2021	4718	0	0	5
Mar 31, 2021	5049	0	0	9
Apr 01, 2021	5206	0	0	6
Apr 02, 2021	5569	0	0	7
Apr 03, 2021	5694	0	0	10
Apr 04, 2021	6131	0	0	10
Apr 05, 2021	6492	0	0	11
Apr 06, 2021	6492	0	0	6
Apr 07, 2021	6720	0	0	18
Apr 08, 2021	6925	0	0	20
Apr 09, 2021	7087	0	0	11
Apr 10, 2021	7428	0	0	15
Apr 11, 2021	7528	0	0	14
Apr 12, 2021	7687	0	0	7
Apr 13, 2021	7899	0	0	3
Apr 14, 2021	8067	0	0	13
Apr 15, 2021	8260	0	1	7
Apr 16, 2021	8415	0	0	13
Apr 17, 2021	8585	0	0	5
Apr 18, 2021	8803	0	0	6
Apr 19, 2021	9015	0	0	8
Apr 20, 2021	2497	0	0	6
Apr 21, 2021	2875	0	0	17
Apr 22, 2021	2875	0	1	18
Apr 23, 2021	2875	0	0	14
Apr 24, 2021	2199	0	0	18
Apr 25, 2021	2198	0	2	15
Apr 26, 2021	2169	0	0	21
Apr 27, 2021	2169	0	0	14
Apr 28, 2021	2035	0	0	24
Apr 29, 2021	1947	0	0	16
Apr 30, 2021	1987	0	0	19
May 01, 2021	1702	0	0	24
May 02, 2021	1616	0	0	37
May 03, 2021	1449	0	0	19
May 04, 2021	1242	0	0	8
May 05, 2021	1115	0	0	29
May 06, 2021	1197	0	0	30
May 07, 2021	1197	0	0	24
May 08, 2021	1238	0	0	30
May 09, 2021	1366	0	0	22
May 10, 2021	1438	0	0	11
May 11, 2021	1961	0	0	14
May 12, 2021	2117	0	0	15
May 13, 2021	2295	0	0	11
May 14, 2021	2537	0	0	13
May 15, 2021	2537	0	0	21
May 16, 2021	2537	0	0	11
May 17, 2021	2758	0	0	9
May 18, 2021	2733	0	1	10
May 19, 2021	2866	0	0	15
May 20, 2021	955	0	0	7
May 21, 2021	1062	0	0	9
May 22, 2021	871	0	0	8
May 23, 2021	923	0	0	2
May 24, 2021	923	0	0	10
May 25, 2021	883	0	0	8
May 26, 2021	1019	0	0	3
May 27, 2021	910	0	0	10
May 28, 2021	830	0	0	3
May 29, 2021	753	0	0	6
May 30, 2021	749	0	0	3
May 31, 2021	681	0	0	4
Jun 01, 2021	709	0	0	7
Jun 02, 2021	787	0	0	8
Jun 03, 2021	615	0	0	11
Jun 04, 2021	615	0	0	18
Jun 05, 2021	549	0	0	15
Jun 06, 2021	522	0	0	10
Jun 07, 2021	551	0	0	10
Jun 08, 2021	523	0	0	15
Jun 09, 2021	539	0	0	8
Jun 10, 2021	515	0	0	12
Jun 11, 2021	515	0	0	12
Jun 12, 2021	480	0	0	7
Jun 13, 2021	500	0	0	13
Jun 14, 2021	500	0	0	8
Jun 15, 2021	494	0	0	17
Jun 16, 2021	494	0	0	19
Jun 17, 2021	500	0	0	10
Jun 18, 2021	459	0	2	6
Jun 19, 2021	451	0	0	15
Jun 20, 2021	498	0	0	4
Jun 21, 2021	444	0	0	8
Jun 22, 2021	472	0	0	11
Jun 23, 2021	426	0	0	14
Jun 24, 2021	426	0	2	10
Jun 25, 2021	426	0	0	19
Jun 26, 2021	407	0	0	11
Jun 27, 2021	407	0	1	11
Jun 28, 2021	407	0	0	9
Jun 29, 2021	407	0	0	9
Jun 30, 2021	407	0	0	25
Jul 01, 2021	407	0	0	10
Jul 02, 2021	407	0	0	12
Jul 03, 2021	407	0	0	30
Jul 04, 2021	407	0	0	14
Jul 05, 2021	407	0	0	34
Jul 06, 2021	589	0	0	42
Jul 07, 2021	597	0	0	30
Jul 08, 2021	597	0	0	33
Jul 09, 2021	597	0	0	47
Jul 10, 2021	597	0	0	32
Jul 11, 2021	186	0	0	40
Jul 12, 2021	186	0	0	46
Jul 13, 2021	186	0	0	23
Jul 14, 2021	186	0	0	45
Jul 15, 2021	186	0	0	29
Jul 16, 2021	186	0	0	28
Jul 17, 2021	186	0	0	42
Jul 18, 2021	186	0	0	44
Jul 19, 2021	134	0	1	62
Jul 20, 2021	171	0	0	86
Jul 21, 2021	159	0	0	118
Jul 22, 2021	212	0	0	96
Jul 23, 2021	212	0	0	106
Jul 24, 2021	223	0	0	81
Jul 25, 2021	223	0	0	113
Jul 26, 2021	223	0	1	133
Jul 27, 2021	206	0	0	125
Jul 28, 2021	217	0	0	113
Jul 29, 2021	207	0	0	110
Jul 30, 2021	220	0	0	135
Jul 31, 2021	201	0	0	153
Aug 01, 2021	201	0	0	151
Aug 02, 2021	199	0	0	168
Aug 03, 2021	154	0	0	156
Aug 04, 2021	148	0	0	156
Aug 05, 2021	153	0	7	180
Aug 06, 2021	143	0	9	194
Aug 07, 2021	139	0	50	250
Aug 08, 2021	136	0	51	172
Aug 09, 2021	135	0	148	212
Aug 10, 2021	135	0	300	245
Aug 11, 2021	135	0	256	221
Aug 12, 2021	107	0	329	212
Aug 13, 2021	90	0	62	242
Aug 14, 2021	97	0	1112	286
Aug 15, 2021	97	0	383	286
Aug 16, 2021	98	0	558	346
Aug 17, 2021	93	0	130	278
Aug 18, 2021	93	0	72	286
Aug 19, 2021	93	0	793	370
Aug 20, 2021	93	0	331	352
Aug 21, 2021	93	0	555	363
Aug 22, 2021	93	0	523	401
Aug 23, 2021	99	0	154	478
Aug 24, 2021	99	0	226	431
Aug 25, 2021	99	0	194	495
Aug 26, 2021	99	0	459	468
Aug 27, 2021	99	0	338	657
Aug 28, 2021	99	0	252	721
Aug 29, 2021	99	0	191	686
Aug 30, 2021	99	0	311	861
Aug 31, 2021	99	0	59	878
Sep 01, 2021	187	0	153	860
Sep 02, 2021	187	0	364	794
Sep 03, 2021	187	0	150	947
Sep 04, 2021	187	0	204	1079
Sep 05, 2021	187	0	151	944
Sep 06, 2021	187	0	89	1082
Sep 07, 2021	273	0	66	1276
Sep 08, 2021	427	0	20	1313
Sep 09, 2021	351	0	231	1195
Sep 10, 2021	351	0	248	1201
Sep 11, 2021	349	0	102	1426
Sep 12, 2021	372	0	94	1593
Sep 13, 2021	378	0	72	1690
Sep 14, 2021	446	0	44	1598
Sep 15, 2021	446	0	93	1491
Sep 16, 2021	446	0	93	1421
Sep 17, 2021	446	0	50	1638
Sep 18, 2021	446	0	92	1661
Sep 19, 2021	446	0	83	1816
Sep 20, 2021	647	0	66	1976
Sep 21, 2021	671	0	28	1602
Sep 22, 2021	735	0	71	1657
Sep 23, 2021	735	0	134	1515
Sep 24, 2021	799	0	81	1592
Sep 25, 2021	799	0	80	1796
Sep 26, 2021	943	0	61	1735
Sep 27, 2021	943	0	39	1795
Sep 28, 2021	1124	0	20	1506
Sep 29, 2021	1243	0	17	1420
Sep 30, 2021	1543	0	67	1547
Oct 01, 2021	1736	0	77	1604
Oct 02, 2021	1894	0	53	1745
Oct 03, 2021	2103	0	53	1704
Oct 04, 2021	2166	0	59	1802
Oct 05, 2021	2449	0	12	1663
Oct 06, 2021	2564	0	44	1441
Oct 07, 2021	2718	0	54	1820
Oct 08, 2021	3151	0	62	1739
Oct 09, 2021	3151	0	40	2323
Oct 10, 2021	3644	0	27	1976
Oct 11, 2021	3644	0	30	2073
Oct 12, 2021	3598	0	10	2004
Oct 13, 2021	3853	0	47	1945
Oct 14, 2021	3935	0	78	2312
Oct 15, 2021	4201	0	71	1961
Oct 16, 2021	4551	0	30	2141
Oct 17, 2021	4708	0	41	2430
Oct 18, 2021	4413	0	23	2445
Oct 19, 2021	2902	0	8	2290
Oct 20, 2021	2871	0	38	2042
Oct 21, 2021	2763	0	45	1742
Oct 22, 2021	2989	0	38	1999
Oct 23, 2021	2989	0	41	2600
Oct 24, 2021	2999	0	34	2506
Oct 25, 2021	3058	0	32	2245
Oct 26, 2021	3336	0	6	2028
Oct 27, 2021	2933	0	34	2041
Oct 28, 2021	2784	0	20	1944
Oct 29, 2021	2618	0	26	2051
Oct 30, 2021	2618	0	10	2464
Oct 31, 2021	2466	0	21	2297
Nov 01, 2021	2412	0	27	1989
Nov 02, 2021	2098	0	6	2104
Nov 03, 2021	2683	0	24	1624
Nov 04, 2021	2527	0	18	1723
Nov 05, 2021	2323	0	30	1695
Nov 06, 2021	2443	0	22	2067
Nov 07, 2021	2141	0	15	1823
Nov 08, 2021	2101	0	18	1507
Nov 09, 2021	2381	0	3	1055
Nov 10, 2021	1941	0	10	1525
Nov 11, 2021	1694	0	11	1093
Nov 12, 2021	1694	0	21	1077
Nov 13, 2021	1247	0	24	1491
Nov 14, 2021	1365	0	32	1531
Nov 15, 2021	1305	0	25	1483
Nov 16, 2021	918	0	0	1332
Nov 17, 2021	1201	0	17	1220
Nov 18, 2021	1169	0	15	1245
Nov 19, 2021	1155	0	31	1165
Nov 20, 2021	1155	0	16	1506
Nov 21, 2021	1177	0	0	1360
Nov 22, 2021	1183	0	27	1406
Nov 23, 2021	1137	0	0	1060
Nov 24, 2021	1053	0	38	984
Nov 25, 2021	948	0	44	976
Nov 26, 2021	863	0	21	1188
Nov 27, 2021	903	0	51	1240
Nov 28, 2021	656	0	30	1456
Nov 29, 2021	661	0	0	1313
Nov 30, 2021	644	0	0	1422
Dec 01, 2021	576	0	62	1164
Dec 02, 2021	561	0	43	964
Dec 03, 2021	518	0	51	1403
Dec 04, 2021	518	0	32	1494
Dec 05, 2021	433	0	70	1572
Dec 06, 2021	466	0	0	1428
Dec 07, 2021	444	0	0	1194
Dec 08, 2021	418	0	111	1118
Dec 09, 2021	345	0	86	1066
Dec 10, 2021	345	0	74	1360
Dec 11, 2021	345	0	43	1657
Dec 12, 2021	288	0	172	1483
Dec 13, 2021	255	0	0	1639
Dec 14, 2021	254	0	0	1227
Dec 15, 2021	217	0	293	1231
Dec 16, 2021	244	0	328	1394
Dec 17, 2021	163	0	370	1649
Dec 18, 2021	163	0	327	1602
Dec 19, 2021	163	0	341	1681
Dec 20, 2021	142	0	0	1693
Dec 21, 2021	143	0	0	1493
Dec 22, 2021	169	0	805	1762
Dec 23, 2021	203	0	626	1947
Dec 24, 2021	147	0	586	2716
Dec 25, 2021	147	0	691	3313
Dec 26, 2021	147	0	740	3689
Dec 27, 2021	135	0	0	3917
Dec 28, 2021	135	0	0	3818
Dec 29, 2021	106	0	1843	3834
Dec 30, 2021	100	0	1515	4386
Dec 31, 2021	100	0	1230	5541
Jan 01, 2022	100	0	1260	8387
Jan 02, 2022	85	0	1289	8797
Jan 03, 2022	82	0	0	9675
Jan 04, 2022	69	0	0	9152
Jan 05, 2022	57	0	2848	9768
Jan 06, 2022	55	0	2353	10945
Jan 07, 2022	48	0	1914	17645
Jan 08, 2022	48	0	1101	20645
Jan 09, 2022	52	0	1047	31922
Jan 10, 2022	63	0	0	34232
Jan 11, 2022	65	0	0	31298
Jan 12, 2022	79	0	3343	35975
Jan 13, 2022	82	0	1958	46354
Jan 14, 2022	53	0	1337	62662
Jan 15, 2022	53	0	1167	70145
Jan 16, 2022	52	0	1037	75577
Jan 17, 2022	52	0	0	108375
Jan 18, 2022	52	0	0	76590
Jan 19, 2022	52	0	1441	62791
Jan 20, 2022	52	0	3659	88307
Jan 21, 2022	85	0	2425	100825
Jan 22, 2022	72	0	911	146610
Jan 23, 2022	119	0	686	126495
Jan 24, 2022	113	0	0	98437
Jan 25, 2022	135	0	0	83726
Jan 26, 2022	146	0	1170	71758
Jan 27, 2022	259	0	679	70758
Jan 28, 2022	392	0	646	77315
Jan 29, 2022	392	0	686	73544
Jan 30, 2022	392	0	645	62744
Jan 31, 2022	593	0	0	53561
Feb 01, 2022	637	0	0	47591
Feb 02, 2022	855	0	1258	39498
Feb 03, 2022	855	0	642	45495
Feb 04, 2022	855	0	300	51071
Feb 05, 2022	855	0	0	44317
Feb 06, 2022	855	0	224	39854
Feb 07, 2022	1141	0	0	39602
Feb 08, 2022	1280	0	0	35802
Feb 09, 2022	1223	0	165	31401
Feb 10, 2022	1301	0	196	32392
Feb 11, 2022	1238	0	71	39736
Feb 12, 2022	1390	0	106	36284
Feb 13, 2022	1390	0	66	30785
Feb 14, 2022	1318	0	0	28645
Feb 15, 2022	1318	0	14	22820
Feb 16, 2022	1371	0	78	22255
Feb 17, 2022	1371	0	82	27080
Feb 18, 2022	1448	0	49	29882
Feb 19, 2022	1448	0	51	28342
Feb 20, 2022	1567	0	32	28844
Feb 21, 2022	1701	0	0	19087
Feb 22, 2022	1854	0	11	22775
Feb 23, 2022	1693	0	28	18912
Feb 24, 2022	1619	0	35	23989
Feb 25, 2022	1544	0	21	28053
Feb 26, 2022	1544	0	20	26914
Feb 27, 2022	1544	0	12	24927
Feb 28, 2022	1308	0	0	21319
Mar 01, 2022	1320	0	0	16881
Mar 02, 2022	983	0	33	16827
Mar 03, 2022	878	0	18	23994
Mar 04, 2022	878	0	11	26236
Mar 05, 2022	878	0	2	25025
Mar 06, 2022	878	0	4	23836
Mar 07, 2022	989	0	0	21514
Mar 08, 2022	989	0	0	17920
Mar 09, 2022	989	0	0	18578
Mar 10, 2022	989	0	23	24313
Mar 11, 2022	989	0	0	24554
Mar 12, 2022	989	0	0	34875
Mar 13, 2022	989	0	0	23848
Mar 14, 2022	989	0	0	22260
Mar 15, 2022	989	0	0	19011
Mar 16, 2022	989	0	0	21191
Mar 17, 2022	989	0	36	42004
Mar 18, 2022	989	0	0	32552
Mar 19, 2022	989	0	0	37041
Mar 20, 2022	989	0	0	33943
Mar 21, 2022	989	0	0	30719
Mar 22, 2022	989	0	0	28434
Mar 23, 2022	989	0	0	25670
Mar 24, 2022	989	0	162	33101
Mar 25, 2022	989	0	0	57074
Mar 26, 2022	989	0	0	50925
Mar 27, 2022	989	0	0	47363
Mar 28, 2022	1658	0	0	45196
Mar 29, 2022	1658	0	0	38890
Mar 30, 2022	1658	0	0	39019
Mar 31, 2022	1658	0	166	52277
Apr 01, 2022	1658	0	0	60284
Apr 02, 2022	1658	0	0	61470
Apr 03, 2022	1658	0	0	57109
Apr 04, 2022	1658	0	0	50583
Apr 05, 2022	134	0	0	45200
Apr 06, 2022	134	0	0	45662
Apr 07, 2022	134	0	0	58597
Apr 08, 2022	134	0	0	65545
Apr 09, 2022	134	0	0	58652
Apr 10, 2022	134	0	313	62669
Apr 11, 2022	83	0	0	53158
Apr 12, 2022	60	0	0	46221
Apr 13, 2022	60	0	0	45385
Apr 14, 2022	60	0	0	56580
Apr 15, 2022	65	0	452	60343
Apr 16, 2022	65	0	0	62266
Apr 17, 2022	65	0	0	57435
Apr 18, 2022	60	0	0	47799
Apr 19, 2022	60	0	0	43747
Apr 20, 2022	47	0	0	41526
Apr 21, 2022	58	0	366	44725
Apr 22, 2022	58	0	0	51823
Apr 23, 2022	58	0	0	53877
Apr 24, 2022	58	0	0	46678
Apr 25, 2022	58	0	0	40462
Apr 26, 2022	51	0	0	32256
Apr 27, 2022	51	0	0	33299
Apr 28, 2022	51	0	340	37545
Apr 29, 2022	51	0	0	49911
Apr 30, 2022	51	0	0	53084
May 01, 2022	35	0	0	47628
May 02, 2022	38	0	0	40590
May 03, 2022	38	0	0	33778
May 04, 2022	38	0	0	29866
May 05, 2022	38	0	267	35343
May 06, 2022	38	0	0	43493
May 07, 2022	38	0	0	44881
May 08, 2022	38	0	0	40572
May 09, 2022	38	0	0	38153
May 10, 2022	19	0	0	31615
May 11, 2022	20	0	0	30405
May 12, 2022	25	0	407	36665
May 13, 2022	25	0	0	44712
May 14, 2022	25	0	0	53372
May 15, 2022	25	0	0	37074
May 16, 2022	19	0	0	43678
May 17, 2022	21	0	0	34288
May 18, 2022	17	0	0	36710
May 19, 2022	17	0	540	46606
May 20, 2022	17	0	0	55504
May 21, 2022	17	0	0	56078
May 22, 2022	17	0	0	50671
May 23, 2022	19	0	0	48573
May 24, 2022	19	0	0	40950
May 25, 2022	23	0	0	40654
May 26, 2022	19	0	787	65793
May 27, 2022	19	0	0	54690
May 28, 2022	19	0	0	52861
May 29, 2022	19	0	0	48571
May 30, 2022	19	0	0	45320
May 31, 2022	19	0	0	37444
Jun 01, 2022	19	0	0	33064
Jun 02, 2022	19	0	1080	41559
Jun 03, 2022	19	0	0	44525
Jun 04, 2022	19	0	0	44754
Jun 05, 2022	19	0	0	37904
Jun 06, 2022	33	0	0	31880
Jun 07, 2022	34	0	0	25501
Jun 08, 2022	34	0	0	26421
Jun 09, 2022	26	0	1335	32369
Jun 10, 2022	26	0	0	33771
Jun 11, 2022	26	0	0	34023
Jun 12, 2022	26	0	0	30768
Jun 13, 2022	26	0	0	26470
Jun 14, 2022	35	0	0	21261
Jun 15, 2022	35	0	0	17214
Jun 16, 2022	35	0	1384	30312
Jun 17, 2022	41	0	0	32251
Jun 18, 2022	41	0	0	31849
Jun 19, 2022	41	0	0	29186
Jun 20, 2022	51	0	0	22238
Jun 21, 2022	51	0	0	20242
Jun 22, 2022	47	0	0	18981
Jun 23, 2022	48	0	1303	24860
Jun 24, 2022	58	0	0	30103
Jun 25, 2022	58	0	0	31451
Jun 26, 2022	58	0	0	29294
Jun 27, 2022	67	0	0	26130
Jun 28, 2022	67	0	0	21467
Jun 29, 2022	73	0	0	19603
Jun 30, 2022	73	0	1559	30670
Jul 01, 2022	81	0	0	31837
Jul 02, 2022	81	0	0	31289
Jul 03, 2022	81	0	0	30069
Jul 04, 2022	84	0	0	27199
Jul 05, 2022	88	0	0	22967
Jul 06, 2022	95	0	0	23257
Jul 07, 2022	95	0	1361	26975
Jul 08, 2022	101	0	0	37600
Jul 09, 2022	101	0	0	33506
Jul 10, 2022	101	0	0	33976
Jul 11, 2022	107	0	0	31751
Jul 12, 2022	108	0	0	29416
Jul 13, 2022	108	0	0	28782
Jul 14, 2022	114	0	693	35513
Jul 15, 2022	117	0	0	42211
Jul 16, 2022	117	0	0	41940
Jul 17, 2022	117	0	0	40536
Jul 18, 2022	117	0	0	36083
Jul 19, 2022	117	0	0	30475
Jul 20, 2022	121	0	0	31175
Jul 21, 2022	124	0	549	40085
Jul 22, 2022	128	0	0	42950
Jul 23, 2022	128	0	0	45898
Jul 24, 2022	128	0	0	42079
Jul 25, 2022	128	0	0	38225
Jul 26, 2022	128	0	0	36795
Jul 27, 2022	132	0	0	37928
Jul 28, 2022	132	0	313	48980
Jul 29, 2022	139	0	0	47516
Jul 30, 2022	139	0	0	53470
Jul 31, 2022	139	0	0	51799
Aug 01, 2022	139	0	0	43585
Aug 02, 2022	152	0	0	36613
Aug 03, 2022	153	0	0	35431
Aug 04, 2022	153	0	193	45294
Aug 05, 2022	155	0	0	48156
Aug 06, 2022	155	0	0	45048
Aug 07, 2022	155	0	0	44015
Aug 08, 2022	155	0	0	48631
Aug 09, 2022	155	0	0	29356
Aug 10, 2022	166	0	0	32067
Aug 11, 2022	167	0	91	34427
Aug 12, 2022	175	0	0	39775
Aug 13, 2022	175	0	0	36258
Aug 14, 2022	175	0	0	31678
Aug 15, 2022	175	0	0	27640
Aug 16, 2022	179	0	0	19836
Aug 17, 2022	198	0	0	21468
Aug 18, 2022	200	0	39	25743
Aug 19, 2022	200	0	0	26502
Aug 20, 2022	200	0	0	24523
Aug 21, 2022	200	0	0	22330
Aug 22, 2022	202	0	0	19485
Aug 23, 2022	216	0	0	15199
Aug 24, 2022	220	0	0	14015
Aug 25, 2022	230	0	29	19266
Aug 26, 2022	230	0	0	20060
Aug 27, 2022	230	0	0	19173
Aug 28, 2022	230	0	0	16483
Aug 29, 2022	230	NA	0	14617
Aug 30, 2022	234	NA	0	9753
Aug 31, 2022	234	NA	0	11175
Sep 01, 2022	241	NA	28	9171
Sep 02, 2022	241	NA	0	14899
Sep 03, 2022	241	NA	0	13587
Sep 04, 2022	241	NA	0	13003
Sep 05, 2022	248	NA	0	10946
Sep 06, 2022	250	NA	0	8943
Sep 07, 2022	254	NA	0	8379
Sep 08, 2022	254	NA	35	11602
Sep 09, 2022	254	NA	0	12872
Sep 10, 2022	254	NA	0	11396
Sep 11, 2022	254	NA	0	9128
Sep 12, 2022	269	NA	0	8406
Sep 13, 2022	269	NA	0	5661
Sep 14, 2022	276	NA	0	8747
Sep 15, 2022	285	NA	31	8781
Sep 16, 2022	285	NA	0	9635
Sep 17, 2022	285	NA	0	8389
Sep 18, 2022	285	NA	0	7927
Sep 19, 2022	291	NA	0	1652
Sep 20, 2022	296	NA	0	1323
Sep 21, 2022	308	NA	133	4241
Sep 22, 2022	308	NA	0	1646
Sep 23, 2022	313	NA	0	1780
Sep 24, 2022	313	NA	0	5028
Sep 25, 2022	313	NA	0	27013
Sep 26, 2022	335	NA	0	1350
Sep 27, 2022	335	NA	0	1059
Sep 28, 2022	342	NA	0	1093
Sep 29, 2022	347	NA	29	1544
Sep 30, 2022	347	NA	0	1511
Oct 01, 2022	347	NA	34	1433
Oct 02, 2022	347	NA	0	35370
Oct 03, 2022	360	NA	0	5390
Oct 04, 2022	360	NA	0	5390
Oct 05, 2022	360	NA	0	5390
Oct 06, 2022	417	NA	17	5366
Oct 07, 2022	441	NA	0	5384
Oct 08, 2022	441	NA	0	5395
Oct 09, 2022	441	NA	0	5396
Oct 10, 2022	483	NA	0	3082
Oct 11, 2022	496	NA	0	4392
Oct 12, 2022	496	NA	0	4391
Oct 13, 2022	520	NA	224	4393
Oct 14, 2022	549	NA	0	4394
Oct 15, 2022	549	NA	0	4394
Oct 16, 2022	549	NA	0	8828
Oct 17, 2022	614	NA	0	5523
Oct 18, 2022	614	NA	0	4351
Oct 19, 2022	614	NA	0	4352
Oct 20, 2022	663	NA	502	4354
Oct 21, 2022	678	NA	0	4347
Oct 22, 2022	678	NA	0	4351
Oct 23, 2022	678	NA	0	4346
Oct 24, 2022	678	NA	0	5584
Oct 25, 2022	715	NA	0	4696
Oct 26, 2022	743	NA	0	4355
Oct 27, 2022	743	NA	912	4522
Oct 28, 2022	743	NA	0	4527
Oct 29, 2022	743	NA	0	4527
Oct 30, 2022	743	NA	0	4527
Oct 31, 2022	815	NA	0	4584
Nov 01, 2022	815	NA	0	4584
Nov 02, 2022	868	NA	0	4584
Nov 03, 2022	900	NA	1000	4534
Nov 04, 2022	900	NA	0	4582
Nov 05, 2022	900	NA	0	4582
Nov 06, 2022	900	NA	0	4851
Nov 07, 2022	979	NA	0	4147
Nov 08, 2022	988	NA	0	4147
Nov 09, 2022	1041	NA	0	4147
Nov 10, 2022	1041	NA	1107	4148
Nov 11, 2022	1071	NA	0	4143
Nov 12, 2022	1071	NA	0	4144
Nov 13, 2022	1071	NA	0	15183
Nov 14, 2022	1123	NA	0	8147
Nov 15, 2022	1123	NA	0	8147
Nov 16, 2022	1123	NA	0	8148
Nov 17, 2022	1169	NA	824	8149
Nov 18, 2022	1169	NA	0	8145
Nov 19, 2022	1169	NA	0	8146
Nov 20, 2022	1169	NA	0	10212
Nov 21, 2022	1169	NA	0	10611
Nov 22, 2022	1169	NA	0	10610
Nov 23, 2022	1169	NA	0	10611
Nov 24, 2022	1169	NA	0	10610
Nov 25, 2022	1169	NA	0	10612
Nov 26, 2022	1169	NA	392	10612
Nov 27, 2022	1169	NA	0	10615
Nov 28, 2022	1169	NA	0	11677
Nov 29, 2022	1267	NA	0	11678
Nov 30, 2022	1496	NA	0	11678
Dec 01, 2022	1532	NA	0	11655
Dec 02, 2022	1597	NA	158	11662
Dec 03, 2022	1597	NA	0	11663
Dec 04, 2022	1597	NA	0	11662
Dec 05, 2022	1597	NA	0	14313
Dec 06, 2022	1597	NA	0	14313
Dec 07, 2022	1688	NA	0	14313
Dec 08, 2022	1724	NA	145	14310
Dec 09, 2022	1777	NA	0	14314
Dec 10, 2022	1777	NA	0	14312
Dec 11, 2022	1777	NA	0	18159
Dec 12, 2022	1777	NA	0	14778
Dec 13, 2022	1806	NA	0	14779
Dec 14, 2022	1806	NA	0	14779
Dec 15, 2022	1891	NA	62	14770
Dec 16, 2022	1906	NA	0	14777
Dec 17, 2022	1906	NA	0	14776
Dec 18, 2022	1906	NA	0	18091
Dec 19, 2022	1906	NA	0	12172
Dec 20, 2022	1906	NA	0	15485
Dec 21, 2022	2012	NA	0	15485
Dec 22, 2022	2012	NA	37	15484
Dec 23, 2022	2012	NA	0	15506
Dec 24, 2022	2012	NA	0	15504
Dec 25, 2022	2012	NA	0	19478
Dec 26, 2022	2012	NA	0	14142
Dec 27, 2022	2012	NA	0	14141
Dec 28, 2022	2012	NA	0	14142
Dec 29, 2022	2012	NA	41	14142
Dec 30, 2022	2012	NA	0	14118
Dec 31, 2022	2012	NA	0	14117
Jan 01, 2023	2012	NA	0	18080
Jan 02, 2023	2012	NA	0	4375
Jan 03, 2023	2012	NA	0	8336
Jan 04, 2023	2012	NA	0	8336
Jan 05, 2023	2012	NA	0	8337
Jan 06, 2023	2012	NA	0	8318
Jan 07, 2023	2012	NA	0	8317
Jan 08, 2023	2012	NA	0	8318
Jan 09, 2023	2012	NA	0	10674
Jan 10, 2023	2012	NA	0	10674
Jan 11, 2023	2012	NA	0	10675
Jan 12, 2023	2012	NA	0	10674
Jan 13, 2023	2012	NA	0	10689
Jan 14, 2023	2012	NA	0	10688
Jan 15, 2023	2012	NA	0	10688
Jan 16, 2023	2012	NA	0	5779
Jan 17, 2023	2012	NA	0	5777
Jan 18, 2023	2012	NA	0	5779
Jan 19, 2023	2012	NA	15	5707
Jan 20, 2023	2012	NA	0	5811
Jan 21, 2023	2012	NA	0	5739
Jan 22, 2023	2012	NA	0	5740
Jan 23, 2023	2012	NA	0	2391
Jan 24, 2023	2012	NA	0	2389
Jan 25, 2023	2012	NA	0	2389
Jan 26, 2023	2012	NA	6	2369
Jan 27, 2023	2012	NA	0	2459
Jan 28, 2023	2012	NA	0	2439
Jan 29, 2023	2012	NA	0	11265
Jan 30, 2023	2012	NA	0	2532
Jan 31, 2023	2098	NA	0	2533
Feb 01, 2023	2098	NA	0	2533
Feb 02, 2023	2098	NA	0	2534
Feb 03, 2023	2098	NA	0	2531
Feb 04, 2023	2098	NA	0	2532
Feb 05, 2023	2098	NA	0	5174
Feb 06, 2023	2098	NA	0	126
Feb 07, 2023	2098	NA	0	2769
Feb 08, 2023	2098	NA	0	2770
Feb 09, 2023	2124	NA	0	2770
Feb 10, 2023	2124	NA	14	2778
Feb 11, 2023	2124	NA	0	2778
Feb 12, 2023	2124	NA	0	2778
Feb 13, 2023	2124	NA	0	2398
Feb 14, 2023	2140	NA	0	2377
Feb 15, 2023	2140	NA	0	2404
Feb 16, 2023	2140	NA	0	2402
Feb 17, 2023	2140	NA	8	2414
Feb 18, 2023	2140	NA	0	2406
Feb 19, 2023	2140	NA	0	2404
Feb 20, 2023	2140	NA	0	2102
Feb 21, 2023	2140	NA	0	2102
Feb 22, 2023	2140	NA	0	2102
Feb 23, 2023	2140	NA	0	2103
Feb 24, 2023	2140	NA	7	4080
Feb 25, 2023	2140	NA	0	2304
Feb 26, 2023	2140	NA	0	1967
Feb 27, 2023	2140	NA	0	837
Feb 28, 2023	2140	NA	0	2871
Mar 01, 2023	2157	NA	0	2870
Mar 02, 2023	2157	NA	5	2870
Mar 03, 2023	2157	NA	0	2864
Mar 04, 2023	2157	NA	0	2864
Mar 05, 2023	2157	NA	0	2864
Mar 06, 2023	2157	NA	0	2645
Mar 07, 2023	2157	NA	0	2645
Mar 08, 2023	2173	NA	0	2645
Mar 09, 2023	2173	NA	1	2646
Mar 10, 2023	2173	NA	0	2649
Mar 11, 2023	2173	NA	0	2650
Mar 12, 2023	2173	NA	0	2650
Mar 13, 2023	2173	NA	0	2787
Mar 14, 2023	2173	NA	0	2786
Mar 15, 2023	2174	NA	0	2786
Mar 16, 2023	2174	NA	4	2786
Mar 17, 2023	2174	NA	0	2790
Mar 18, 2023	2174	NA	0	2790
Mar 19, 2023	2174	NA	0	2790
Mar 20, 2023	2174	NA	0	3138
Mar 21, 2023	2174	NA	0	3138
Mar 22, 2023	2174	NA	0	3138
Mar 23, 2023	2174	NA	1	3138
Mar 24, 2023	2174	NA	0	3134
Mar 25, 2023	2174	NA	0	3135
Mar 26, 2023	2174	NA	0	3133
Mar 27, 2023	2174	NA	0	3311
Mar 28, 2023	2174	NA	0	3312
Mar 29, 2023	2183	NA	0	3312
Mar 30, 2023	2183	NA	0	3311
Mar 31, 2023	2183	NA	0	3314
Apr 01, 2023	2183	NA	0	3315
Apr 02, 2023	2183	NA	0	3314
Apr 03, 2023	2183	NA	0	3730
Apr 04, 2023	2183	NA	0	3731
Apr 05, 2023	2183	NA	0	3730
Apr 06, 2023	2183	NA	0	3731
Apr 07, 2023	2183	NA	0	3724
Apr 08, 2023	2183	NA	0	3726
Apr 09, 2023	2183	NA	0	3724
Apr 10, 2023	2183	NA	0	3528
Apr 11, 2023	2183	NA	0	3527
Apr 12, 2023	2185	NA	0	3528
Apr 13, 2023	2185	NA	0	3526
Apr 14, 2023	2185	NA	0	3529
Apr 15, 2023	2185	NA	0	3529
Apr 16, 2023	2185	NA	0	3529
Apr 17, 2023	2185	NA	0	4051
Apr 18, 2023	2185	NA	0	4052
Apr 19, 2023	2186	NA	0	4051
Apr 20, 2023	2186	NA	0	4051
Apr 21, 2023	2186	NA	0	4049
Apr 22, 2023	2186	NA	0	4050
Apr 23, 2023	2186	NA	0	4049
Apr 24, 2023	2186	NA	0	4137
Apr 25, 2023	2186	NA	0	4135
Apr 26, 2023	2186	NA	0	4136
Apr 27, 2023	2186	NA	0	4135
Apr 28, 2023	2186	NA	0	4133
Apr 29, 2023	2186	NA	0	4133
Apr 30, 2023	2186	NA	0	4133
May 01, 2023	2186	NA	0	4294
May 02, 2023	2186	NA	0	4295
May 03, 2023	2190	NA	0	4295
May 04, 2023	2190	NA	0	4294
May 05, 2023	2190	NA	0	4293
May 06, 2023	2190	NA	0	4294
May 07, 2023	2190	NA	0	4293
May 08, 2023	2190	NA	0	4252
May 09, 2023	2190	NA	0	4251
May 10, 2023	2197	NA	0	4252
May 11, 2023	2197	NA	0	4251
May 12, 2023	2197	NA	0	4258
May 13, 2023	2197	NA	0	4258
May 14, 2023	2197	NA	0	4258
May 15, 2023	2197	NA	0	4634
May 16, 2023	2197	NA	0	4635
May 17, 2023	2212	NA	0	4635
May 18, 2023	2212	NA	0	4634
May 19, 2023	2212	NA	0	4617
May 20, 2023	2212	NA	0	4617
May 21, 2023	2212	NA	0	4617
May 22, 2023	2212	NA	0	5415
May 23, 2023	2212	NA	0	5414
May 24, 2023	2212	NA	0	5414
May 25, 2023	2212	NA	0	5414
May 26, 2023	2212	NA	0	5421
May 27, 2023	2212	NA	0	5420
May 28, 2023	2212	NA	0	5421
May 29, 2023	2212	NA	0	5805
May 30, 2023	2212	NA	0	5806
May 31, 2023	2212	NA	0	5806
Jun 01, 2023	2212	NA	0	5807
Jun 02, 2023	2212	NA	0	5803
Jun 03, 2023	2212	NA	0	5803
Jun 04, 2023	2212	NA	0	5803
Jun 05, 2023	2212	NA	0	5191
Jun 06, 2023	2212	NA	0	5191
Jun 07, 2023	2212	NA	0	5191
Jun 08, 2023	2212	NA	0	5192
Jun 09, 2023	2212	NA	0	5190
Jun 10, 2023	2212	NA	0	5189
Jun 11, 2023	2212	NA	0	5190
Jun 12, 2023	2212	NA	0	4301
Jun 13, 2023	2212	NA	0	4302
Jun 14, 2023	2212	NA	0	4300
Jun 15, 2023	2212	NA	0	4301
Jun 16, 2023	2212	NA	0	4310
Jun 17, 2023	2212	NA	0	4310
Jun 18, 2023	2212	NA	0	4310
Jun 19, 2023	2212	NA	0	2751
Jun 20, 2023	2212	NA	0	2751
Jun 21, 2023	2212	NA	0	2750
Jun 22, 2023	2212	NA	0	2750
Jun 23, 2023	2212	NA	0	2742
Jun 24, 2023	2212	NA	0	2741
Jun 25, 2023	2212	NA	0	2742
Jun 26, 2023	2212	NA	0	2407
Jun 27, 2023	2212	NA	0	2407
Jun 28, 2023	2212	NA	0	2406
Jun 29, 2023	2212	NA	0	2407
Jun 30, 2023	2212	NA	0	2417
Jul 01, 2023	2212	NA	0	2418
Jul 02, 2023	2212	NA	0	2418
Jul 03, 2023	2212	NA	0	1464
Jul 04, 2023	2212	NA	0	1463
Jul 05, 2023	2212	NA	0	1464
Jul 06, 2023	2212	NA	0	1462
Jul 07, 2023	2212	NA	0	1466
Jul 08, 2023	2212	NA	0	1466
Jul 09, 2023	2212	NA	0	1466
Jul 10, 2023	2212	NA	0	1948
Jul 11, 2023	2212	NA	0	1948
Jul 12, 2023	2212	NA	0	1949
Jul 13, 2023	2212	NA	0	1948
Jul 14, 2023	2212	NA	0	1951
Jul 15, 2023	2212	NA	0	1950
Jul 16, 2023	2212	NA	0	1951
Jul 17, 2023	2212	NA	0	530
Jul 18, 2023	2212	NA	0	530
Jul 19, 2023	2212	NA	0	529
Jul 20, 2023	2212	NA	0	529
Jul 21, 2023	2212	NA	0	519
Jul 22, 2023	2212	NA	0	520
Jul 23, 2023	2212	NA	0	519
Jul 24, 2023	2212	NA	0	948
Jul 25, 2023	2212	NA	0	947
Jul 26, 2023	2212	NA	0	948
Jul 27, 2023	2212	NA	0	947
Jul 28, 2023	2212	NA	0	967
Jul 29, 2023	2212	NA	0	965
Jul 30, 2023	2212	NA	0	967
Jul 31, 2023	2212	NA	0	856
Aug 01, 2023	2212	NA	0	855
Aug 02, 2023	2212	NA	0	855
Aug 03, 2023	2212	NA	0	856
Aug 04, 2023	2212	NA	0	846
Aug 05, 2023	2212	NA	0	845
Aug 06, 2023	2212	NA	0	846
Aug 07, 2023	2212	NA	0	708
Aug 08, 2023	2212	NA	0	707
Aug 09, 2023	2212	NA	0	707
Aug 10, 2023	2212	NA	0	707
Aug 11, 2023	2212	NA	0	715
Aug 12, 2023	2212	NA	0	716
Aug 13, 2023	2212	NA	0	715
Aug 14, 2023	2212	NA	0	179
Aug 15, 2023	2212	NA	0	177
Aug 16, 2023	2212	NA	0	179
Aug 17, 2023	2212	NA	0	177
Aug 18, 2023	2212	NA	0	175
Aug 19, 2023	2212	NA	0	174
Aug 20, 2023	2212	NA	0	175
Aug 21, 2023	2212	NA	0	735
Aug 22, 2023	2212	NA	0	735
Aug 23, 2023	26	NA	0	734
Aug 24, 2023	26	NA	0	734
Aug 25, 2023	26	NA	0	735
Aug 26, 2023	26	NA	0	735
Aug 27, 2023	26	NA	0	735
Aug 28, 2023	26	NA	0	622
Aug 29, 2023	26	NA	0	621
Aug 30, 2023	26	NA	0	621
Aug 31, 2023	26	NA	0	622
Sep 01, 2023	26	NA	142	625
Sep 02, 2023	26	NA	0	624
Sep 03, 2023	26	NA	0	625
Sep 04, 2023	26	NA	0	821
Sep 05, 2023	26	NA	0	820
Sep 06, 2023	26	NA	0	820
Sep 07, 2023	26	NA	0	819
Sep 08, 2023	26	NA	0	820
Sep 09, 2023	26	NA	0	821
Sep 10, 2023	26	NA	0	820
Sep 11, 2023	26	NA	0	733
Sep 12, 2023	26	NA	0	732
Sep 13, 2023	26	NA	0	734
Sep 14, 2023	26	NA	0	733
Sep 15, 2023	26	NA	0	735
Sep 16, 2023	26	NA	0	734
Sep 17, 2023	26	NA	0	735
Sep 18, 2023	26	NA	0	778
Sep 19, 2023	26	NA	0	778
Sep 20, 2023	26	NA	0	777
Sep 21, 2023	26	NA	0	777
Sep 22, 2023	26	NA	0	773
Sep 23, 2023	26	NA	0	774
Sep 24, 2023	26	NA	0	773
Sep 25, 2023	26	NA	0	604
Sep 26, 2023	26	NA	0	604
Sep 27, 2023	26	NA	0	604
Sep 28, 2023	26	NA	0	603
Sep 29, 2023	26	NA	0	605
Sep 30, 2023	26	NA	0	606
Oct 01, 2023	26	NA	0	606
Oct 02, 2023	26	NA	0	788
Oct 03, 2023	26	NA	0	788
Oct 04, 2023	26	NA	0	788
Oct 05, 2023	26	NA	0	788
Oct 06, 2023	26	NA	0	789
Oct 07, 2023	26	NA	0	789
Oct 08, 2023	26	NA	0	789
Oct 09, 2023	26	NA	0	340
Oct 10, 2023	26	NA	0	340
Oct 11, 2023	26	NA	0	340
Oct 12, 2023	26	NA	0	340
Oct 13, 2023	26	NA	0	338
Oct 14, 2023	26	NA	0	338
Oct 15, 2023	26	NA	0	338
Oct 16, 2023	26	NA	0	694
Oct 17, 2023	26	NA	0	694
Oct 18, 2023	26	NA	0	694
Oct 19, 2023	26	NA	0	695
Oct 20, 2023	26	NA	0	696
Oct 21, 2023	26	NA	0	696
Oct 22, 2023	26	NA	0	696
Oct 23, 2023	26	NA	0	761
Oct 24, 2023	26	NA	0	760
Oct 25, 2023	26	NA	0	761
Oct 26, 2023	26	NA	0	762
Oct 27, 2023	26	NA	0	760
Oct 28, 2023	26	NA	0	759
Oct 29, 2023	26	NA	0	760
Oct 30, 2023	26	NA	0	968
Oct 31, 2023	26	NA	0	969
Nov 01, 2023	26	NA	0	968
Nov 02, 2023	26	NA	0	969
Nov 03, 2023	26	NA	0	966
Nov 04, 2023	26	NA	0	967
Nov 05, 2023	26	NA	0	1378
Nov 06, 2023	26	NA	0	405
Nov 07, 2023	26	NA	0	404
Nov 08, 2023	26	NA	0	404
Nov 09, 2023	26	NA	0	404
Nov 10, 2023	26	NA	0	404
Nov 11, 2023	26	NA	0	403
Nov 12, 2023	26	NA	0	487
Nov 13, 2023	26	NA	0	487
Nov 14, 2023	26	NA	0	486
Nov 15, 2023	26	NA	0	487
Nov 16, 2023	26	NA	0	487
Nov 17, 2023	26	NA	0	487
Nov 18, 2023	26	NA	0	487
Nov 19, 2023	26	NA	0	487
Nov 20, 2023	26	NA	0	1598
Nov 21, 2023	26	NA	0	631
Nov 22, 2023	26	NA	0	811
Nov 23, 2023	26	NA	0	1939
Nov 24, 2023	26	NA	0	1856
Nov 25, 2023	26	NA	0	2489
Nov 26, 2023	26	NA	0	1528
Nov 27, 2023	26	NA	0	1456
Nov 28, 2023	26	NA	0	840
Nov 29, 2023	26	NA	0	659
Nov 30, 2023	26	NA	0	1559
Dec 01, 2023	26	NA	0	1670
Dec 02, 2023	26	NA	0	2127
Dec 03, 2023	26	NA	0	1517
Dec 04, 2023	26	NA	0	1371
Dec 05, 2023	26	NA	0	854
Dec 06, 2023	26	NA	0	426
Dec 07, 2023	26	NA	0	1778
Dec 08, 2023	26	NA	0	1634
Dec 09, 2023	26	NA	0	2060
Dec 10, 2023	26	NA	0	1459
Dec 11, 2023	26	NA	0	1366
Dec 12, 2023	26	NA	0	971
Dec 13, 2023	26	NA	0	634
Dec 14, 2023	26	NA	0	1631
Dec 15, 2023	26	NA	0	1802
Dec 16, 2023	26	NA	0	2181
Dec 17, 2023	26	NA	0	1585
Dec 18, 2023	26	NA	0	1007
Dec 19, 2023	26	NA	0	1003
Dec 20, 2023	26	NA	0	693
Dec 21, 2023	26	NA	0	2060
Dec 22, 2023	26	NA	0	1806
Dec 23, 2023	26	NA	0	1737
Dec 24, 2023	26	NA	0	2144
Dec 25, 2023	26	NA	0	1457
Dec 26, 2023	26	NA	0	848
Dec 27, 2023	26	NA	0	853
Dec 28, 2023	26	NA	0	1451
Dec 29, 2023	26	NA	0	2432
Dec 30, 2023	26	NA	0	2372
Dec 31, 2023	26	NA	0	2258
Jan 01, 2024	26	NA	0	1401
Jan 02, 2024	26	NA	0	973
Jan 03, 2024	26	NA	0	714
Jan 04, 2024	26	NA	0	625
Jan 05, 2024	26	NA	0	736
Jan 06, 2024	26	NA	0	1095
Jan 07, 2024	26	NA	0	1736
Jan 08, 2024	26	NA	0	1279
Jan 09, 2024	26	NA	0	1095
Jan 10, 2024	26	NA	0	811
Jan 11, 2024	26	NA	0	578
Jan 12, 2024	26	NA	0	3877
Jan 13, 2024	26	NA	0	2740
Jan 14, 2024	26	NA	0	1568
Jan 15, 2024	26	NA	0	1853
Jan 16, 2024	26	NA	0	1063
Jan 17, 2024	26	NA	0	774
Jan 18, 2024	26	NA	0	8753
Jan 19, 2024	26	NA	0	0
Jan 20, 2024	26	NA	0	0
Jan 21, 2024	26	NA	0	0
Jan 22, 2024	26	NA	0	0
Jan 23, 2024	26	NA	0	0
Jan 24, 2024	26	NA	0	0
Jan 25, 2024	26	NA	0	8497
Jan 26, 2024	26	NA	0	0
Jan 27, 2024	26	NA	0	0
Jan 28, 2024	26	NA	0	0
Jan 29, 2024	26	NA	0	0
Jan 30, 2024	26	NA	0	0
Jan 31, 2024	26	NA	0	0
Feb 01, 2024	26	NA	0	44254
Feb 02, 2024	26	NA	0	0
Feb 03, 2024	26	NA	0	0
Feb 04, 2024	26	NA	0	0
Feb 05, 2024	26	NA	0	0
Feb 06, 2024	26	NA	0	0
Feb 07, 2024	26	NA	0	0
Feb 08, 2024	26	NA	0	7502
Feb 09, 2024	26	NA	0	0
Feb 10, 2024	26	NA	0	0
Feb 11, 2024	26	NA	0	0
Feb 12, 2024	26	NA	0	0
Feb 13, 2024	26	NA	0	0
Feb 14, 2024	26	NA	0	0
Feb 15, 2024	26	NA	0	7350
Feb 16, 2024	26	NA	0	0
Feb 17, 2024	26	NA	0	0
Feb 18, 2024	26	NA	0	0
Feb 19, 2024	26	NA	0	0
Feb 20, 2024	26	NA	0	0
Feb 21, 2024	26	NA	NA	0
Feb 22, 2024	26	NA	NA	7315
Feb 23, 2024	26	NA	NA	0
Feb 24, 2024	26	NA	NA	0
Feb 25, 2024	26	NA	NA	0
Feb 26, 2024	26	NA	NA	0
Feb 27, 2024	26	NA	NA	0
Feb 28, 2024	26	NA	NA	0
Feb 29, 2024	26	NA	NA	6790
Mar 01, 2024	26	NA	NA	0
Mar 02, 2024	26	NA	NA	0
Mar 03, 2024	26	NA	NA	0
Mar 04, 2024	26	NA	NA	0
Mar 05, 2024	26	NA	NA	0
Mar 06, 2024	26	NA	NA	0
Mar 07, 2024	26	NA	NA	5340
Mar 08, 2024	26	NA	NA	871
Mar 09, 2024	26	NA	NA	0
Mar 10, 2024	26	NA	NA	0
Mar 11, 2024	26	NA	NA	0
Mar 12, 2024	26	NA	NA	0
Mar 13, 2024	26	NA	NA	0
Mar 14, 2024	26	NA	NA	4535
Mar 15, 2024	26	NA	NA	846
Mar 16, 2024	26	NA	NA	0
Mar 17, 2024	26	NA	NA	0
Mar 18, 2024	26	NA	NA	0
Mar 19, 2024	26	NA	NA	0
Mar 20, 2024	26	NA	NA	0
Mar 21, 2024	26	NA	NA	4373
Mar 22, 2024	26	NA	NA	0
Mar 23, 2024	26	NA	NA	0
Mar 24, 2024	26	NA	NA	NA
