Dates	Active	Deaths	Newcases	recover
Feb 15, 2020	0	0	1	0
Feb 16, 2020	0	0	5	0
Feb 17, 2020	0	0	3	0
Feb 18, 2020	0	0	8	0
Feb 19, 2020	0	0	5	0
Feb 20, 2020	0	0	15	0
Feb 21, 2020	0	1	44	0
Feb 22, 2020	0	0	46	0
Feb 23, 2020	0	2	60	0
Feb 24, 2020	0	1	77	0
Feb 25, 2020	0	0	56	0
Feb 26, 2020	0	1	61	0
Feb 27, 2020	1	0	121	0
Feb 28, 2020	2	5	111	0
Feb 29, 2020	7	2	190	0
Mar 01, 2020	10	8	155	0
Mar 02, 2020	18	4	176	0
Mar 03, 2020	23	19	278	0
Mar 04, 2020	38	15	292	0
Mar 05, 2020	81	18	346	0
Mar 06, 2020	127	30	409	0
Mar 07, 2020	185	30	534	0
Mar 08, 2020	261	43	637	0
Mar 09, 2020	317	34	573	0
Mar 10, 2020	377	63	545	0
Mar 11, 2020	498	80	811	0
Mar 12, 2020	602	78	852	0
Mar 13, 2020	790	112	1019	1
Mar 14, 2020	937	93	1172	0
Mar 15, 2020	1109	132	1159	0
Mar 16, 2020	1368	93	1104	0
Mar 17, 2020	1645	175	884	0
Mar 18, 2020	1973	134	845	0
Mar 19, 2020	2352	166	1019	0
Mar 20, 2020	2856	148	1083	0
Mar 21, 2020	3450	164	1026	0
Mar 22, 2020	3989	115	904	0
Mar 23, 2020	4471	101	1224	0
Mar 24, 2020	5202	234	952	6
Mar 25, 2020	5975	147	777	0
Mar 26, 2020	6882	148	969	0
Mar 27, 2020	7961	115	1213	0
Mar 28, 2020	8988	132	1335	0
Mar 29, 2020	9752	94	1316	0
Mar 30, 2020	10461	86	1174	0
Mar 31, 2020	11172	122	964	49
Apr 01, 2020	12025	189	868	0
Apr 02, 2020	12960	181	734	0
Apr 03, 2020	13822	144	1061	60
Apr 04, 2020	14611	142	1235	18
Apr 05, 2020	15734	83	1140	28
Apr 06, 2020	16452	67	1066	29
Apr 07, 2020	17082	165	750	31
Apr 08, 2020	17903	138	729	62
Apr 09, 2020	19001	123	708	34
Apr 10, 2020	20204	112	887	57
Apr 11, 2020	21426	120	806	64
Apr 12, 2020	22514	66	655	48
Apr 13, 2020	23356	43	655	131
Apr 14, 2020	24035	48	400	50
Apr 15, 2020	24588	145	171	106
Apr 16, 2020	25505	84	386	92
Apr 17, 2020	26598	98	514	115
Apr 18, 2020	27655	94	475	59
Apr 19, 2020	28654	69	445	93
Apr 20, 2020	29239	26	335	164
Apr 21, 2020	29792	86	199	216
Apr 22, 2020	29970	36	317	227
Apr 23, 2020	30057	84	232	204
Apr 24, 2020	30003	71	455	182
Apr 25, 2020	29693	63	319	139
Apr 26, 2020	29199	18	289	201
Apr 27, 2020	28435	16	245	189
Apr 28, 2020	27405	54	161	370
Apr 29, 2020	26968	52	196	211
Apr 30, 2020	26623	28	227	255
May 01, 2020	26083	53	270	271
May 02, 2020	25470	27	200	183
May 03, 2020	24822	10	189	150
May 04, 2020	24057	14	125	185
May 05, 2020	23200	21	146	375
May 06, 2020	22432	33	108	207
May 07, 2020	22123	27	198	322
May 08, 2020	21481	13	253	253
May 09, 2020	20602	23	188	261
May 10, 2020	19514	11	176	118
May 11, 2020	18321	8	172	315
May 12, 2020	17345	26	209	279
May 13, 2020	16632	15	133	286
May 14, 2020	16009	32	190	222
May 15, 2020	15501	28	182	257
May 16, 2020	14646	20	176	276
May 17, 2020	13532	5	131	177
May 18, 2020	12531	6	185	275
May 19, 2020	11561	5	103	280
May 20, 2020	11015	10	102	269
May 21, 2020	10553	13	86	279
May 22, 2020	10023	15	209	246
May 23, 2020	9324	6	210	217
May 24, 2020	8693	2	183	82
May 25, 2020	8229	3	239	744
May 26, 2020	7718	15	165	310
May 27, 2020	7491	11	164	230
May 28, 2020	7506	2	184	132
May 29, 2020	7304	9	164	324
May 30, 2020	6936	4	210	255
May 31, 2020	6645	2	179	178
Jun 01, 2020	6304	6	143	277
Jun 02, 2020	6066	5	165	288
Jun 03, 2020	5950	4	139	213
Jun 04, 2020	5840	4	117	183
Jun 05, 2020	5827	3	115	231
Jun 06, 2020	5559	8	107	214
Jun 07, 2020	5478	1	76	143
Jun 08, 2020	5342	0	91	198
Jun 09, 2020	5265	5	65	215
Jun 10, 2020	5297	2	64	285
Jun 11, 2020	5258	3	82	109
Jun 12, 2020	5246	3	110	299
Jun 13, 2020	5157	2	91	122
Jun 14, 2020	5096	0	69	157
Jun 15, 2020	5073	2	73	271
Jun 16, 2020	5088	6	76	267
Jun 17, 2020	5059	2	50	396
Jun 18, 2020	5067	3	62	381
Jun 19, 2020	4971	2	77	483
Jun 20, 2020	4801	6	75	502
Jun 21, 2020	4705	1	61	393
Jun 22, 2020	4589	1	73	497
Jun 23, 2020	4484	4	36	561
Jun 24, 2020	4356	3	37	520
Jun 25, 2020	4333	0	52	564
Jun 26, 2020	4235	0	52	754
Jun 27, 2020	4124	0	42	576
Jun 28, 2020	4019	0	81	349
Jun 29, 2020	3960	0	101	384
Jun 30, 2020	3829	0	71	510
Jul 01, 2020	3787	1	53	418
Jul 02, 2020	3763	0	106	442
Jul 03, 2020	3748	0	99	476
Jul 04, 2020	3605	0	103	619
Jul 05, 2020	3468	0	127	220
Jul 06, 2020	3318	0	144	272
Jul 07, 2020	3117	0	185	640
Jul 08, 2020	3007	3	163	599
Jul 09, 2020	2895	0	168	571
Jul 10, 2020	2753	0	163	587
Jul 11, 2020	2670	0	191	513
Jul 12, 2020	2561	1	137	367
Jul 13, 2020	2453	1	214	241
Jul 14, 2020	2362	4	205	736
Jul 15, 2020	2304	2	223	436
Jul 16, 2020	2264	0	247	577
Jul 17, 2020	2250	0	342	419
Jul 18, 2020	2262	1	338	368
Jul 19, 2020	2299	1	431	247
Jul 20, 2020	2408	0	366	232
Jul 21, 2020	2477	1	372	368
Jul 22, 2020	2583	3	485	402
Jul 23, 2020	2682	0	426	456
Jul 24, 2020	2791	1	601	422
Jul 25, 2020	2817	3	519	334
Jul 26, 2020	2940	0	486	103
Jul 27, 2020	3073	0	577	187
Jul 28, 2020	3225	2	630	147
Jul 29, 2020	3398	2	779	453
Jul 30, 2020	3690	4	654	344
Jul 31, 2020	3965	2	577	387
Aug 01, 2020	4319	2	636	335
Aug 02, 2020	4611	3	655	172
Aug 03, 2020	4921	0	507	175
Aug 04, 2020	5331	3	482	265
Aug 05, 2020	5724	6	489	321
Aug 06, 2020	6287	10	552	399
Aug 07, 2020	6752	4	529	362
Aug 08, 2020	7189	5	535	288
Aug 09, 2020	7724	0	508	186
Aug 10, 2020	8271	2	457	273
Aug 11, 2020	8949	5	574	461
Aug 12, 2020	9530	8	415	350
Aug 13, 2020	10056	3	571	401
Aug 14, 2020	10586	2	510	491
Aug 15, 2020	11141	4	507	277
Aug 16, 2020	11548	0	501	229
Aug 17, 2020	11900	0	508	284
Aug 18, 2020	12242	6	527	456
Aug 19, 2020	12605	5	462	382
Aug 20, 2020	12977	0	734	548
Aug 21, 2020	13343	2	601	632
Aug 22, 2020	13693	4	744	522
Aug 23, 2020	13957	2	654	265
Aug 24, 2020	14391	0	925	336
Aug 25, 2020	14589	1	797	615
Aug 26, 2020	14960	2	964	698
Aug 27, 2020	15248	3	1140	688
Aug 28, 2020	15506	3	823	751
Aug 29, 2020	15669	1	1270	656
Aug 30, 2020	15839	1	1231	446
Aug 31, 2020	15929	2	1087	392
Sep 01, 2020	16026	2	1300	835
Sep 02, 2020	16393	2	1379	728
Sep 03, 2020	16507	6	1542	1227
Sep 04, 2020	16823	7	1753	2526
Sep 05, 2020	16878	2	1974	1910
Sep 06, 2020	17286	4	1887	857
Sep 07, 2020	17596	2	1844	797
Sep 08, 2020	17982	10	2217	1225
Sep 09, 2020	18491	5	2245	934
Sep 10, 2020	18535	16	2357	779
Sep 11, 2020	19153	16	2544	877
Sep 12, 2020	19807	38	2777	934
Sep 13, 2020	20257	8	2713	438
Sep 14, 2020	20902	6	2995	451
Sep 15, 2020	21774	13	2914	562
Sep 16, 2020	22830	13	3011	615
Sep 17, 2020	24093	13	3294	587
Sep 18, 2020	25520	9	3252	549
Sep 19, 2020	26876	21	3825	441
Sep 20, 2020	28187	5	3967	302
Sep 21, 2020	29888	7	4003	368
Sep 22, 2020	31681	21	4579	589
Sep 23, 2020	33453	36	4528	597
Sep 24, 2020	35582	13	4989	582
Sep 25, 2020	37766	13	5822	586
Sep 26, 2020	39999	23	5971	578
Sep 27, 2020	42489	17	6499	516
Sep 28, 2020	44895	12	6373	535
Sep 29, 2020	47398	35	6845	740
Sep 30, 2020	50165	32	7378	706
Oct 01, 2020	52959	29	7287	952
Oct 02, 2020	56038	16	7791	856
Oct 03, 2020	59420	29	7984	794
Oct 04, 2020	62677	14	8114	549
Oct 05, 2020	66588	17	8182	606
Oct 06, 2020	70176	46	7992	1188
Oct 07, 2020	74391	59	8165	1144
Oct 08, 2020	79249	46	8743	1385
Oct 09, 2020	84070	45	9271	1107
Oct 10, 2020	89752	55	9996	1320
Oct 11, 2020	94860	27	8651	899
Oct 12, 2020	100451	26	10202	803
Oct 13, 2020	106745	70	10343	1843
Oct 14, 2020	112735	60	10292	1741
Oct 15, 2020	119160	56	8102	2185
Oct 16, 2020	125589	87	10264	2389
Oct 17, 2020	131965	50	11119	2489
Oct 18, 2020	138170	39	9804	1363
Oct 19, 2020	144246	29	8683	1942
Oct 20, 2020	150554	113	8286	2928
Oct 21, 2020	157093	106	7743	3320
Oct 22, 2020	164120	87	7633	2888
Oct 23, 2020	171749	118	6965	4252
Oct 24, 2020	177884	73	7242	3275
Oct 25, 2020	185310	44	6671	2683
Oct 26, 2020	192896	39	5664	3935
Oct 27, 2020	200203	98	4680	4267
Oct 28, 2020	205395	74	4667	5763
Oct 29, 2020	212617	89	5407	5457
Oct 30, 2020	220479	54	5634	5556
Oct 31, 2020	227042	85	6091	6315
Nov 01, 2020	231910	43	5914	7818
Nov 02, 2020	236145	44	5413	5573
Nov 03, 2020	239892	86	4830	8974
Nov 04, 2020	242965	82	4302	8721
Nov 05, 2020	245371	73	4609	10994
Nov 06, 2020	247669	51	5645	11835
Nov 07, 2020	248547	48	5933	8853
Nov 08, 2020	248245	21	6070	10008
Nov 09, 2020	246367	54	5388	11290
Nov 10, 2020	244685	90	5170	12214
Nov 11, 2020	243232	74	3926	11474
Nov 12, 2020	241523	75	4909	13231
Nov 13, 2020	240296	83	4470	14635
Nov 14, 2020	238461	59	5743	12568
Nov 15, 2020	235889	23	4459	11239
Nov 16, 2020	232563	27	5585	18260
Nov 17, 2020	228687	62	4568	18601
Nov 18, 2020	225313	66	4045	19003
Nov 19, 2020	222815	61	4921	19914
Nov 20, 2020	220008	58	5606	25275
Nov 21, 2020	216834	39	5874	16896
Nov 22, 2020	212193	25	6521	14897
Nov 23, 2020	208676	17	6779	15849
Nov 24, 2020	202416	71	7067	14810
Nov 25, 2020	196981	66	6146	25342
Nov 26, 2020	191151	61	6528	21767
Nov 27, 2020	188816	64	8720	21637
Nov 28, 2020	183047	53	8838	21156
Nov 29, 2020	177509	29	9080	18085
Nov 30, 2020	172238	34	9884	20075
Dec 01, 2020	167596	86	8457	25391
Dec 02, 2020	164236	78	6633	23580
Dec 03, 2020	162102	75	11169	19853
Dec 04, 2020	160362	84	12779	21497
Dec 05, 2020	159932	54	11931	18810
Dec 06, 2020	159477	32	12217	15726
Dec 07, 2020	159819	28	13032	16399
Dec 08, 2020	160306	114	11168	29396
Dec 09, 2020	162159	104	9810	23878
Dec 10, 2020	166209	89	10388	23237
Dec 11, 2020	169651	98	11499	25185
Dec 12, 2020	173121	46	11487	18354
Dec 13, 2020	176909	28	9848	10260
Dec 14, 2020	179400	44	9080	10593
Dec 15, 2020	180628	170	7415	12902
Dec 16, 2020	186970	112	7502	10699
Dec 17, 2020	195438	108	9398	12227
Dec 18, 2020	202790	97	9681	12147
Dec 19, 2020	209384	36	8183	10546
Dec 20, 2020	216487	47	8601	7748
Dec 21, 2020	221499	63	7398	8255
Dec 22, 2020	225931	151	6563	10906
Dec 23, 2020	231164	173	6338	10698
Dec 24, 2020	238728	85	7099	8807
Dec 25, 2020	245358	87	9627	7698
Dec 26, 2020	250754	136	8124	7229
Dec 27, 2020	254075	54	7321	5766
Dec 28, 2020	256905	50	6612	8629
Dec 29, 2020	258880	152	5416	11884
Dec 30, 2020	263714	122	4872	10249
Dec 31, 2020	269361	89	6086	10143
Jan 01, 2021	272684	94	6466	9155
Jan 02, 2021	275668	97	6009	7657
Jan 03, 2021	277176	41	5260	6461
Jan 04, 2021	277130	50	5598	9338
Jan 05, 2021	276667	106	4754	8852
Jan 06, 2021	276787	86	4272	7872
Jan 07, 2021	280266	89	5530	8983
Jan 08, 2021	281813	85	5774	9139
Jan 09, 2021	280496	88	5744	9580
Jan 10, 2021	278274	30	5414	7142
Jan 11, 2021	274508	39	4891	7666
Jan 12, 2021	269526	86	4017	8997
Jan 13, 2021	267188	68	3917	8700
Jan 14, 2021	267016	83	4726	8827
Jan 15, 2021	261853	56	4659	8437
Jan 16, 2021	254390	87	4350	8239
Jan 17, 2021	248048	39	4173	6393
Jan 18, 2021	240529	27	3700	9315
Jan 19, 2021	231789	83	3188	10325
Jan 20, 2021	226148	61	3561	8373
Jan 21, 2021	222116	65	4013	0
Jan 22, 2021	217469	60	4193	7050
Jan 23, 2021	211442	61	4321	7664
Jan 24, 2021	204837	48	4075	7290
Jan 25, 2021	198959	25	3934	5839
Jan 26, 2021	193814	83	2221	2692
Jan 27, 2021	191110	79	1744	4625
Jan 28, 2021	188294	72	3183	6460
Jan 29, 2021	183215	65	4394	7222
Jan 30, 2021	177755	66	4341	5893
Jan 31, 2021	173284	23	4194	6169
Feb 01, 2021	167815	27	3447	4760
Feb 02, 2021	164000	86	2810	2302
Feb 03, 2021	161446	88	2701	4465
Feb 04, 2021	159306	72	3361	6524
Feb 05, 2021	156527	49	4518	6884
Feb 06, 2021	150988	62	4726	5590
Feb 07, 2021	146821	17	4565	5695
Feb 08, 2021	141663	32	4674	4618
Feb 09, 2021	136799	94	4162	2161
Feb 10, 2021	134573	63	3797	4466
Feb 11, 2021	134102	32	4362	6026
Feb 12, 2021	132356	65	5011	6340
Feb 13, 2021	130127	40	5113	5564
Feb 14, 2021	127561	20	4937	5639
Feb 15, 2021	125052	21	4669	4773
Feb 16, 2021	122153	65	3762	2155
Feb 17, 2021	120776	48	3981	4068
Feb 18, 2021	121045	33	4997	6550
Feb 19, 2021	120228	32	4114	7110
Feb 20, 2021	119064	41	4669	6088
Feb 21, 2021	117979	30	5336	5959
Feb 22, 2021	116665	28	4526	5143
Feb 23, 2021	115602	56	3834	2465
Feb 24, 2021	115978	31	4293	5361
Feb 25, 2021	117039	50	5272	8210
Feb 26, 2021	117451	26	5322	8909
Feb 27, 2021	117749	22	6026	8368
Feb 28, 2021	118067	23	6396	8032
Mar 01, 2021	117612	18	5974	7171
Mar 02, 2021	117910	32	5469	3447
Mar 03, 2021	119734	46	4902	7140
Mar 04, 2021	120288	33	5924	10945
Mar 05, 2021	120935	46	6125	12044
Mar 06, 2021	122089	16	7375	10960
Mar 07, 2021	122296	15	7593	11515
Mar 08, 2021	122027	15	6965	9270
Mar 09, 2021	122411	49	6261	4552
Mar 10, 2021	125443	32	5560	8635
Mar 11, 2021	129045	26	7579	13944
Mar 12, 2021	131892	24	7702	15667
Mar 13, 2021	133893	29	7562	14076
Mar 14, 2021	135531	15	8798	14228
Mar 15, 2021	136792	8	7430	12709
Mar 16, 2021	138233	36	6718	6001
Mar 17, 2021	141360	28	5828	10667
Mar 18, 2021	144771	21	7633	16440
Mar 19, 2021	148815	17	7827	19778
Mar 20, 2021	151891	31	7253	16777
Mar 21, 2021	154130	15	7628	19181
Mar 22, 2021	155792	8	6822	17867
Mar 23, 2021	156695	20	5320	13971
Mar 24, 2021	160118	23	5541	15010
Mar 25, 2021	164025	18	6346	24367
Mar 26, 2021	167220	41	7783	27845
Mar 27, 2021	171021	23	7635	23854
Mar 28, 2021	173345	17	7676	25509
Mar 29, 2021	175098	20	8218	23768
Mar 30, 2021	176265	29	6675	13726
Mar 31, 2021	180143	27	6685	20254
Apr 01, 2021	183993	14	5386	29070
Apr 02, 2021	186235	12	8734	34745
Apr 03, 2021	189765	31	8898	32439
Apr 04, 2021	191925	12	8285	30875
Apr 05, 2021	191897	22	8505	27269
Apr 06, 2021	192909	27	7117	18120
Apr 07, 2021	195426	17	6822	21807
Apr 08, 2021	198893	20	8471	31272
Apr 09, 2021	201274	14	9611	35289
Apr 10, 2021	203634	22	9210	28236
Apr 11, 2021	205823	11	8060	26481
Apr 12, 2021	206093	13	8013	21873
Apr 13, 2021	206808	31	6200	10146
Apr 14, 2021	206737	11	5337	8837
Apr 15, 2021	210556	22	8649	16594
Apr 16, 2021	213513	22	7271	29989
Apr 17, 2021	215673	21	7758	25924
Apr 18, 2021	216812	3	5755	23833
Apr 19, 2021	216321	17	5508	19674
Apr 20, 2021	216183	32	9187	11578
Apr 21, 2021	218400	24	7725	14557
Apr 22, 2021	222454	23	7273	20670
Apr 23, 2021	224083	22	6789	21202
Apr 24, 2021	224444	29	7481	16753
Apr 25, 2021	224904	4	7399	15593
Apr 26, 2021	222286	16	6553	12031
Apr 27, 2021	220195	44	5858	6938
Apr 28, 2021	222135	16	5518	9806
Apr 29, 2021	223567	14	6356	13030
Apr 30, 2021	223693	10	6013	14048
May 01, 2021	221640	13	5515	10110
May 02, 2021	219899	13	4446	8876
May 03, 2021	221429	7	4436	7087
May 04, 2021	222325	17	2829	3753
May 05, 2021	224287	15	5326	6067
May 06, 2021	225537	18	4549	8308
May 07, 2021	226666	12	4632	8020
May 08, 2021	226300	18	4148	6422
May 09, 2021	225231	6	3162	6533
May 10, 2021	223373	11	3422	4211
May 11, 2021	220673	13	2690	2274
May 12, 2021	220384	10	2462	2232
May 13, 2021	219718	16	2754	4526
May 14, 2021	219848	15	3328	6358
May 15, 2021	215557	8	3852	5339
May 16, 2021	211101	6	3381	4729
May 17, 2021	205641	2	2719	3513
May 18, 2021	202454	9	2042	1716
May 19, 2021	199885	12	2320	3088
May 20, 2021	197698	14	2502	4011
May 21, 2021	193375	8	2735	3655
May 22, 2021	186932	9	2382	3038
May 23, 2021	181151	3	2121	2955
May 24, 2021	175774	3	1530	1947
May 25, 2021	170224	14	1377	955
May 26, 2021	166775	5	1419	1902
May 27, 2021	164761	5	1714	2228
May 28, 2021	159972	3	1561	1964
May 29, 2021	156091	0	1377	1547
May 30, 2021	151058	3	1205	1467
May 31, 2021	147342	3	1041	983
Jun 01, 2021	144144	1	852	467
Jun 02, 2021	137454	4	1032	988
Jun 03, 2021	132468	2	1016	1186
Jun 04, 2021	127582	2	1064	960
Jun 05, 2021	122919	2	888	877
Jun 06, 2021	116974	1	686	727
Jun 07, 2021	110941	1	701	463
Jun 08, 2021	105805	3	559	307
Jun 09, 2021	101670	4	686	448
Jun 10, 2021	97715	1	652	593
Jun 11, 2021	92741	5	700	519
Jun 12, 2021	87933	0	641	297
Jun 13, 2021	83456	1	552	355
Jun 14, 2021	79864	0	498	221
Jun 15, 2021	76459	4	557	104
Jun 16, 2021	74645	0	538	351
Jun 17, 2021	70385	3	634	344
Jun 18, 2021	66724	7	825	315
Jun 19, 2021	62779	1	941	282
Jun 20, 2021	59333	0	1125	172
Jun 21, 2021	56728	1	1215	125
Jun 22, 2021	53989	1	1519	66
Jun 23, 2021	51953	2	2209	206
Jun 24, 2021	50190	2	3646	164
Jun 25, 2021	48078	2	5431	151
Jun 26, 2021	45306	1	6926	162
Jun 27, 2021	41952	0	10283	159
Jun 28, 2021	39125	1	9318	78
Jun 29, 2021	36944	3	8441	28
Jun 30, 2021	35537	1	7821	119
Jul 01, 2021	34035	3	10426	98
Jul 02, 2021	32476	2	10976	68
Jul 03, 2021	30873	0	11297	93
Jul 04, 2021	29706	1	11036	63
Jul 05, 2021	29103	2	10135	37
Jul 06, 2021	29781	5	8874	28
Jul 07, 2021	32049	3	6699	79
Jul 08, 2021	36061	3	6897	37
Jul 09, 2021	41274	3	6233	49
Jul 10, 2021	49998	4	6395	47
Jul 11, 2021	57939	4	5269	72
Jul 12, 2021	65172	1	4584	27
Jul 13, 2021	71952	3	3851	0
Jul 14, 2021	81526	8	3957	51
Jul 15, 2021	91469	3	3455	88
Jul 16, 2021	101753	6	4415	208
Jul 17, 2021	111726	6	3387	33
Jul 18, 2021	120971	2	2925	50
Jul 19, 2021	129155	0	2304	0
Jul 20, 2021	135152	3	2094	0
Jul 21, 2021	141492	7	2184	54
Jul 22, 2021	147039	11	2763	84
Jul 23, 2021	152781	8	3358	49
Jul 24, 2021	157349	9	2907	58
Jul 25, 2021	161295	2	2392	80
Jul 26, 2021	164595	2	2292	48
Jul 27, 2021	168047	7	2026	39
Jul 28, 2021	170945	9	2161	83
Jul 29, 2021	174824	7	2112	79
Jul 30, 2021	177574	6	2563	92
Jul 31, 2021	179678	6	2677	107
Aug 01, 2021	181047	3	2303	93
Aug 02, 2021	182015	6	2253	34
Aug 03, 2021	182977	5	2228	47
Aug 04, 2021	184213	7	2306	116
Aug 05, 2021	185361	6	2777	127
Aug 06, 2021	184624	6	2488	135
Aug 07, 2021	181591	8	2209	124
Aug 08, 2021	176964	5	2408	141
Aug 09, 2021	168702	4	2453	53
Aug 10, 2021	161538	11	2390	74
Aug 11, 2021	155209	7	2437	123
Aug 12, 2021	149954	7	2828	140
Aug 13, 2021	142206	4	2594	169
Aug 14, 2021	133536	9	2815	130
Aug 15, 2021	124492	2	2450	128
Aug 16, 2021	115682	2	2289	102
Aug 17, 2021	107852	12	2171	45
Aug 18, 2021	101754	2	2312	193
Aug 19, 2021	97544	5	2827	110
Aug 20, 2021	92854	9	2773	127
Aug 21, 2021	89030	9	2540	125
Aug 22, 2021	85092	2	2691	174
Aug 23, 2021	82207	3	2347	38
Aug 24, 2021	80057	8	2115	0
Aug 25, 2021	79038	7	2456	152
Aug 26, 2021	77678	3	2781	128
Aug 27, 2021	77036	4	2362	73
Aug 28, 2021	75073	6	2687	147
Aug 29, 2021	73982	1	2198	199
Aug 30, 2021	73218	4	2082	30
Aug 31, 2021	73226	10	1739	0
Sep 01, 2021	73966	7	2009	93
Sep 02, 2021	74548	7	2354	97
Sep 03, 2021	74321	10	2098	56
Sep 04, 2021	73661	4	2138	197
Sep 05, 2021	73107	3	2000	218
Sep 06, 2021	72824	9	1663	0
Sep 07, 2021	72984	5	1326	0
Sep 08, 2021	73744	4	1664	31
Sep 09, 2021	73948	12	1900	205
Sep 10, 2021	74520	3	1823	120
Sep 11, 2021	74158	2	1681	273
Sep 12, 2021	73565	1	1592	239
Sep 13, 2021	72992	4	1597	0
Sep 14, 2021	72745	8	1387	-101
Sep 15, 2021	72874	6	1707	124
Sep 16, 2021	72663	2	1755	176
Sep 17, 2021	72027	6	1703	208
Sep 18, 2021	71546	5	1713	463
Sep 19, 2021	70995	1	1658	429
Sep 20, 2021	69911	2	1603	-72
Sep 21, 2021	69127	7	1624	0
Sep 22, 2021	68630	3	1882	196
Sep 23, 2021	68017	6	1895	402
Sep 24, 2021	66880	2	2746	338
Sep 25, 2021	65880	2	2761	573
Sep 26, 2021	64660	0	2501	659
Sep 27, 2021	63590	5	2258	107
Sep 28, 2021	63006	6	2711	17
Sep 29, 2021	62596	12	2887	352
Sep 30, 2021	61987	4	3716	603
Oct 01, 2021	60870	6	3623	620
Oct 02, 2021	59760	5	3709	649
Oct 03, 2021	58826	6	3702	747
Oct 04, 2021	57753	2	3672	136
Oct 05, 2021	57287	13	3354	12
Oct 06, 2021	57068	10	3895	578
Oct 07, 2021	57359	7	4574	760
Oct 08, 2021	57343	10	5195	842
Oct 09, 2021	57484	23	5868	1090
Oct 10, 2021	57052	1	5676	1167
Oct 11, 2021	57559	6	6290	492
Oct 12, 2021	58357	20	5296	214
Oct 13, 2021	60336	16	5747	805
Oct 14, 2021	61956	15	7260	1457
Oct 15, 2021	63310	13	7683	1437
Oct 16, 2021	64914	13	7389	1728
Oct 17, 2021	66451	14	7942	1716
Oct 18, 2021	67798	12	8172	759
Oct 19, 2021	70022	18	7694	127
Oct 20, 2021	73276	33	7727	1401
Oct 21, 2021	76807	23	9109	1767
Oct 22, 2021	80759	20	10214	2054
Oct 23, 2021	84621	36	10911	2484
Oct 24, 2021	89247	8	11954	2770
Oct 25, 2021	92932	22	11349	1219
Oct 26, 2021	97072	29	11804	464
Oct 27, 2021	102950	25	11282	2791
Oct 28, 2021	108929	26	12648	4171
Oct 29, 2021	114565	32	16287	4496
Oct 30, 2021	120803	33	16204	4928
Oct 31, 2021	127263	6	13848	6034
Nov 01, 2021	133295	16	12024	4050
Nov 02, 2021	139398	35	19197	1400
Nov 03, 2021	146878	44	20168	4532
Nov 04, 2021	155223	34	20760	6503
Nov 05, 2021	164226	37	23591	6805
Nov 06, 2021	173446	55	21026	8023
Nov 07, 2021	182048	11	21794	9010
Nov 08, 2021	191330	29	20643	5133
Nov 09, 2021	200351	53	23002	2736
Nov 10, 2021	210291	50	22956	3157
Nov 11, 2021	223684	60	23709	9828
Nov 12, 2021	236165	59	22184	13824
Nov 13, 2021	246416	55	21278	14613
Nov 14, 2021	254748	45	22031	14590
Nov 15, 2021	270214	32	22133	9821
Nov 16, 2021	286682	65	21443	4876
Nov 17, 2021	304089	45	22154	11367
Nov 18, 2021	323792	65	18515	15702
Nov 19, 2021	340223	62	23043	17070
Nov 20, 2021	356848	56	21529	11805
Nov 21, 2021	371649	26	22613	13953
Nov 22, 2021	388933	34	23078	11520
Nov 23, 2021	405578	68	20965	6258
Nov 24, 2021	423984	72	17911	14449
Nov 25, 2021	440412	77	18062	21451
Nov 26, 2021	454435	85	19763	22630
Nov 27, 2021	468797	70	17471	22204
Nov 28, 2021	483564	38	17712	22459
Nov 29, 2021	497045	28	16588	15680
Nov 30, 2021	511014	74	13783	10077
Dec 01, 2021	521835	41	12760	17690
Dec 02, 2021	537134	55	13469	25041
Dec 03, 2021	549563	60	16323	25616
Dec 04, 2021	561998	50	15367	25390
Dec 05, 2021	574187	48	14616	25489
Dec 06, 2021	583156	36	13259	16922
Dec 07, 2021	589680	30	12154	10055
Dec 08, 2021	595929	47	9304	16827
Dec 09, 2021	604397	40	13344	25459
Dec 10, 2021	609227	40	13332	26546
Dec 11, 2021	610699	44	12423	25554
Dec 12, 2021	611125	11	12564	25126
Dec 13, 2021	611024	12	11886	19070
Dec 14, 2021	611747	75	11432	10909
Dec 15, 2021	606038	49	9111	17306
Dec 16, 2021	602174	40	15708	24693
Dec 17, 2021	596786	32	14778	26092
Dec 18, 2021	587823	27	16706	23670
Dec 19, 2021	580070	6	15570	22887
Dec 20, 2021	570448	14	17478	16527
Dec 21, 2021	559098	19	14536	8955
Dec 22, 2021	549430	39	18506	16218
Dec 23, 2021	539813	12	24490	22246
Dec 24, 2021	528523	24	24575	21012
Dec 25, 2021	518932	8	34872	19606
Dec 26, 2021	509572	7	27890	18862
Dec 27, 2021	498909	8	32484	13618
Dec 28, 2021	485850	18	27891	6788
Dec 29, 2021	480150	8	29039	11588
Dec 30, 2021	472791	13	32043	15829
Dec 31, 2021	470995	15	33344	15573
Jan 01, 2022	463548	6	35452	14752
Jan 02, 2022	459510	7	31853	9622
Jan 03, 2022	451420	3	36231	3168
Jan 04, 2022	446823	10	42352	2125
Jan 05, 2022	450355	10	40440	8212
Jan 06, 2022	457034	10	47295	13952
Jan 07, 2022	473848	12	49015	12542
Jan 08, 2022	481992	10	66566	12510
Jan 09, 2022	497005	1	55152	11763
Jan 10, 2022	507173	8	74420	3459
Jan 11, 2022	519624	8	73725	3786
Jan 12, 2022	537889	12	63255	9876
Jan 13, 2022	558466	14	67711	14154
Jan 14, 2022	580456	9	73650	14400
Jan 15, 2022	595994	8	83114	10364
Jan 16, 2022	616861	2	48539	9674
Jan 17, 2022	644594	0	84259	6088
Jan 18, 2022	671768	5	121277	1950
Jan 19, 2022	706909	16	114935	5629
Jan 20, 2022	746618	10	76064	9691
Jan 21, 2022	799840	7	91967	11404
Jan 22, 2022	841671	3	78012	12992
Jan 23, 2022	903670	10	49218	14103
Jan 24, 2022	964824	9	103980	5006
Jan 25, 2022	1016189	4	86715	1741
Jan 26, 2022	1072462	0	189377	12269
Jan 27, 2022	1137004	7	86538	24852
Jan 28, 2022	1204416	15	86779	30243
Jan 29, 2022	1238184	19	80610	36950
Jan 30, 2022	1305745	12	70351	40461
Jan 31, 2022	1427019	7	60157	29602
Feb 01, 2022	1508895	6	55011	22127
Feb 02, 2022	1570429	12	53506	33854
Feb 03, 2022	1643893	18	63871	53712
Feb 04, 2022	1697419	17	56378	59421
Feb 05, 2022	1722055	16	49283	61293
Feb 06, 2022	1791164	10	33597	56889
Feb 07, 2022	1849994	8	36437	43571
Feb 08, 2022	2039375	6	35987	32881
Feb 09, 2022	2065531	18	34665	44623
Feb 10, 2022	2123263	11	40569	56326
Feb 11, 2022	2171826	13	41177	55030
Feb 12, 2022	2208840	8	37540	49001
Feb 13, 2022	2233550	6	32896	48114
Feb 14, 2022	2256709	3	27383	33237
Feb 15, 2022	2273978	6	28854	22163
Feb 16, 2022	2295491	16	36488	30587
Feb 17, 2022	2311430	12	48489	40977
Feb 18, 2022	2313419	7	58283	37372
Feb 19, 2022	2298007	10	68309	32419
Feb 20, 2022	2267880	9	67208	34181
Feb 21, 2022	2248717	4	66799	44530
Feb 22, 2022	2208950	0	64441	34541
Feb 23, 2022	2175801	12	66231	33455
Feb 24, 2022	2153721	10	74236	17336
Feb 25, 2022	2123555	41	74518	10865
Feb 26, 2022	2082803	13	69186	7572
Feb 27, 2022	2027075	11	60043	18060
Feb 28, 2022	2007387	8	52326	16138
Mar 01, 2022	1959606	6	45892	13819
Mar 02, 2022	1886822	12	52897	12389
Mar 03, 2022	1830175	11	60263	10502
Mar 04, 2022	1822417	19	53667	5901
Mar 05, 2022	1797659	19	54216	4715
Mar 06, 2022	1786451	11	41456	12049
Mar 07, 2022	1801678	8	34823	9990
Mar 08, 2022	1763917	3	31921	9826
Mar 09, 2022	1751440	24	40534	8460
Mar 10, 2022	1636550	16	42788	8599
Mar 11, 2022	1619226	15	39086	4920
Mar 12, 2022	1592492	20	34989	3755
Mar 13, 2022	1564211	21	28150	11864
Mar 14, 2022	1539754	6	25020	9060
Mar 15, 2022	1532488	10	21462	8787
Mar 16, 2022	1537741	18	30677	7955
Mar 17, 2022	1537894	35	27783	7442
Mar 18, 2022	1528239	23	25416	4569
Mar 19, 2022	1513325	10	21787	3979
Mar 20, 2022	1498868	12	16918	11567
Mar 21, 2022	1497197	10	10773	9903
Mar 22, 2022	1501273	7	12324	8572
Mar 23, 2022	1508082	14	14032	8067
Mar 24, 2022	1512504	21	13085	7325
Mar 25, 2022	1506919	8	12810	3662
Mar 26, 2022	1493891	14	10903	2987
Mar 27, 2022	1481386	16	9888	9527
Mar 28, 2022	1469948	2	7170	10772
Mar 29, 2022	1473234	3	6626	11174
Mar 30, 2022	1472146	16	6267	7623
Mar 31, 2022	1461086	20	4943	6172
Apr 01, 2022	1434397	11	4694	2938
Apr 02, 2022	1393030	8	4133	1357
Apr 03, 2022	1335496	0	3495	0
Apr 04, 2022	1280615	0	2838	32
Apr 05, 2022	1227841	7	2075	0
Apr 06, 2022	1176478	5	2496	64
Apr 07, 2022	1123070	11	3498	63
Apr 08, 2022	1059731	18	2997	44
Apr 09, 2022	995099	9	2628	0
Apr 10, 2022	1002267	10	2036	0
Apr 11, 2022	879679	5	1578	79
Apr 12, 2022	833607	7	1356	55
Apr 13, 2022	792654	6	1896	36
Apr 14, 2022	744460	3	1739	86
Apr 15, 2022	688333	2	1245	64
Apr 16, 2022	691836	4	1679	34
Apr 17, 2022	641007	6	1596	8
Apr 18, 2022	588859	4	1291	0
Apr 19, 2022	515071	3	1273	64
Apr 20, 2022	486649	6	1757	56
Apr 21, 2022	449105	4	1679	54
Apr 22, 2022	408954	3	1669	67
Apr 23, 2022	410989	1	1303	34
Apr 24, 2022	373476	4	1482	6
Apr 25, 2022	311701	2	1234	59
Apr 26, 2022	288578	2	1027	62
Apr 27, 2022	290320	3	1580	57
Apr 28, 2022	239427	7	1395	61
Apr 29, 2022	213321	4	1425	61
Apr 30, 2022	214915	0	1273	31
May 01, 2022	190786	2	1327	25
May 02, 2022	153361	0	1008	28
May 03, 2022	144342	0	818	0
May 04, 2022	133699	3	1252	49
May 05, 2022	135369	0	1183	36
May 06, 2022	109557	4	1442	52
May 07, 2022	111036	5	1048	25
May 08, 2022	99458	1	1178	7
May 09, 2022	79698	0	764	39
May 10, 2022	74107	0	736	29
May 11, 2022	68872	3	1104	45
May 12, 2022	64033	4	1056	24
May 13, 2022	60367	0	1057	30
May 14, 2022	61692	0	903	12
May 15, 2022	58006	3	891	13
May 16, 2022	51198	1	826	18
May 17, 2022	49609	0	819	20
May 18, 2022	48720	4	1333	27
May 19, 2022	47662	2	1391	14
May 20, 2022	45211	1	1524	34
May 21, 2022	46393	0	1461	12
May 22, 2022	44160	1	1439	2
May 23, 2022	40233	0	1239	23
May 24, 2022	39756	0	977	45
May 25, 2022	39455	0	1418	30
May 26, 2022	40516	1	1853	27
May 27, 2022	37784	3	2441	24
May 28, 2022	38672	2	2235	4
May 29, 2022	38252	2	2421	3
May 30, 2022	35800	2	1893	12
May 31, 2022	35838	0	1778	12
Jun 01, 2022	35958	0	2884	20
Jun 02, 2022	35726	1	3419	12
Jun 03, 2022	35509	5	4169	31
Jun 04, 2022	36947	1	3855	4
Jun 05, 2022	36517	2	3830	7
Jun 06, 2022	36191	0	3474	5
Jun 07, 2022	34894	0	2915	14
Jun 08, 2022	35719	2	4794	12
Jun 09, 2022	36578	1	4821	9
Jun 10, 2022	37419	2	5502	5
Jun 11, 2022	39840	4	5184	6
Jun 12, 2022	40306	0	4848	3
Jun 13, 2022	39488	2	4481	2
Jun 14, 2022	41364	2	3504	8
Jun 15, 2022	43964	4	5780	16
Jun 16, 2022	46877	8	6271	2
Jun 17, 2022	49553	8	6510	7
Jun 18, 2022	53382	2	6083	8
Jun 19, 2022	55414	0	5655	2
Jun 20, 2022	56105	1	4274	8
Jun 21, 2022	60133	2	3803	5
Jun 22, 2022	64219	9	6661	7
Jun 23, 2022	68616	4	6422	10
Jun 24, 2022	72742	4	7305	6
Jun 25, 2022	77594	4	6702	3
Jun 26, 2022	81016	1	6173	6
Jun 27, 2022	82726	0	5135	5
Jun 28, 2022	87678	2	4098	4
Jun 29, 2022	93126	2	7354	3
Jun 30, 2022	98303	4	6819	8
Jul 01, 2022	103001	4	7051	10
Jul 02, 2022	108658	5	6527	5
Jul 03, 2022	111407	8	5617	2
Jul 04, 2022	112309	0	4177	5
Jul 05, 2022	117724	3	3233	3
Jul 06, 2022	123174	6	5013	5
Jul 07, 2022	129061	7	4503	6
Jul 08, 2022	133910	4	4494	6
Jul 09, 2022	140086	6	4635	3
Jul 10, 2022	142780	5	4169	2
Jul 11, 2022	142221	3	3272	7
Jul 12, 2022	147682	1	2481	8
Jul 13, 2022	152721	11	4449	9
Jul 14, 2022	156888	7	4120	18
Jul 15, 2022	159995	5	3680	4
Jul 16, 2022	165609	4	3238	3
Jul 17, 2022	165617	1	2884	0
Jul 18, 2022	161170	0	2377	9
Jul 19, 2022	162706	4	2067	12
Jul 20, 2022	164293	3	3295	6
Jul 21, 2022	163996	6	2919	15
Jul 22, 2022	163808	3	2433	10
Jul 23, 2022	167978	2	2475	3
Jul 24, 2022	165745	12	2034	2
Jul 25, 2022	158201	4	1611	1
Jul 26, 2022	158159	1	1225	1
Jul 27, 2022	158779	4	2168	0
Jul 28, 2022	156681	4	2117	1
Jul 29, 2022	153649	2	1762	7
Jul 30, 2022	156536	4	1882	6
Jul 31, 2022	152403	4	1668	4
Aug 01, 2022	142729	0	1364	4
Aug 02, 2022	141751	0	971	3
Aug 03, 2022	140864	10	1913	5
Aug 04, 2022	136639	7	1680	3
Aug 05, 2022	132693	2	1366	4
Aug 06, 2022	134717	9	1435	7
Aug 07, 2022	129019	6	1277	2
Aug 08, 2022	117384	1	1010	0
Aug 09, 2022	114414	2	772	0
Aug 10, 2022	112433	4	1366	4
Aug 11, 2022	106843	3	1262	1
Aug 12, 2022	101904	2	1205	8
Aug 13, 2022	103572	2	1156	9
Aug 14, 2022	97885	2	1185	9
Aug 15, 2022	86717	1	850	3
Aug 16, 2022	84442	1	777	10
Aug 17, 2022	82892	1	1286	18
Aug 18, 2022	79250	1	1200	7
Aug 19, 2022	76175	3	1173	0
Aug 20, 2022	77455	2	1208	0
Aug 21, 2022	73970	0	1127	0
Aug 22, 2022	65943	0	884	0
Aug 23, 2022	64035	0	801	0
Aug 24, 2022	62817	4	1453	0
Aug 25, 2022	59574	2	1462	0
Aug 26, 2022	56610	1	1345	0
Aug 27, 2022	57795	1	1219	0
Aug 28, 2022	54964	3	1176	0
Aug 29, 2022	49621	0	888	0
Aug 30, 2022	48530	1	733	0
Aug 31, 2022	47663	3	1496	0
Sep 01, 2022	45539	2	1403	0
Sep 02, 2022	43829	1	1522	0
Sep 03, 2022	44958	3	1383	0
Sep 04, 2022	43409	1	1147	0
Sep 05, 2022	41735	0	898	0
Sep 06, 2022	39539	0	770	0
Sep 07, 2022	41003	3	1681	0
Sep 08, 2022	41122	2	1700	0
Sep 09, 2022	38058	1	1756	0
Sep 10, 2022	39232	4	1927	0
Sep 11, 2022	38358	0	1625	0
Sep 12, 2022	37208	2	1449	0
Sep 13, 2022	35673	1	1189	0
Sep 14, 2022	37077	3	2614	0
Sep 15, 2022	37627	3	2521	0
Sep 16, 2022	35417	2	2934	0
Sep 17, 2022	36566	2	3070	0
Sep 18, 2022	36098	4	2794	0
Sep 19, 2022	35433	0	2116	0
Sep 20, 2022	34825	2	1737	0
Sep 21, 2022	36526	7	3843	0
Sep 22, 2022	37509	11	3782	0
Sep 23, 2022	36807	7	4060	0
Sep 24, 2022	38436	11	3761	0
Sep 25, 2022	38678	3	3572	0
Sep 26, 2022	38710	0	2475	0
Sep 27, 2022	39289	1	2039	0
Sep 28, 2022	41810	6	3982	0
Sep 29, 2022	43965	10	3668	0
Sep 30, 2022	44552	7	3724	0
Oct 01, 2022	47344	2	3648	0
Oct 02, 2022	48287	4	3362	0
Oct 03, 2022	48814	0	2358	0
Oct 04, 2022	50645	1	1954	0
Oct 05, 2022	54423	21	3967	0
Oct 06, 2022	57675	11	3366	0
Oct 07, 2022	59972	7	2684	0
Oct 08, 2022	62079	5	952	0
Oct 09, 2022	63209	3	4790	0
Oct 10, 2022	64028	0	1691	0
Oct 11, 2022	65973	0	1502	0
Oct 12, 2022	69637	11	2633	0
Oct 13, 2022	72621	12	2415	0
Oct 14, 2022	73385	9	2114	0
Oct 15, 2022	76745	5	1980	0
Oct 16, 2022	77581	6	1579	0
Oct 17, 2022	78151	1	1184	0
Oct 18, 2022	80057	0	1101	0
Oct 19, 2022	83433	7	1972	0
Oct 20, 2022	85340	9	1456	0
Oct 21, 2022	82924	9	1382	0
Oct 22, 2022	87716	3	1225	0
Oct 23, 2022	87651	4	1095	0
Oct 24, 2022	87226	4	706	0
Oct 25, 2022	86777	1	616	0
Oct 26, 2022	89191	2	1232	0
Oct 27, 2022	90107	5	1089	0
Oct 28, 2022	86968	8	1086	0
Oct 29, 2022	88546	1	962	0
Oct 30, 2022	86795	2	608	0
Oct 31, 2022	84826	2	640	0
Nov 01, 2022	81888	2	631	0
Nov 02, 2022	83342	9	1053	0
Nov 03, 2022	82978	2	965	0
Nov 04, 2022	76575	3	879	0
Nov 05, 2022	77687	2	853	0
Nov 06, 2022	74329	2	579	0
Nov 07, 2022	71183	1	553	0
Nov 08, 2022	68841	1	603	0
Nov 09, 2022	67450	4	970	0
Nov 10, 2022	66489	0	775	0
Nov 11, 2022	59811	2	859	0
Nov 12, 2022	60431	5	814	0
Nov 13, 2022	57345	0	565	0
Nov 14, 2022	54326	0	579	0
Nov 15, 2022	49650	0	510	0
Nov 16, 2022	50628	2	1046	0
Nov 17, 2022	49550	4	882	0
Nov 18, 2022	43068	3	959	0
Nov 19, 2022	43652	4	932	0
Nov 20, 2022	41520	0	652	0
Nov 21, 2022	41170	0	549	0
Nov 22, 2022	35655	2	507	0
Nov 23, 2022	36438	4	938	0
Nov 24, 2022	35793	4	834	0
Nov 25, 2022	31554	4	1126	0
Nov 26, 2022	32126	2	935	0
Nov 27, 2022	30591	0	642	0
Nov 28, 2022	29121	0	685	0
Nov 29, 2022	27402	1	419	0
Nov 30, 2022	28282	2	1162	0
Dec 01, 2022	28137	2	1017	0
Dec 02, 2022	25637	1	1027	0
Dec 03, 2022	26300	0	868	0
Dec 04, 2022	25467	2	578	0
Dec 05, 2022	24747	2	579	0
Dec 06, 2022	23880	3	691	0
Dec 07, 2022	24716	3	1137	0
Dec 08, 2022	25222	6	1364	0
Dec 09, 2022	23834	6	1278	0
Dec 10, 2022	24486	3	1235	0
Dec 11, 2022	24085	1	709	0
Dec 12, 2022	23541	1	766	0
Dec 13, 2022	23453	1	722	0
Dec 14, 2022	24471	0	659	0
Dec 15, 2022	24866	8	1278	0
Dec 16, 2022	23716	7	1219	0
Dec 17, 2022	24295	4	882	0
Dec 18, 2022	23993	0	766	0
Dec 19, 2022	23828	0	766	0
Dec 20, 2022	23830	0	766	0
Dec 21, 2022	25198	0	766	0
Dec 22, 2022	25867	0	766	0
Dec 23, 2022	25354	0	768	0
Dec 24, 2022	26077	0	805	0
Dec 25, 2022	25983	0	356	0
Dec 26, 2022	25890	0	257	0
Dec 27, 2022	25405	0	486	0
Dec 28, 2022	26678	0	793	0
Dec 29, 2022	27380	0	264	0
Dec 30, 2022	26330	0	349	0
Dec 31, 2022	27115	0	345	0
Jan 01, 2023	26922	0	375	0
Jan 02, 2023	26756	0	246	0
Jan 03, 2023	26870	0	258	0
Jan 04, 2023	27087	0	458	0
Jan 05, 2023	27348	0	294	0
Jan 06, 2023	27215	0	336	0
Jan 07, 2023	26737	0	283	0
Jan 08, 2023	25868	0	154	0
Jan 09, 2023	25419	0	217	0
Jan 10, 2023	24885	0	103	0
Jan 11, 2023	25149	0	354	0
Jan 12, 2023	25079	0	280	0
Jan 13, 2023	24262	0	280	0
Jan 14, 2023	22593	0	302	0
Jan 15, 2023	22839	0	177	0
Jan 16, 2023	22229	0	210	0
Jan 17, 2023	22109	0	186	0
Jan 18, 2023	21133	0	506	0
Jan 19, 2023	21469	0	356	0
Jan 20, 2023	19251	0	432	0
Jan 21, 2023	19405	0	381	0
Jan 22, 2023	18344	0	187	0
Jan 23, 2023	17212	0	246	0
Jan 24, 2023	16091	3	252	0
Jan 25, 2023	16371	0	671	0
Jan 26, 2023	15929	0	407	0
Jan 27, 2023	14294	0	544	0
Jan 28, 2023	14471	0	396	0
Jan 29, 2023	13462	0	238	0
Jan 30, 2023	12766	0	235	0
Jan 31, 2023	11740	0	259	0
Feb 01, 2023	12096	0	815	0
Feb 02, 2023	11762	0	636	0
Feb 03, 2023	10611	0	604	0
Feb 04, 2023	10798	0	566	0
Feb 05, 2023	10276	0	290	0
Feb 06, 2023	9720	0	387	0
Feb 07, 2023	10035	0	329	0
Feb 08, 2023	9699	0	990	0
Feb 09, 2023	10246	0	324	0
Feb 10, 2023	9585	0	297	0
Feb 11, 2023	9823	0	336	0
Feb 12, 2023	9709	0	331	0
Feb 13, 2023	9623	0	1141	0
Feb 14, 2023	9817	0	1107	0
Feb 15, 2023	10453	0	1039	0
Feb 16, 2023	10799	0	710	0
Feb 17, 2023	10613	0	619	0
Feb 18, 2023	10903	0	557	0
Feb 19, 2023	10954	0	0	0
Feb 20, 2023	11000	0	0	0
Feb 21, 2023	11619	0	784	0
Feb 22, 2023	11943	0	1154	0
Feb 23, 2023	12137	0	747	0
Feb 24, 2023	12119	0	832	0
Feb 25, 2023	12170	0	567	0
Feb 26, 2023	13031	0	522	0
Feb 27, 2023	13659	0	445	0
Feb 28, 2023	14488	0	555	0
Mar 01, 2023	15198	0	945	0
Mar 02, 2023	15631	0	348	0
Mar 03, 2023	15326	0	437	0
Mar 04, 2023	15326	0	478	0
Mar 05, 2023	14894	0	144	0
Mar 06, 2023	15297	0	170	0
Mar 07, 2023	16018	0	189	0
Mar 08, 2023	16765	0	630	0
Mar 09, 2023	17345	0	323	0
Mar 10, 2023	16834	0	353	0
Mar 11, 2023	17356	0	318	0
Mar 12, 2023	17257	0	0	0
Mar 13, 2023	17416	0	0	0
Mar 14, 2023	17888	0	383	0
Mar 15, 2023	18236	0	473	0
Mar 16, 2023	18414	0	255	0
Mar 17, 2023	17441	0	224	0
Mar 18, 2023	17585	0	203	0
Mar 19, 2023	17151	0	0	0
Mar 20, 2023	16774	0	0	0
Mar 21, 2023	16727	0	132	0
Mar 22, 2023	17050	0	579	0
Mar 23, 2023	17074	0	0	0
Mar 24, 2023	16078	0	0	0
Mar 25, 2023	16078	0	0	0
Mar 26, 2023	15781	0	0	0
Mar 27, 2023	15828	0	0	0
Mar 28, 2023	14829	0	1105	0
Mar 29, 2023	15084	0	0	0
Mar 30, 2023	14201	0	0	0
Mar 31, 2023	12655	0	0	0
Apr 01, 2023	12655	0	0	0
Apr 02, 2023	12036	0	0	0
Apr 03, 2023	11611	0	0	0
Apr 04, 2023	12190	0	946	0
Apr 05, 2023	12190	0	0	0
Apr 06, 2023	11406	0	0	0
Apr 07, 2023	10252	0	0	0
Apr 08, 2023	9505	0	0	0
Apr 09, 2023	8673	0	0	0
Apr 10, 2023	9211	0	0	0
Apr 11, 2023	8689	0	836	0
Apr 12, 2023	8244	0	0	0
Apr 13, 2023	7689	0	0	0
Apr 14, 2023	6744	0	0	0
Apr 15, 2023	6396	0	0	0
Apr 16, 2023	5959	0	0	0
Apr 17, 2023	6427	0	0	0
Apr 18, 2023	6283	0	622	0
Apr 19, 2023	6113	0	0	0
Apr 20, 2023	5924	0	0	0
Apr 21, 2023	5294	0	0	0
Apr 22, 2023	4971	0	0	0
Apr 23, 2023	4618	0	0	0
Apr 24, 2023	5136	0	0	0
Apr 25, 2023	5136	0	591	0
Apr 26, 2023	5136	0	0	0
Apr 27, 2023	4753	0	0	0
Apr 28, 2023	4280	0	0	0
Apr 29, 2023	4025	0	0	0
Apr 30, 2023	3801	0	0	0
May 01, 2023	4220	0	0	0
May 02, 2023	4220	0	446	0
May 03, 2023	4220	0	0	0
May 04, 2023	4088	0	0	0
May 05, 2023	3509	0	0	0
May 06, 2023	3509	0	0	0
May 07, 2023	3509	0	0	0
May 08, 2023	4100	0	0	0
May 09, 2023	4100	0	296	0
May 10, 2023	4100	0	0	0
May 11, 2023	4100	0	0	0
May 12, 2023	4100	0	0	0
May 13, 2023	4100	0	0	0
May 14, 2023	4100	0	0	0
May 15, 2023	4546	0	0	0
May 16, 2023	4546	0	270	0
May 17, 2023	4546	0	0	0
May 18, 2023	4546	0	0	0
May 19, 2023	4546	0	0	0
May 20, 2023	4546	0	0	0
May 21, 2023	4546	0	0	0
May 22, 2023	4842	0	0	0
May 23, 2023	4842	0	286	0
May 24, 2023	4842	0	0	0
May 25, 2023	4842	0	0	0
May 26, 2023	4842	0	0	0
May 27, 2023	4842	0	0	0
May 28, 2023	4842	0	0	0
May 29, 2023	5112	0	0	0
May 30, 2023	5112	0	195	0
May 31, 2023	5112	0	0	0
Jun 01, 2023	5112	0	0	0
Jun 02, 2023	5112	0	0	0
Jun 03, 2023	5112	0	0	0
Jun 04, 2023	5112	0	0	0
Jun 05, 2023	5398	0	0	0
Jun 06, 2023	5398	0	164	0
Jun 07, 2023	5398	0	0	0
Jun 08, 2023	5398	0	0	0
Jun 09, 2023	5398	0	0	0
Jun 10, 2023	5398	0	0	0
Jun 11, 2023	5398	0	0	0
Jun 12, 2023	5593	0	0	0
Jun 13, 2023	5593	0	114	0
Jun 14, 2023	5593	0	0	0
Jun 15, 2023	5593	0	0	0
Jun 16, 2023	5593	0	0	0
Jun 17, 2023	5593	0	0	0
Jun 18, 2023	5593	0	0	0
Jun 19, 2023	5757	0	0	0
Jun 20, 2023	5757	0	126	0
Jun 21, 2023	5757	0	0	0
Jun 22, 2023	5757	0	0	0
Jun 23, 2023	5757	0	0	0
Jun 24, 2023	5757	0	0	0
Jun 25, 2023	5757	0	0	0
Jun 26, 2023	5871	0	0	0
Jun 27, 2023	5871	0	74	0
Jun 28, 2023	5871	0	0	0
Jun 29, 2023	5871	0	0	0
Jun 30, 2023	5871	0	0	0
Jul 01, 2023	5871	0	0	0
Jul 02, 2023	5871	0	0	0
Jul 03, 2023	5997	0	0	0
Jul 04, 2023	5997	0	83	0
Jul 05, 2023	5997	0	0	0
Jul 06, 2023	5997	0	0	0
Jul 07, 2023	5997	0	0	0
Jul 08, 2023	5997	0	0	0
Jul 09, 2023	5997	0	0	0
Jul 10, 2023	6071	0	0	0
Jul 11, 2023	6071	0	106	0
Jul 12, 2023	6071	0	0	0
Jul 13, 2023	6071	0	0	0
Jul 14, 2023	6071	0	0	0
Jul 15, 2023	6071	0	0	0
Jul 16, 2023	6071	0	0	0
Jul 17, 2023	6154	0	0	0
Jul 18, 2023	6154	0	88	0
Jul 19, 2023	6154	0	0	0
Jul 20, 2023	6154	0	0	0
Jul 21, 2023	6154	0	0	0
Jul 22, 2023	6154	0	0	0
Jul 23, 2023	6154	0	0	0
Jul 24, 2023	6260	0	0	0
Jul 25, 2023	6260	0	128	0
Jul 26, 2023	6260	0	0	0
Jul 27, 2023	6260	0	0	0
Jul 28, 2023	6260	0	0	0
Jul 29, 2023	6260	0	0	0
Jul 30, 2023	6260	0	0	0
Jul 31, 2023	6348	0	0	0
Aug 01, 2023	6348	0	178	0
Aug 02, 2023	6348	0	0	0
Aug 03, 2023	6348	0	0	0
Aug 04, 2023	6348	0	0	0
Aug 05, 2023	6348	0	0	0
Aug 06, 2023	6348	0	0	0
Aug 07, 2023	6476	0	0	0
Aug 08, 2023	6476	0	200	0
Aug 09, 2023	6476	0	0	0
Aug 10, 2023	6476	0	0	0
Aug 11, 2023	6476	0	0	0
Aug 12, 2023	6476	0	0	0
Aug 13, 2023	6476	0	0	0
Aug 14, 2023	6654	0	0	0
Aug 15, 2023	6654	0	287	0
Aug 16, 2023	6654	0	0	0
Aug 17, 2023	6654	0	0	0
Aug 18, 2023	6654	0	0	0
Aug 19, 2023	6654	0	0	0
Aug 20, 2023	6654	0	0	0
Aug 21, 2023	6854	0	0	0
Aug 22, 2023	6854	0	259	0
Aug 23, 2023	6854	0	0	0
Aug 24, 2023	6854	0	0	0
Aug 25, 2023	6854	0	0	0
Aug 26, 2023	6854	0	0	0
Aug 27, 2023	6854	0	0	0
Aug 28, 2023	7141	0	0	0
Aug 29, 2023	7141	0	354	0
Aug 30, 2023	7141	0	0	0
Aug 31, 2023	7141	0	0	0
Sep 01, 2023	7141	0	0	0
Sep 02, 2023	7141	0	0	0
Sep 03, 2023	7141	0	0	0
Sep 04, 2023	7400	0	0	0
Sep 05, 2023	7400	0	393	0
Sep 06, 2023	7400	0	0	0
Sep 07, 2023	7400	0	0	0
Sep 08, 2023	7400	0	0	0
Sep 09, 2023	7400	0	0	0
Sep 10, 2023	7400	0	0	0
Sep 11, 2023	7754	0	0	0
Sep 12, 2023	7754	0	403	0
Sep 13, 2023	7754	0	0	0
Sep 14, 2023	1113	0	0	0
Sep 15, 2023	1113	0	0	0
Sep 16, 2023	1113	0	0	0
Sep 17, 2023	1113	0	0	0
Sep 18, 2023	1506	0	0	0
Sep 19, 2023	1506	0	345	0
Sep 20, 2023	1506	0	0	0
Sep 21, 2023	1316	0	0	0
Sep 22, 2023	1316	0	0	0
Sep 23, 2023	1316	0	0	0
Sep 24, 2023	1316	0	0	0
Sep 25, 2023	1719	0	0	0
Sep 26, 2023	1719	0	438	0
Sep 27, 2023	1719	0	0	0
Sep 28, 2023	1510	0	0	0
Sep 29, 2023	1510	0	0	0
Sep 30, 2023	1510	0	0	0
Oct 01, 2023	1510	0	0	0
Oct 02, 2023	1855	0	0	0
Oct 03, 2023	1855	0	346	0
Oct 04, 2023	1855	0	0	0
Oct 05, 2023	1564	0	0	0
Oct 06, 2023	1564	0	0	0
Oct 07, 2023	1564	0	0	0
Oct 08, 2023	1564	0	0	0
Oct 09, 2023	2002	0	0	0
Oct 10, 2023	2002	0	0	0
Oct 11, 2023	2002	0	0	0
Oct 12, 2023	1649	0	0	0
Oct 13, 2023	1649	0	0	0
Oct 14, 2023	1649	0	0	0
Oct 15, 2023	1649	0	0	0
Oct 16, 2023	1995	0	0	0
Oct 17, 2023	1995	0	0	0
Oct 18, 2023	1995	0	0	0
Oct 19, 2023	1574	0	0	0
Oct 20, 2023	1574	0	0	0
Oct 21, 2023	1574	0	0	0
Oct 22, 2023	1574	0	0	0
Oct 23, 2023	1574	0	920	0
Oct 24, 2023	1574	0	0	0
Oct 25, 2023	1574	0	0	0
Oct 26, 2023	1236	0	0	0
Oct 27, 2023	1236	0	0	0
Oct 28, 2023	1236	0	0	0
Oct 29, 2023	1236	0	0	0
Oct 30, 2023	1236	0	903	0
Oct 31, 2023	1236	0	0	0
Nov 01, 2023	1236	0	0	0
Nov 02, 2023	799	0	0	0
Nov 03, 2023	799	0	0	0
Nov 04, 2023	799	0	0	0
Nov 05, 2023	1719	0	0	0
Nov 06, 2023	1719	0	868	0
Nov 07, 2023	1719	0	0	0
Nov 08, 2023	1719	0	0	0
Nov 09, 2023	1136	0	0	0
Nov 10, 2023	1136	0	0	0
Nov 11, 2023	1136	0	0	0
Nov 12, 2023	2039	0	0	0
Nov 13, 2023	2039	0	917	0
Nov 14, 2023	2039	0	0	0
Nov 15, 2023	2039	0	0	0
Nov 16, 2023	2039	0	0	0
Nov 17, 2023	2039	0	0	0
Nov 18, 2023	2039	0	0	0
Nov 19, 2023	2907	0	0	0
Nov 20, 2023	2907	0	1078	0
Nov 21, 2023	2907	0	0	0
Nov 22, 2023	2907	0	0	0
Nov 23, 2023	2907	0	0	0
Nov 24, 2023	2907	0	0	0
Nov 25, 2023	2907	0	0	0
Nov 26, 2023	3824	0	0	0
Nov 27, 2023	3824	0	1579	0
Nov 28, 2023	3824	0	0	0
Nov 29, 2023	3824	0	0	0
Nov 30, 2023	3824	0	0	0
Dec 01, 2023	3824	0	0	0
Dec 02, 2023	3824	0	0	0
Dec 03, 2023	4902	0	0	0
Dec 04, 2023	4902	0	1793	0
Dec 05, 2023	4902	0	0	0
Dec 06, 2023	4902	0	0	0
Dec 07, 2023	4902	0	0	0
Dec 08, 2023	4902	0	0	0
Dec 09, 2023	4902	0	0	0
Dec 10, 2023	6481	0	0	0
Dec 11, 2023	6265	0	1572	0
Dec 12, 2023	6265	0	0	0
Dec 13, 2023	6265	0	0	0
Dec 14, 2023	6265	0	0	0
Dec 15, 2023	6265	0	0	0
Dec 16, 2023	6265	0	0	0
Dec 17, 2023	8058	0	0	0
Dec 18, 2023	8058	0	1349	0
Dec 19, 2023	8058	0	0	0
Dec 20, 2023	8058	0	0	0
Dec 21, 2023	8058	0	0	0
Dec 22, 2023	8058	0	0	0
Dec 23, 2023	8058	0	0	0
Dec 24, 2023	9630	0	0	0
Dec 25, 2023	9630	0	1010	0
Dec 26, 2023	9630	0	0	0
Dec 27, 2023	9630	0	0	0
Dec 28, 2023	9630	0	0	0
Dec 29, 2023	9630	0	0	0
Dec 30, 2023	9630	0	0	0
Dec 31, 2023	10979	0	0	0
Jan 01, 2024	10979	0	754	0
Jan 02, 2024	10979	0	0	0
Jan 03, 2024	10979	0	0	0
Jan 04, 2024	10979	0	0	0
Jan 05, 2024	10979	0	0	0
Jan 06, 2024	10979	0	0	0
Jan 07, 2024	11989	0	0	0
Jan 08, 2024	11989	0	598	0
Jan 09, 2024	11989	0	0	0
Jan 10, 2024	11989	0	0	0
Jan 11, 2024	11989	0	0	0
Jan 12, 2024	8830	0	0	0
Jan 13, 2024	8830	0	0	0
Jan 14, 2024	9584	0	0	0
Jan 15, 2024	9584	0	582	0
Jan 16, 2024	9584	0	0	0
Jan 17, 2024	4708	0	0	0
Jan 18, 2024	4708	0	0	0
Jan 19, 2024	4708	0	0	0
Jan 20, 2024	4708	0	0	0
Jan 21, 2024	5306	0	0	0
Jan 22, 2024	5283	0	498	0
Jan 23, 2024	5283	0	0	0
Jan 24, 2024	3711	0	0	0
Jan 25, 2024	3711	0	0	0
Jan 26, 2024	3711	0	0	0
Jan 27, 2024	3711	0	0	0
Jan 28, 2024	4293	0	0	0
Jan 29, 2024	4293	0	350	0
Jan 30, 2024	4293	0	0	0
Jan 31, 2024	2944	0	0	0
Feb 01, 2024	2944	0	0	0
Feb 02, 2024	2944	0	0	0
Feb 03, 2024	2944	0	0	0
Feb 04, 2024	3442	0	0	0
Feb 05, 2024	3442	0	239	0
Feb 06, 2024	3442	0	0	0
Feb 07, 2024	2432	0	0	0
Feb 08, 2024	2432	0	0	0
Feb 09, 2024	2432	0	0	0
Feb 10, 2024	2432	0	0	0
Feb 11, 2024	2782	0	0	0
Feb 12, 2024	2782	0	0	0
Feb 13, 2024	2782	0	0	0
Feb 14, 2024	2069	0	0	0
Feb 15, 2024	2069	0	0	0
Feb 16, 2024	2069	0	0	0
Feb 17, 2024	2069	0	0	0
Feb 18, 2024	2308	0	0	0
Feb 19, 2024	2308	0	0	0
Feb 20, 2024	2308	0	0	0
Feb 21, 2024	1686	0	0	0
Feb 22, 2024	1686	0	0	0
Feb 23, 2024	1686	0	0	0
Feb 24, 2024	1686	0	0	0
Feb 25, 2024	1686	0	0	0
Feb 26, 2024	1686	0	0	0
Feb 27, 2024	1150	0	0	0
Feb 28, 2024	1087	0	0	0
Feb 29, 2024	1087	0	0	0
Mar 01, 2024	1087	0	0	0
Mar 02, 2024	1087	0	0	0
Mar 03, 2024	1087	0	0	0
Mar 04, 2024	1087	0	0	0
Mar 05, 2024	1087	0	0	0
Mar 06, 2024	589	0	0	0
Mar 07, 2024	589	0	0	0
Mar 08, 2024	589	0	0	0
Mar 09, 2024	589	0	0	0
Mar 10, 2024	589	0	0	0
Mar 11, 2024	589	0	0	0
Mar 12, 2024	589	NA	NA	0
Mar 13, 2024	239	NA	NA	0
Mar 14, 2024	239	NA	NA	0
Mar 15, 2024	239	NA	NA	0
Mar 16, 2024	239	NA	NA	0
Mar 17, 2024	239	NA	NA	0
Mar 18, 2024	239	NA	NA	0
Mar 19, 2024	239	NA	NA	0
Mar 20, 2024	239	NA	NA	0
Mar 21, 2024	239	NA	NA	0
Mar 22, 2024	239	NA	NA	0
Mar 23, 2024	239	NA	NA	0
Mar 24, 2024	239	NA	NA	NA
