Dates	Active	Deaths	Newcases	recover
Feb 15, 2020	-2	0	2	0
Feb 16, 2020	-2	0	1	0
Feb 17, 2020	-2	0	1	0
Feb 18, 2020	-2	0	0	0
Feb 19, 2020	-2	0	0	0
Feb 20, 2020	-2	0	0	0
Feb 21, 2020	-2	0	0	0
Feb 22, 2020	-2	0	0	0
Feb 23, 2020	-2	0	1	0
Feb 24, 2020	-2	0	0	0
Feb 25, 2020	-2	0	0	0
Feb 26, 2020	-2	0	4	0
Feb 27, 2020	-2	0	1	0
Feb 28, 2020	0	0	3	0
Feb 29, 2020	2	0	11	0
Mar 01, 2020	3	0	18	0
Mar 02, 2020	4	0	10	1
Mar 03, 2020	3	0	30	0
Mar 04, 2020	3	1	11	0
Mar 05, 2020	2	0	26	0
Mar 06, 2020	2	0	47	0
Mar 07, 2020	2	0	40	0
Mar 08, 2020	3	0	50	3
Mar 09, 2020	0	0	67	0
Mar 10, 2020	0	0	53	0
Mar 11, 2020	4	0	39	0
Mar 12, 2020	5	0	72	0
Mar 13, 2020	8	0	114	0
Mar 14, 2020	19	1	136	0
Mar 15, 2020	36	0	135	0
Mar 16, 2020	46	0	150	0
Mar 17, 2020	76	0	104	0
Mar 18, 2020	87	2	125	0
Mar 19, 2020	111	3	168	0
Mar 20, 2020	155	0	136	0
Mar 21, 2020	195	1	184	0
Mar 22, 2020	244	0	209	0
Mar 23, 2020	311	2	261	0
Mar 24, 2020	362	1	306	0
Mar 25, 2020	400	3	357	0
Mar 26, 2020	469	2	409	0
Mar 27, 2020	581	8	268	0
Mar 28, 2020	709	9	416	31
Mar 29, 2020	804	15	387	0
Mar 30, 2020	939	9	456	0
Mar 31, 2020	1034	14	364	0
Apr 01, 2020	1145	25	397	0
Apr 02, 2020	1288	21	463	598
Apr 03, 2020	805	27	465	0
Apr 04, 2020	962	33	597	0
Apr 05, 2020	1138	38	642	0
Apr 06, 2020	1361	33	789	0
Apr 07, 2020	1634	57	528	0
Apr 08, 2020	1934	60	753	0
Apr 09, 2020	2283	50	1077	0
Apr 10, 2020	2501	61	1124	0
Apr 11, 2020	2856	77	1279	1139
Apr 12, 2020	2027	81	1001	71
Apr 13, 2020	2331	84	862	121
Apr 14, 2020	2490	98	880	161
Apr 15, 2020	2628	110	1263	0
Apr 16, 2020	2981	112	1081	0
Apr 17, 2020	3334	105	1471	0
Apr 18, 2020	3826	137	1564	502
Apr 19, 2020	3829	135	1393	0
Apr 20, 2020	4483	179	1428	0
Apr 21, 2020	4832	205	1480	0
Apr 22, 2020	5380	212	1156	0
Apr 23, 2020	6245	213	1661	0
Apr 24, 2020	7156	224	2046	4522
Apr 25, 2020	3689	261	1968	0
Apr 26, 2020	4429	276	2001	1205
Apr 27, 2020	3810	305	1613	732
Apr 28, 2020	3653	276	1347	2337
Apr 29, 2020	2303	313	2062	0
Apr 30, 2020	3071	381	1922	0
May 01, 2020	4161	347	2487	954
May 02, 2020	4424	406	2516	1070
May 03, 2020	4341	349	2180	0
May 04, 2020	5420	357	2142	2491
May 05, 2020	4052	448	2492	872
May 06, 2020	3888	441	2801	971
May 07, 2020	4137	399	2321	0
May 08, 2020	5784	396	3069	2533
May 09, 2020	4823	432	3056	1510
May 10, 2020	4882	408	3437	1276
May 11, 2020	4811	438	2854	0
May 12, 2020	5720	447	2566	2835
May 13, 2020	4500	477	3567	1055
May 14, 2020	4890	487	3575	1485
May 15, 2020	5405	538	3487	1976
May 16, 2020	5407	545	3332	1397
May 17, 2020	5645	524	2979	1481
May 18, 2020	5782	576	3254	2059
May 19, 2020	5639	578	2861	1937
May 20, 2020	5925	575	4017	1551
May 21, 2020	6120	558	4039	1781
May 22, 2020	6850	567	4586	2068
May 23, 2020	7271	542	4487	2194
May 24, 2020	7972	537	3710	2505
May 25, 2020	7784	592	3597	2466
May 26, 2020	7292	614	3096	2329
May 27, 2020	7916	609	4335	2164
May 28, 2020	8718	588	5041	2255
May 29, 2020	9362	612	4945	2972
May 30, 2020	9110	566	5391	2261
May 31, 2020	9262	593	3607	2455
Jun 01, 2020	9468	623	4281	3165
Jun 02, 2020	8541	680	3538	2817
Jun 03, 2020	9061	642	4748	2963
Jun 04, 2020	9495	665	5090	2177
Jun 05, 2020	11239	644	5846	3142
Jun 06, 2020	11940	588	5193	2954
Jun 07, 2020	12108	654	4870	2875
Jun 08, 2020	12176	683	5516	3214
Jun 09, 2020	11375	733	4725	3115
Jun 10, 2020	11862	679	6492	3182
Jun 11, 2020	13042	698	5613	4134
Jun 12, 2020	13155	666	6302	3703
Jun 13, 2020	14177	722	5617	3208
Jun 14, 2020	13854	685	4553	3135
Jun 15, 2020	14315	708	4181	4896
Jun 16, 2020	12249	709	3928	3172
Jun 17, 2020	13116	763	5608	3177
Jun 18, 2020	14266	750	5865	3740
Jun 19, 2020	15622	670	6960	4237
Jun 20, 2020	15908	645	6959	4354
Jun 21, 2020	15779	605	7138	3593
Jun 22, 2020	17097	686	4835	4839
Jun 23, 2020	16297	661	5061	4330
Jun 24, 2020	17798	634	6461	4870
Jun 25, 2020	17907	636	7222	0
Jun 26, 2020	23573	618	7516	0
Jun 27, 2020	28572	664	7114	0
Jun 28, 2020	32461	693	6292	0
Jun 29, 2020	35949	687	4627	0
Jun 30, 2020	39190	746	4837	0
Jul 01, 2020	44052	711	7280	0
Jul 02, 2020	49206	684	6348	0
Jul 03, 2020	55482	687	6614	0
Jul 04, 2020	61754	690	7492	2991
Jul 05, 2020	65211	730	7862	3295
Jul 06, 2020	66021	746	5483	4053
Jul 07, 2020	66283	815	5340	3989
Jul 08, 2020	67940	812	7081	4149
Jul 09, 2020	70201	727	6214	4435
Jul 10, 2020	72555	754	8712	4867
Jul 11, 2020	74048	720	7819	3755
Jul 12, 2020	75865	730	6970	3912
Jul 13, 2020	75850	747	5658	4299
Jul 14, 2020	75641	818	5134	4913
Jul 15, 2020	77190	790	7442	5153
Jul 16, 2020	77595	793	5939	4335
Jul 17, 2020	79081	807	7981	4972
Jul 18, 2020	80794	755	8732	4570
Jul 19, 2020	83331	743	9866	4417
Jul 20, 2020	83654	801	5010	4645
Jul 21, 2020	83548	793	4922	5097
Jul 22, 2020	84739	826	6347	4238
Jul 23, 2020	85889	733	6338	4806
Jul 24, 2020	89062	777	6804	6483
Jul 25, 2020	89621	719	6935	4486
Jul 26, 2020	91386	773	6706	4327
Jul 27, 2020	91944	780	4518	5272
Jul 28, 2020	91026	794	5738	4680
Jul 29, 2020	92994	773	6903	5690
Jul 30, 2020	92470	678	6048	5040
Jul 31, 2020	94733	744	7610	6431
Aug 01, 2020	96290	671	5800	6229
Aug 02, 2020	99256	727	6551	4547
Aug 03, 2020	98992	686	4592	6283
Aug 04, 2020	96945	752	3687	4577
Aug 05, 2020	97963	768	5685	4454
Aug 06, 2020	99079	712	5980	4140
Aug 07, 2020	101031	685	6995	4538
Aug 08, 2020	102743	642	6120	5252
Aug 09, 2020	103555	678	6692	3827
Aug 10, 2020	103568	645	4076	5528
Aug 11, 2020	103133	669	3656	4807
Aug 12, 2020	104560	687	5075	3835
Aug 13, 2020	106086	612	5438	4872
Aug 14, 2020	108212	609	6221	4146
Aug 15, 2020	109257	574	6013	5719
Aug 16, 2020	109515	582	6168	3729
Aug 17, 2020	109796	568	4263	4246
Aug 18, 2020	108669	622	3840	3960
Aug 19, 2020	109772	559	6686	4230
Aug 20, 2020	110963	584	5081	4101
Aug 21, 2020	113273	552	6130	4771
Aug 22, 2020	114070	549	6397	4083
Aug 23, 2020	116130	562	6524	3380
Aug 24, 2020	116264	519	4764	5252
Aug 25, 2020	114149	539	3599	3977
Aug 26, 2020	114708	543	5525	3657
Aug 27, 2020	115946	515	4798	3721
Aug 28, 2020	117931	487	5014	4188
Aug 29, 2020	119269	525	6127	4460
Aug 30, 2020	120452	511	5858	3453
Aug 31, 2020	120751	522	4551	4158
Sep 01, 2020	119911	542	3443	4635
Sep 02, 2020	121420	495	4926	3617
Sep 03, 2020	122389	480	4588	5297
Sep 04, 2020	122742	481	3285	4380
Sep 05, 2020	124278	467	4998	4087
Sep 06, 2020	126248	452	5335	3514
Sep 07, 2020	127046	455	3657	4447
Sep 08, 2020	125743	482	3012	4444
Sep 09, 2020	126342	423	4835	3823
Sep 10, 2020	126894	472	4941	3868
Sep 11, 2020	127568	428	5583	4914
Sep 12, 2020	128353	429	5576	3761
Sep 13, 2020	130021	461	5754	4098
Sep 14, 2020	130013	391	4012	4172
Sep 15, 2020	128893	444	3510	5273
Sep 16, 2020	128102	433	4590	3956
Sep 17, 2020	128301	412	5217	3392
Sep 18, 2020	127782	395	5264	3776
Sep 19, 2020	128609	362	4930	4032
Sep 20, 2020	129550	392	5021	3078
Sep 21, 2020	129737	419	3832	3680
Sep 22, 2020	128650	405	3417	3750
Sep 23, 2020	129330	420	4828	3505
Sep 24, 2020	130346	393	4580	4523
Sep 25, 2020	131013	403	5300	3444
Sep 26, 2020	132742	360	5263	3037
Sep 27, 2020	135099	381	4577	2590
Sep 28, 2020	136140	358	3175	3447
Sep 29, 2020	135845	368	3542	3667
Sep 30, 2020	136400	370	4295	2941
Oct 01, 2020	138306	347	4056	3589
Oct 02, 2020	139634	358	5514	4043
Oct 03, 2020	140163	357	6751	4012
Oct 04, 2020	140815	360	5447	4523
Oct 05, 2020	139764	345	4119	3884
Oct 06, 2020	138952	367	3699	3541
Oct 07, 2020	139872	357	5788	3417
Oct 08, 2020	140678	342	6845	22708
Oct 09, 2020	122928	349	6612	4482
Oct 10, 2020	123360	319	6604	3065
Oct 11, 2020	124553	375	6025	3030
Oct 12, 2020	124323	356	4360	3811
Oct 13, 2020	123698	414	4166	3580
Oct 14, 2020	123999	382	5942	2256
Oct 15, 2020	125417	367	5595	4361
Oct 16, 2020	126203	385	5948	4028
Oct 17, 2020	128541	366	6000	3464
Oct 18, 2020	130158	388	6151	3356
Oct 19, 2020	130533	396	4430	4458
Oct 20, 2020	129378	469	3763	4090
Oct 21, 2020	130607	426	5250	4453
Oct 22, 2020	132573	465	5225	4354
Oct 23, 2020	134366	451	5567	4684
Oct 24, 2020	135835	447	5931	5664
Oct 25, 2020	135749	435	6810	3616
Oct 26, 2020	136058	482	5887	4763
Oct 27, 2020	134979	491	4960	4355
Oct 28, 2020	136075	459	5746	4166
Oct 29, 2020	137045	474	7646	5028
Oct 30, 2020	137491	484	5658	4790
Oct 31, 2020	138217	463	5558	4202
Nov 01, 2020	139703	444	5860	4385
Nov 02, 2020	139304	451	3269	5376
Nov 03, 2020	137240	509	2874	5807
Nov 04, 2020	136174	487	1757	4175
Nov 05, 2020	136737	485	3918	4435
Nov 06, 2020	137384	510	4472	4430
Nov 07, 2020	138375	546	6426	4673
Nov 08, 2020	139966	464	6719	5037
Nov 09, 2020	140352	485	9187	5099
Nov 10, 2020	139728	506	7483	4770
Nov 11, 2020	140198	473	10794	5622
Nov 12, 2020	141749	507	10335	4729
Nov 13, 2020	142171	531	8107	5143
Nov 14, 2020	142055	498	12081	4021
Nov 15, 2020	143396	483	10008	4829
Nov 16, 2020	141353	500	6388	4010
Nov 17, 2020	139717	505	6472	3751
Nov 18, 2020	137218	539	8819	4074
Nov 19, 2020	136523	515	11251	4336
Nov 20, 2020	136144	475	11030	4367
Nov 21, 2020	137728	550	12127	4202
Nov 22, 2020	139695	545	11625	4174
Nov 23, 2020	144163	613	7455	5589
Nov 24, 2020	145444	550	6399	6823
Nov 25, 2020	148865	556	11006	6521
Nov 26, 2020	152123	545	11974	5544
Nov 27, 2020	154141	564	11897	0
Nov 28, 2020	165658	609	12253	9673
Nov 29, 2020	165384	555	12057	5143
Nov 30, 2020	166074	563	8608	5189
Dec 01, 2020	166794	629	5930	6231
Dec 02, 2020	168753	652	11228	6750
Dec 03, 2020	172602	607	10297	6664
Dec 04, 2020	176361	586	11799	9488
Dec 05, 2020	178414	581	12248	6744
Dec 06, 2020	182714	634	12129	6723
Dec 07, 2020	182812	631	6870	7369
Dec 08, 2020	181211	666	5370	7495
Dec 09, 2020	184056	617	12511	8118
Dec 10, 2020	187295	678	11653	6962
Dec 11, 2020	191552	657	12485	7912
Dec 12, 2020	195236	687	9679	7923
Dec 13, 2020	198683	712	4974	6716
Dec 14, 2020	199863	697	6217	9073
Dec 15, 2020	196023	731	5996	10335
Dec 16, 2020	196185	742	12099	7584
Dec 17, 2020	198156	727	12406	8089
Dec 18, 2020	201139	731	12159	8635
Dec 19, 2020	204021	749	11091	8718
Dec 20, 2020	206683	781	6359	6887
Dec 21, 2020	205885	763	5211	9326
Dec 22, 2020	201166	875	6464	8974
Dec 23, 2020	203828	789	11271	8946
Dec 24, 2020	205746	812	13345	10008
Dec 25, 2020	207411	825	13734	8660
Dec 26, 2020	207605	823	14362	7948
Dec 27, 2020	203808	861	16105	6902
Dec 28, 2020	202262	894	10003	9773
Dec 29, 2020	197591	951	7594	9890
Dec 30, 2020	198849	944	14395	8342
Dec 31, 2020	201969	924	15873	8024
Jan 01, 2021	205180	867	16468	8973
Jan 02, 2021	206431	963	21366	7137
Jan 03, 2021	204690	971	20523	7526
Jan 04, 2021	201404	994	11170	7403
Jan 05, 2021	199471	1072	8074	7303
Jan 06, 2021	202367	1020	18894	6831
Jan 07, 2021	207861	1121	20548	7503
Jan 08, 2021	212971	1028	22339	7406
Jan 09, 2021	218899	1151	21007	8377
Jan 10, 2021	225476	1106	20057	7168
Jan 11, 2021	227205	1160	10872	9951
Jan 12, 2021	223688	1246	8521	7981
Jan 13, 2021	228856	1189	17165	8304
Jan 14, 2021	235236	1184	17944	8963
Jan 15, 2021	241557	1211	18670	14189
Jan 16, 2021	247523	1245	16374	12593
Jan 17, 2021	254208	1217	15337	10705
Jan 18, 2021	253456	1345	7030	14213
Jan 19, 2021	245972	1343	5448	14461
Jan 20, 2021	249062	1367	4384	12998
Jan 21, 2021	255245	1417	12153	13198
Jan 22, 2021	262969	1341	13575	13962
Jan 23, 2021	268673	1320	13051	14198
Jan 24, 2021	273212	1281	13209	14310
Jan 25, 2021	268493	1357	6065	15428
Jan 26, 2021	260229	1371	3868	12784
Jan 27, 2021	263239	1333	10738	13865
Jan 28, 2021	265985	1245	11138	13548
Jan 29, 2021	269862	1170	10677	14833
Jan 30, 2021	270233	1178	10388	12158
Jan 31, 2021	272234	1164	9741	9329
Feb 01, 2021	268771	1112	4099	13355
Feb 02, 2021	259752	1191	3098	10734
Feb 03, 2021	252211	1160	8683	13755
Feb 04, 2021	249449	1067	8988	10774
Feb 05, 2021	251183	1011	9099	11140
Feb 06, 2021	252083	967	7829	9987
Feb 07, 2021	254338	980	7785	7939
Feb 08, 2021	251484	883	3104	11503
Feb 09, 2021	242966	990	2252	9619
Feb 10, 2021	243095	899	8634	8373
Feb 11, 2021	244961	829	8642	8732
Feb 12, 2021	246077	846	8462	7482
Feb 13, 2021	248137	788	7512	7205
Feb 14, 2021	249885	706	7246	5183
Feb 15, 2021	248095	721	2810	7749
Feb 16, 2021	242723	760	2343	8069
Feb 17, 2021	242577	710	7913	7079
Feb 18, 2021	243776	699	7793	6767
Feb 19, 2021	245409	641	7521	6866
Feb 20, 2021	245731	652	6797	5992
Feb 21, 2021	246872	572	6561	4624
Feb 22, 2021	244780	663	2734	6704
Feb 23, 2021	239665	681	1877	5845
Feb 24, 2021	241773	550	7407	6745
Feb 25, 2021	243120	564	6674	5394
Feb 26, 2021	245624	540	6470	5320
Feb 27, 2021	247276	527	6743	4674
Feb 28, 2021	249321	541	6104	3898
Mar 01, 2021	247692	537	2415	6043
Mar 02, 2021	243455	542	1439	5369
Mar 03, 2021	245457	511	1278	4918
Mar 04, 2021	247821	473	6455	5319
Mar 05, 2021	249550	476	6726	5237
Mar 06, 2021	250634	482	5722	5872
Mar 07, 2021	250841	447	5729	3773
Mar 08, 2021	249355	450	2133	5565
Mar 09, 2021	245217	492	1388	5340
Mar 10, 2021	246792	423	5881	4660
Mar 11, 2021	248383	473	5714	5097
Mar 12, 2021	249283	447	5787	5646
Mar 13, 2021	249933	382	5303	4477
Mar 14, 2021	251178	394	4922	4527
Mar 15, 2021	248672	439	1783	6188
Mar 16, 2021	243484	369	1292	4204
Mar 17, 2021	240189	369	5068	4295
Mar 18, 2021	241980	381	5977	4364
Mar 19, 2021	243961	340	5381	4475
Mar 20, 2021	244868	349	3089	3820
Mar 21, 2021	246428	317	1838	3070
Mar 22, 2021	245174	346	1263	4095
Mar 23, 2021	242121	331	1247	4008
Mar 24, 2021	243663	367	4675	4055
Mar 25, 2021	244955	313	5499	3808
Mar 26, 2021	246621	275	5140	3673
Mar 27, 2021	247976	264	5045	3325
Mar 28, 2021	249309	291	6356	2663
Mar 29, 2021	248138	323	1793	3458
Mar 30, 2021	245649	315	1627	4012
Mar 31, 2021	246390	293	4293	3980
Apr 01, 2021	248094	285	5113	4461
Apr 02, 2021	248729	265	4189	3932
Apr 03, 2021	247621	269	4504	4014
Apr 04, 2021	245176	277	4157	2566
Apr 05, 2021	243596	244	1506	3685
Apr 06, 2021	240914	289	1308	3319
Apr 07, 2021	241981	254	4262	3444
Apr 08, 2021	243782	287	4639	3376
Apr 09, 2021	245259	266	3708	2880
Apr 10, 2021	247158	254	3911	2763
Apr 11, 2021	250497	243	3308	2245
Apr 12, 2021	249802	239	1653	2773
Apr 13, 2021	248417	237	1143	2543
Apr 14, 2021	249930	278	3592	2629
Apr 15, 2021	252136	239	3818	3093
Apr 16, 2021	252993	248	3990	2773
Apr 17, 2021	254476	231	3821	2914
Apr 18, 2021	255488	227	3025	2834
Apr 19, 2021	253933	192	1093	3652
Apr 20, 2021	251397	216	1027	3245
Apr 21, 2021	252198	219	3064	3004
Apr 22, 2021	253614	203	3021	2583
Apr 23, 2021	254536	178	2846	3044
Apr 24, 2021	255225	184	3043	3169
Apr 25, 2021	255180	194	2743	2503
Apr 26, 2021	254136	182	1175	3109
Apr 27, 2021	251988	192	704	2754
Apr 28, 2021	252634	179	1897	2301
Apr 29, 2021	253972	180	3090	3017
Apr 30, 2021	254765	180	3632	3053
May 01, 2021	255353	136	2880	2277
May 02, 2021	255965	156	2695	0
May 03, 2021	256902	169	1233	5184
May 04, 2021	252576	152	822	2836
May 05, 2021	252652	132	2767	2136
May 06, 2021	253405	152	2000	2366
May 07, 2021	253733	139	2628	2105
May 08, 2021	254532	121	2604	2190
May 09, 2021	254964	112	2586	2225
May 10, 2021	253802	133	1274	2405
May 11, 2021	251968	145	703	2414
May 12, 2021	251306	110	2483	2184
May 13, 2021	252102	117	2932	2247
May 14, 2021	253370	90	3000	2104
May 15, 2021	254056	108	3056	2155
May 16, 2021	254488	85	2725	1580
May 17, 2021	254056	100	1307	2172
May 18, 2021	252606	101	932	2097
May 19, 2021	253175	106	6917	1947
May 20, 2021	253122	100	3269	1649
May 21, 2021	254001	78	2894	0
May 22, 2021	256527	84	2809	3503
May 23, 2021	255526	72	2649	1411
May 24, 2021	255317	104	1401	2043
May 25, 2021	253873	91	881	1814
May 26, 2021	254451	92	3449	1863
May 27, 2021	255428	69	3855	1689
May 28, 2021	256670	78	3672	2234
May 29, 2021	257414	74	3282	1121
May 30, 2021	258944	52	3649	1422
May 31, 2021	258777	61	1707	2180
Jun 01, 2021	257468	33	1175	2141
Jun 02, 2021	262211	306	4250	1849
Jun 03, 2021	263325	216	3789	2084
Jun 04, 2021	263919	206	4253	1725
Jun 05, 2021	264797	186	4098	1711
Jun 06, 2021	265549	50	3964	1619
Jun 07, 2021	265281	34	1578	2317
Jun 08, 2021	263811	262	1268	2354
Jun 09, 2021	264644	253	4233	2210
Jun 10, 2021	266036	225	4963	1791
Jun 11, 2021	267692	243	5340	0
Jun 12, 2021	270731	274	5270	4114
Jun 13, 2021	269992	53	5051	1870
Jun 14, 2021	269776	37	2384	2324
Jun 15, 2021	268590	239	1661	3460
Jun 16, 2021	269141	200	5711	2116
Jun 17, 2021	270614	168	6105	2148
Jun 18, 2021	272551	167	6081	2402
Jun 19, 2021	274080	192	5879	2435
Jun 20, 2021	275417	36	6228	2333
Jun 21, 2021	274626	57	2611	2785
Jun 22, 2021	273052	261	1805	2816
Jun 23, 2021	274208	342	7989	2752
Jun 24, 2021	276077	221	8507	2851
Jun 25, 2021	278345	278	9452	2785
Jun 26, 2021	280552	175	9319	2637
Jun 27, 2021	282791	43	9581	2514
Jun 28, 2021	282618	44	3779	3404
Jun 29, 2021	280831	195	3074	3367
Jun 30, 2021	282980	244	11137	3149
Jul 01, 2021	285692	201	12116	2947
Jul 02, 2021	288625	177	12821	3862
Jul 03, 2021	290465	155	12420	3415
Jul 04, 2021	293123	42	12631	4114
Jul 05, 2021	291578	67	4438	4180
Jul 06, 2021	289136	269	5307	4222
Jul 07, 2021	292634	234	13853	4271
Jul 08, 2021	296636	266	15198	4334
Jul 09, 2021	301488	217	16244	4901
Jul 10, 2021	305689	232	16421	4642
Jul 11, 2021	310396	62	15823	0
Jul 12, 2021	314113	89	6535	9939
Jul 13, 2021	307159	219	5920	4960
Jul 14, 2021	313117	230	17408	5278
Jul 15, 2021	319725	233	19028	6580
Jul 16, 2021	325733	275	19223	5970
Jul 17, 2021	331908	225	19346	6338
Jul 18, 2021	337976	91	18809	6174
Jul 19, 2021	336149	138	6740	9296
Jul 20, 2021	332022	341	6506	8345
Jul 21, 2021	337189	397	18911	8517
Jul 22, 2021	343473	419	20685	8000
Jul 23, 2021	351298	328	21569	8973
Jul 24, 2021	358418	362	21563	10539
Jul 25, 2021	363340	108	20018	8315
Jul 26, 2021	361452	171	7573	11488
Jul 27, 2021	355713	484	6513	10965
Jul 28, 2021	361672	537	19555	10196
Jul 29, 2021	369967	381	22711	11186
Jul 30, 2021	377623	459	24975	11632
Jul 31, 2021	384878	450	22758	11775
Aug 01, 2021	391462	339	23642	10710
Aug 02, 2021	387153	340	9295	15274
Aug 03, 2021	378045	351	7172	15575
Aug 04, 2021	381030	611	14814	12984
Aug 05, 2021	388120	618	28953	13112
Aug 06, 2021	395959	568	23006	14535
Aug 07, 2021	402419	515	21897	14252
Aug 08, 2021	407670	304	20307	14140
Aug 09, 2021	400799	383	7658	17086
Aug 10, 2021	389843	541	6543	16528
Aug 11, 2021	392329	727	18262	15131
Aug 12, 2021	399182	608	21250	14864
Aug 13, 2021	408685	603	20633	15358
Aug 14, 2021	415482	753	19556	14181
Aug 15, 2021	424190	213	17546	17196
Aug 16, 2021	416076	272	6837	17304
Aug 17, 2021	405672	877	5564	15919
Aug 18, 2021	403690	940	11146	16625
Aug 19, 2021	415078	850	17337	17175
Aug 20, 2021	420059	761	18138	17264
Aug 21, 2021	423931	847	17409	16910
Aug 22, 2021	426481	228	15586	15619
Aug 23, 2021	418292	371	7504	18355
Aug 24, 2021	406109	940	5127	19388
Aug 25, 2021	404043	986	15784	16264
Aug 26, 2021	408043	835	15876	15992
Aug 27, 2021	411849	863	14828	16278
Aug 28, 2021	414264	756	14233	15493
Aug 29, 2021	415561	259	12511	14545
Aug 30, 2021	407594	326	5139	16627
Aug 31, 2021	396205	835	4161	14164
Sep 01, 2021	392352	1177	12929	14311
Sep 02, 2021	394201	993	13217	12616
Sep 03, 2021	398730	725	7040	17226
Sep 04, 2021	398188	647	3754	12910
Sep 05, 2021	400217	272	11711	11151
Sep 06, 2021	396298	330	4983	13783
Sep 07, 2021	387312	1071	3367	13142
Sep 08, 2021	388883	879	12521	13158
Sep 09, 2021	390722	730	11603	10962
Sep 10, 2021	393858	699	11808	12047
Sep 11, 2021	395345	675	10139	11911
Sep 12, 2021	395270	224	9697	9618
Sep 13, 2021	390567	221	3988	11651
Sep 14, 2021	382856	1046	3007	10921
Sep 15, 2021	383818	897	9792	12477
Sep 16, 2021	383661	434	9796	9051
Sep 17, 2021	381216	192	8828	9104
Sep 18, 2021	375674	765	7388	9500
Sep 19, 2021	377120	200	7369	8633
Sep 20, 2021	373270	262	2980	9706
Sep 21, 2021	366669	815	2282	9420
Sep 22, 2021	368955	811	7682	8596
Sep 23, 2021	371151	748	7697	8737
Sep 24, 2021	373474	564	7613	9637
Sep 25, 2021	373412	596	7158	7300
Sep 26, 2021	375213	147	6153	6161
Sep 27, 2021	372893	230	2690	7262
Sep 28, 2021	368408	700	2007	7337
Sep 29, 2021	370163	596	7187	7899
Sep 30, 2021	371464	533	6320	6241
Oct 01, 2021	373518	471	5825	7924
Oct 02, 2021	372511	614	5286	7690
Oct 03, 2021	371576	211	5203	6707
Oct 04, 2021	367638	303	1993	8615
Oct 05, 2021	361002	790	1413	6957
Oct 06, 2021	360937	713	4220	6617
Oct 07, 2021	361304	514	5069	6012
Oct 08, 2021	362391	489	4798	6747
Oct 09, 2021	362313	348	4653	6435
Oct 10, 2021	361683	128	4452	5015
Oct 11, 2021	359230	141	1666	6136
Oct 12, 2021	354960	546	1121	5731
Oct 13, 2021	355870	420	4538	4802
Oct 14, 2021	356968	381	4797	4550
Oct 15, 2021	357862	434	4503	5576
Oct 16, 2021	357138	313	4001	4636
Oct 17, 2021	357392	60	3478	3904
Oct 18, 2021	355421	96	1446	4818
Oct 19, 2021	351920	446	994	3468
Oct 20, 2021	352226	424	3588	4004
Oct 21, 2021	352867	322	2660	3723
Oct 22, 2021	353620	284	3763	4186
Oct 23, 2021	353803	306	3614	3976
Oct 24, 2021	353973	87	3574	4106
Oct 25, 2021	351446	150	1382	3994
Oct 26, 2021	348423	392	810	3538
Oct 27, 2021	349031	386	3663	3202
Oct 28, 2021	350240	357	3556	3192
Oct 29, 2021	351194	320	3493	3660
Oct 30, 2021	351215	325	3353	2982
Oct 31, 2021	351386	89	3130	2808
Nov 01, 2021	349935	99	942	0
Nov 02, 2021	350830	269	775	6558
Nov 03, 2021	347591	154	735	3282
Nov 04, 2021	346815	244	3836	2880
Nov 05, 2021	347454	282	3915	3084
Nov 06, 2021	347702	261	3837	2889
Nov 07, 2021	348126	60	3306	2381
Nov 08, 2021	347067	77	1225	3083
Nov 09, 2021	344717	299	916	2669
Nov 10, 2021	345412	264	3698	2321
Nov 11, 2021	346383	256	4287	2210
Nov 12, 2021	347410	242	4128	2509
Nov 13, 2021	348012	217	3445	2133
Nov 14, 2021	348792	58	2956	1980
Nov 15, 2021	347696	57	1050	2973
Nov 16, 2021	345441	37	724	2123
Nov 17, 2021	344016	332	3307	2644
Nov 18, 2021	344876	356	3345	2421
Nov 19, 2021	346014	216	3146	2765
Nov 20, 2021	346870	227	3088	2563
Nov 21, 2021	347386	99	2841	2225
Nov 22, 2021	346287	53	970	2423
Nov 23, 2021	344727	326	752	2436
Nov 24, 2021	345663	336	3304	2599
Nov 25, 2021	347015	263	3215	2298
Nov 26, 2021	348582	165	3180	2158
Nov 27, 2021	349704	245	2992	2040
Nov 28, 2021	350375	38	2655	1963
Nov 29, 2021	349424	53	855	2426
Nov 30, 2021	347669	296	771	2272
Dec 01, 2021	348408	182	2695	2793
Dec 02, 2021	348778	287	2956	2466
Dec 03, 2021	349171	188	2627	2588
Dec 04, 2021	349483	251	2750	2736
Dec 05, 2021	349337	48	2530	1874
Dec 06, 2021	348385	110	841	2408
Dec 07, 2021	346619	289	716	2338
Dec 08, 2021	347296	292	2980	2163
Dec 09, 2021	348056	293	3319	2380
Dec 10, 2021	348563	199	3363	2071
Dec 11, 2021	349285	235	3520	2022
Dec 12, 2021	349683	52	2916	2202
Dec 13, 2021	348284	49	803	2203
Dec 14, 2021	346803	262	943	2157
Dec 15, 2021	347079	204	4426	2283
Dec 16, 2021	347548	169	5290	2041
Dec 17, 2021	347965	211	8024	1955
Dec 18, 2021	348549	268	10037	2019
Dec 19, 2021	348792	23	9193	1956
Dec 20, 2021	347654	58	1671	2288
Dec 21, 2021	346024	245	2877	1944
Dec 22, 2021	346815	198	15184	1805
Dec 23, 2021	348131	149	20626	1522
Dec 24, 2021	349823	162	25821	1988
Dec 25, 2021	351193	89	28023	1569
Dec 26, 2021	352451	18	30671	0
Dec 27, 2021	353236	42	11599	3883
Dec 28, 2021	350254	125	11052	1163
Dec 29, 2021	353392	188	33626	738
Dec 30, 2021	357756	153	44187	1297
Dec 31, 2021	364330	143	43523	1750
Jan 01, 2022	372474	97	44293	2314
Jan 02, 2022	379256	19	47113	2098
Jan 03, 2022	378810	37	19132	3466
Jan 04, 2022	378184	130	17101	2944
Jan 05, 2022	390294	94	49343	3300
Jan 06, 2022	407526	128	60552	3615
Jan 07, 2022	429604	168	50373	4652
Jan 08, 2022	452807	202	49906	5749
Jan 09, 2022	477527	31	51368	7752
Jan 10, 2022	481343	78	20872	10012
Jan 11, 2022	482305	162	17938	10080
Jan 12, 2022	505689	190	44902	9590
Jan 13, 2022	540096	148	48627	10173
Jan 14, 2022	573298	195	49150	13380
Jan 15, 2022	604016	227	45115	23234
Jan 16, 2022	627668	76	42582	23704
Jan 17, 2022	623020	59	13926	34246
Jan 18, 2022	605816	320	12521	31064
Jan 19, 2022	623775	323	43099	42089
Jan 20, 2022	641915	278	42181	32180
Jan 21, 2022	659830	331	41115	37670
Jan 22, 2022	671735	364	37063	41325
Jan 23, 2022	681414	98	35243	41990
Jan 24, 2022	660198	118	10234	56665
Jan 25, 2022	621353	475	9242	46915
Jan 26, 2022	618865	532	6343	45128
Jan 27, 2022	621832	495	24898	42544
Jan 28, 2022	627943	437	34261	44628
Jan 29, 2022	627993	522	31336	46570
Jan 30, 2022	623483	131	26247	38083
Jan 31, 2022	599195	198	8854	45774
Feb 01, 2022	565744	829	7831	49868
Feb 02, 2022	558146	573	21207	44647
Feb 03, 2022	555107	648	23096	44335
Feb 04, 2022	551239	688	21565	39888
Feb 05, 2022	547726	588	21449	38819
Feb 06, 2022	543562	129	19857	27765
Feb 07, 2022	525902	206	5714	32071
Feb 08, 2022	502867	132	4832	26432
Feb 09, 2022	482646	743	18309	31115
Feb 10, 2022	475686	927	18671	32886
Feb 11, 2022	476134	564	18252	32792
Feb 12, 2022	474114	579	15638	27702
Feb 13, 2022	472080	122	13459	19949
Feb 14, 2022	460863	146	3519	21074
Feb 15, 2022	447474	643	2524	26574
Feb 16, 2022	441464	520	13115	24416
Feb 17, 2022	439624	470	12342	21190
Feb 18, 2022	439529	457	10558	20363
Feb 19, 2022	440158	470	9748	20425
Feb 20, 2022	439120	163	8688	11256
Feb 21, 2022	433415	98	1905	12177
Feb 22, 2022	425972	706	1684	19915
Feb 23, 2022	423660	449	8939	19337
Feb 24, 2022	422545	362	8165	19057
Feb 25, 2022	421378	380	8098	15529
Feb 26, 2022	421107	331	7413	14314
Feb 27, 2022	419921	72	6352	8480
Feb 28, 2022	414888	63	1191	8433
Mar 01, 2022	408916	382	1018	14514
Mar 02, 2022	407135	304	6025	13721
Mar 03, 2022	405452	461	5910	11604
Mar 04, 2022	403945	308	5174	10770
Mar 05, 2022	402615	220	4860	9905
Mar 06, 2022	401178	35	4114	5994
Mar 07, 2022	397054	42	901	5807
Mar 08, 2022	392889	265	671	9497
Mar 09, 2022	392066	244	554	0
Mar 10, 2022	399987	197	4251	16798
Mar 11, 2022	391090	244	3658	7285
Mar 12, 2022	390974	203	3078	6643
Mar 13, 2022	390480	49	2936	3053
Mar 14, 2022	388569	12	919	3525
Mar 15, 2022	386050	260	657	6129
Mar 16, 2022	385686	244	2758	5845
Mar 17, 2022	385507	187	2766	5276
Mar 18, 2022	385218	125	2458	4851
Mar 19, 2022	385102	141	2538	4248
Mar 20, 2022	384827	20	3303	2242
Mar 21, 2022	383466	15	839	2470
Mar 22, 2022	381652	12	706	2013
Mar 23, 2022	380181	158	4223	3888
Mar 24, 2022	380386	155	12144	3699
Mar 25, 2022	380190	202	32216	2853
Mar 26, 2022	380213	101	4325	2820
Mar 27, 2022	380228	15	2712	1897
Mar 28, 2022	379235	11	392	1775
Mar 29, 2022	378106	84	281	2632
Mar 30, 2022	378148	103	648	2483
Mar 31, 2022	378328	68	749	2008
Apr 01, 2022	378710	111	464	2156
Apr 02, 2022	378981	85	401	3035
Apr 03, 2022	379164	11	1192	1420
Apr 04, 2022	378572	12	1000	1420
Apr 05, 2022	377846	83	164	4408
Apr 06, 2022	377578	85	1438	12040
Apr 07, 2022	377597	105	1290	31992
Apr 08, 2022	377716	87	1075	4026
Apr 09, 2022	377928	125	1077	2839
Apr 10, 2022	377676	5	802	1049
Apr 11, 2022	377014	2	271	1220
Apr 12, 2022	376073	78	140	1147
Apr 13, 2022	375496	43	1190	966
Apr 14, 2022	375236	43	1464	596
Apr 15, 2022	375061	12	1232	732
Apr 16, 2022	374718	35	958	898
Apr 17, 2022	374977	6	911	683
Apr 18, 2022	375288	5	400	681
Apr 19, 2022	374766	24	736	1232
Apr 20, 2022	374948	31	736	1138
Apr 21, 2022	375069	29	736	869
Apr 22, 2022	375246	27	736	882
Apr 23, 2022	375414	57	736	654
Apr 24, 2022	375505	12	736	535
Apr 25, 2022	375229	5	732	482
Apr 26, 2022	374882	39	424	776
Apr 27, 2022	375257	48	986	1007
Apr 28, 2022	375666	33	1198	781
Apr 29, 2022	376084	40	645	677
Apr 30, 2022	376325	40	936	751
May 01, 2022	376445	16	1065	723
May 02, 2022	376106	17	1097	642
May 03, 2022	376183	17	862	642
May 04, 2022	376260	17	1062	642
May 05, 2022	376337	17	1119	642
May 06, 2022	376414	17	985	642
May 07, 2022	376491	17	1115	642
May 08, 2022	376568	11	1018	641
May 09, 2022	376648	2	857	776
May 10, 2022	376294	21	1176	806
May 11, 2022	376453	23	2270	709
May 12, 2022	376919	27	2423	980
May 13, 2022	376557	26	2439	867
May 14, 2022	376600	26	2086	668
May 15, 2022	376971	23	1871	316
May 16, 2022	377729	6	1170	1181
May 17, 2022	377404	25	0	541
May 18, 2022	377900	24	3628	631
May 19, 2022	378364	25	3367	592
May 20, 2022	378732	21	3378	567
May 21, 2022	379259	28	3540	300
May 22, 2022	379949	25	3456	443
May 23, 2022	380338	3	1881	1315
May 24, 2022	380196	24	1035	1169
May 25, 2022	381273	21	5110	1255
May 26, 2022	382420	23	5245	1458
May 27, 2022	383378	11	6024	797
May 28, 2022	384656	7	6170	850
May 29, 2022	385670	25	6396	1605
May 30, 2022	385210	0	2582	0
May 31, 2022	385210	46	1688	2896
Jun 01, 2022	385896	26	8206	1442
Jun 02, 2022	387795	15	9452	1310
Jun 03, 2022	389848	20	9406	1450
Jun 04, 2022	391918	14	9958	1784
Jun 05, 2022	393576	17	9642	2242
Jun 06, 2022	393198	6	3509	2608
Jun 07, 2022	391619	19	2132	2058
Jun 08, 2022	394652	13	13752	2045
Jun 09, 2022	397839	36	15364	1831
Jun 10, 2022	401996	53	16133	1770
Jun 11, 2022	406343	42	17432	2287
Jun 12, 2022	410410	8	16214	3203
Jun 13, 2022	409781	11	5883	4032
Jun 14, 2022	407426	37	3343	3323
Jun 15, 2022	412272	29	20959	3631
Jun 16, 2022	418064	69	23148	3060
Jun 17, 2022	424341	19	24537	3509
Jun 18, 2022	430771	39	24087	3699
Jun 19, 2022	436675	10	24610	5097
Jun 20, 2022	435077	9	6301	6864
Jun 21, 2022	430336	41	4235	6043
Jun 22, 2022	438004	29	27973	5371
Jun 23, 2022	447968	24	31116	5189
Jun 24, 2022	458888	42	32295	6049
Jun 25, 2022	470229	23	32569	5723
Jun 26, 2022	480697	4	32195	0
Jun 27, 2022	486576	16	9342	16513
Jun 28, 2022	473390	42	5986	9119
Jun 29, 2022	485188	31	36334	8757
Jun 30, 2022	499548	47	37346	8109
Jul 01, 2022	515929	31	34885	9329
Jul 02, 2022	530656	28	34567	10672
Jul 03, 2022	544566	13	31173	12847
Jul 04, 2022	538007	5	8861	18172
Jul 05, 2022	524065	75	5786	16177
Jul 06, 2022	535786	60	34095	15480
Jul 07, 2022	551362	48	34661	14055
Jul 08, 2022	569554	46	33660	14985
Jul 09, 2022	587092	55	32175	0
Jul 10, 2022	619232	8	28539	0
Jul 11, 2022	628566	12	6917	64564
Jul 12, 2022	569976	92	4231	24700
Jul 13, 2022	581518	72	30497	21656
Jul 14, 2022	597136	74	27916	19748
Jul 15, 2022	612199	85	24893	23164
Jul 16, 2022	623517	71	23248	22540
Jul 17, 2022	632079	13	19352	26031
Jul 18, 2022	614896	19	4209	32093
Jul 19, 2022	588570	134	2961	30941
Jul 20, 2022	591590	107	21363	27633
Jul 21, 2022	598511	115	20210	25383
Jul 22, 2022	606673	89	18556	24509
Jul 23, 2022	614250	105	17986	0
Jul 24, 2022	642684	16	14448	56730
Jul 25, 2022	592855	20	3290	32716
Jul 26, 2022	564350	152	2500	30642
Jul 27, 2022	564053	151	15738	27523
Jul 28, 2022	564295	113	14841	22872
Jul 29, 2022	566203	79	13313	22384
Jul 30, 2022	566988	109	11892	21414
Jul 31, 2022	564817	17	9914	23401
Aug 01, 2022	545608	20	1968	28213
Aug 02, 2022	520336	133	1367	26693
Aug 03, 2022	514873	123	10752	23913
Aug 04, 2022	511047	122	9898	18211
Aug 05, 2022	511270	93	9319	17703
Aug 06, 2022	511460	85	8892	18227
Aug 07, 2022	507596	14	7132	16598
Aug 08, 2022	494274	22	1597	19229
Aug 09, 2022	477523	95	1187	17825
Aug 10, 2022	475341	88	8548	15941
Aug 11, 2022	474153	71	7981	13549
Aug 12, 2022	473846	72	7281	11660
Aug 13, 2022	474006	56	6151	11131
Aug 14, 2022	472733	8	5557	10349
Aug 15, 2022	464344	4	1212	13755
Aug 16, 2022	451952	62	865	12355
Aug 17, 2022	450287	73	6223	11361
Aug 18, 2022	448751	76	5654	10136
Aug 19, 2022	447858	65	4772	10160
Aug 20, 2022	446525	69	4347	8686
Aug 21, 2022	444902	10	3820	7796
Aug 22, 2022	438693	12	990	9227
Aug 23, 2022	430641	71	624	9516
Aug 24, 2022	429602	51	4415	8955
Aug 25, 2022	428577	64	3735	7485
Aug 26, 2022	428309	49	2973	6546
Aug 27, 2022	427865	50	3236	6487
Aug 28, 2022	426885	2	2369	5011
Aug 29, 2022	423084	11	815	5871
Aug 30, 2022	418067	55	588	6855
Aug 31, 2022	417380	38	2886	5780
Sep 01, 2022	417216	42	2942	4989
Sep 02, 2022	416957	36	2584	4564
Sep 03, 2022	416704	45	1195	4700
Sep 04, 2022	415779	5	809	3554
Sep 05, 2022	413210	8	550	3735
Sep 06, 2022	410091	22	2301	4646
Sep 07, 2022	409838	23	2802	3787
Sep 08, 2022	409763	30	0	2980
Sep 09, 2022	409726	30	4147	3130
Sep 10, 2022	409802	23	1480	2596
Sep 11, 2022	409552	3	402	2640
Sep 12, 2022	407724	6	0	2764
Sep 13, 2022	405542	44	511	2647
Sep 14, 2022	405737	26	1943	2595
Sep 15, 2022	406058	31	0	2473
Sep 16, 2022	406138	28	3324	2960
Sep 17, 2022	404345	2	1397	1968
Sep 18, 2022	403184	1	1121	2273
Sep 19, 2022	401460	21	0	2094
Sep 20, 2022	401646	29	635	2450
Sep 21, 2022	401969	0	1636	0
Sep 22, 2022	401969	68	1632	3712
Sep 23, 2022	402336	27	1463	1611
Sep 24, 2022	402178	2	0	1347
Sep 25, 2022	401231	0	0	0
Sep 26, 2022	401231	2	1568	1575
Sep 27, 2022	400165	17	172	1621
Sep 28, 2022	400470	0	1089	0
Sep 29, 2022	400470	36	1198	2601
Sep 30, 2022	401157	11	1163	1284
Oct 01, 2022	401259	19	1093	1304
Oct 02, 2022	401057	0	968	0
Oct 03, 2022	401057	8	0	2705
Oct 04, 2022	398979	21	392	1608
Oct 05, 2022	398986	21	0	1675
Oct 06, 2022	398922	21	2226	1482
Oct 07, 2022	398882	0	453	0
Oct 08, 2022	398882	0	0	0
Oct 09, 2022	398882	6	847	2251
Oct 10, 2022	398193	1	0	883
Oct 11, 2022	397481	24	144	1117
Oct 12, 2022	397429	17	917	1055
Oct 13, 2022	397555	4	760	1114
Oct 14, 2022	397600	19	0	1048
Oct 15, 2022	397626	4	0	1058
Oct 16, 2022	397532	0	2307	0
Oct 17, 2022	397532	2	0	1351
Oct 18, 2022	396571	0	126	0
Oct 19, 2022	396571	26	1385	2057
Oct 20, 2022	396714	15	0	243
Oct 21, 2022	396909	0	628	0
Oct 22, 2022	396909	11	0	1039
Oct 23, 2022	396706	0	0	0
Oct 24, 2022	396706	1	297	591
Oct 25, 2022	396258	7	0	720
Oct 26, 2022	396448	14	0	549
Oct 27, 2022	396645	0	1931	0
Oct 28, 2022	396645	0	1064	0
Oct 29, 2022	396645	39	0	1977
Oct 30, 2022	396936	0	0	0
Oct 31, 2022	396936	1	0	473
Nov 01, 2022	396588	17	2509	1102
Nov 02, 2022	396854	0	0	0
Nov 03, 2022	396854	5	0	557
Nov 04, 2022	396920	0	0	0
Nov 05, 2022	396920	0	0	0
Nov 06, 2022	396920	0	0	648
Nov 07, 2022	396569	0	0	0
Nov 08, 2022	396569	0	6165	0
Nov 09, 2022	396569	3	78	1151
Nov 10, 2022	397346	12	0	692
Nov 11, 2022	397706	0	0	0
Nov 12, 2022	397706	0	0	0
Nov 13, 2022	397706	0	0	0
Nov 14, 2022	397706	14	0	2156
Nov 15, 2022	398045	0	0	0
Nov 16, 2022	398045	0	7616	0
Nov 17, 2022	398045	0	0	0
Nov 18, 2022	398045	0	0	0
Nov 19, 2022	398045	0	0	0
Nov 20, 2022	398045	0	0	0
Nov 21, 2022	398045	51	0	4707
Nov 22, 2022	399452	0	12617	638
Nov 23, 2022	398892	0	3477	0
Nov 24, 2022	398892	0	3966	0
Nov 25, 2022	398892	0	3878	0
Nov 26, 2022	398892	0	0	0
Nov 27, 2022	398892	0	0	0
Nov 28, 2022	398892	0	0	0
Nov 29, 2022	398892	30	7872	4970
Nov 30, 2022	401508	0	5051	0
Dec 01, 2022	401508	0	4811	0
Dec 02, 2022	401508	0	0	0
Dec 03, 2022	401508	0	14398	0
Dec 04, 2022	401508	0	0	0
Dec 05, 2022	401508	67	0	6456
Dec 06, 2022	407602	10	1840	1921
Dec 07, 2022	409148	31	5783	1846
Dec 08, 2022	411237	34	8188	1578
Dec 09, 2022	413503	0	8188	0
Dec 10, 2022	413503	0	8190	0
Dec 11, 2022	413503	0	0	0
Dec 12, 2022	413503	28	1219	4839
Dec 13, 2022	416508	34	6229	4500
Dec 14, 2022	417025	14	0	2106
Dec 15, 2022	419716	0	5968	0
Dec 16, 2022	419716	52	0	6344
Dec 17, 2022	427718	0	0	0
Dec 18, 2022	427718	0	0	0
Dec 19, 2022	427718	10	18477	6335
Dec 20, 2022	423213	29	0	3330
Dec 21, 2022	425637	58	4972	3940
Dec 22, 2022	429827	66	0	3940
Dec 23, 2022	434009	55	13094	3942
Dec 24, 2022	438202	0	0	0
Dec 25, 2022	438202	8	11778	3549
Dec 26, 2022	435864	50	1061	9088
Dec 27, 2022	432955	0	653	0
Dec 28, 2022	432955	28	0	3784
Dec 29, 2022	435111	0	13412	0
Dec 30, 2022	435111	0	5686	0
Dec 31, 2022	435111	0	5554	0
Jan 01, 2023	435111	98	0	21159
Jan 02, 2023	432331	0	5737	0
Jan 03, 2023	432331	9	563	5573
Jan 04, 2023	431721	0	5346	0
Jan 05, 2023	431721	57	5431	8513
Jan 06, 2023	436245	0	5989	0
Jan 07, 2023	436245	51	4880	6687
Jan 08, 2023	441285	10	4380	4156
Jan 09, 2023	438180	9	797	5581
Jan 10, 2023	433243	0	487	0
Jan 11, 2023	433243	74	5528	9548
Jan 12, 2023	437033	45	5338	3278
Jan 13, 2023	439396	58	0	3428
Jan 14, 2023	441464	0	4963	0
Jan 15, 2023	441464	85	8330	8635
Jan 16, 2023	438481	10	789	5699
Jan 17, 2023	433335	61	540	5220
Jan 18, 2023	433400	69	0	3587
Jan 19, 2023	435175	46	9081	4883
Jan 20, 2023	436235	48	3972	3520
Jan 21, 2023	437547	41	0	3879
Jan 22, 2023	438007	11	0	4072
Jan 23, 2023	434721	16	8365	5221
Jan 24, 2023	429971	58	560	4746
Jan 25, 2023	430695	71	672	3522
Jan 26, 2023	432440	0	4839	0
Jan 27, 2023	432440	61	5107	3372
Jan 28, 2023	433970	95	0	6007
Jan 29, 2023	436198	8	0	3814
Jan 30, 2023	433165	8	0	4276
Jan 31, 2023	429421	0	9245	0
Feb 01, 2023	429421	126	4825	7506
Feb 02, 2023	430870	69	0	3007
Feb 03, 2023	431766	0	0	0
Feb 04, 2023	431766	0	0	0
Feb 05, 2023	431766	82	14860	9837
Feb 06, 2023	430212	4	0	4261
Feb 07, 2023	426507	4	1038	3472
Feb 08, 2023	423703	38	4250	2781
Feb 09, 2023	425723	59	4215	3325
Feb 10, 2023	427446	0	3870	0
Feb 11, 2023	427446	0	0	0
Feb 12, 2023	427446	0	0	0
Feb 13, 2023	427446	73	7841	11900
Feb 14, 2023	424718	42	437	3338
Feb 15, 2023	426163	0	0	0
Feb 16, 2023	426163	0	8431	0
Feb 17, 2023	426163	0	0	0
Feb 18, 2023	426163	144	10268	9396
Feb 19, 2023	431483	0	0	0
Feb 20, 2023	431483	11	525	5686
Feb 21, 2023	426824	35	4566	3568
Feb 22, 2023	427471	28	0	3049
Feb 23, 2023	428609	25	4416	2530
Feb 24, 2023	429924	0	3809	0
Feb 25, 2023	429924	0	0	0
Feb 26, 2023	429924	48	7744	7415
Feb 27, 2023	430302	2	924	3210
Feb 28, 2023	427527	0	0	0
Mar 01, 2023	427527	50	4553	5957
Mar 02, 2023	429951	0	4040	0
Mar 03, 2023	429951	58	3680	6988
Mar 04, 2023	433173	0	3358	0
Mar 05, 2023	433173	4	3183	2912
Mar 06, 2023	430782	36	524	6864
Mar 07, 2023	428448	0	296	0
Mar 08, 2023	428448	34	292	2982
Mar 09, 2023	429848	18	4008	2322
Mar 10, 2023	431317	0	0	0
Mar 11, 2023	431317	47	10903	4833
Mar 12, 2023	434181	8	0	6173
Mar 13, 2023	428924	0	418	0
Mar 14, 2023	428924	14	518	3282
Mar 15, 2023	430181	22	0	2785
Mar 16, 2023	431414	24	7431	2160
Mar 17, 2023	432910	7	6275	2273
Mar 18, 2023	433988	14	0	2439
Mar 19, 2023	434718	3	0	3056
Mar 20, 2023	432183	6	3032	3436
Mar 21, 2023	429037	2	356	3043
Mar 22, 2023	426284	27	2913	2967
Mar 23, 2023	427298	0	2656	0
Mar 24, 2023	427298	81	2178	7513
Mar 25, 2023	430607	0	444	0
Mar 26, 2023	430607	3	253	2802
Mar 27, 2023	428220	3	237	3404
Mar 28, 2023	425331	0	187	0
Mar 29, 2023	425331	41	3080	5871
Mar 30, 2023	426850	41	0	3877
Mar 31, 2023	429207	0	4726	0
Apr 01, 2023	429207	0	1923	0
Apr 02, 2023	429207	10	2015	3569
Apr 03, 2023	428660	1	381	2967
Apr 04, 2023	426048	13	288	3001
Apr 05, 2023	425947	15	2325	2737
Apr 06, 2023	425851	19	2171	1983
Apr 07, 2023	426027	2	1949	1858
Apr 08, 2023	424611	3	1915	1811
Apr 09, 2023	423050	1	1763	2271
Apr 10, 2023	421015	8	324	2628
Apr 11, 2023	418566	16	222	2575
Apr 12, 2023	419055	0	2272	0
Apr 13, 2023	419055	36	2182	3875
Apr 14, 2023	419870	14	2034	1317
Apr 15, 2023	420462	11	0	1727
Apr 16, 2023	420739	2	3755	1865
Apr 17, 2023	419253	1	249	1606
Apr 18, 2023	417934	18	222	1357
Apr 19, 2023	418884	17	1459	1101
Apr 20, 2023	419937	14	1519	871
Apr 21, 2023	421001	13	1545	1105
Apr 22, 2023	421798	18	1730	1338
Apr 23, 2023	422205	3	1474	1466
Apr 24, 2023	421060	2	265	1837
Apr 25, 2023	419443	34	228	1778
Apr 26, 2023	419903	38	2027	1556
Apr 27, 2023	420491	36	1894	1259
Apr 28, 2023	421230	0	494	0
Apr 29, 2023	421230	19	0	2423
Apr 30, 2023	422543	0	0	1476
May 01, 2023	421316	18	0	1674
May 02, 2023	419846	11	3744	1150
May 03, 2023	420144	10	1653	1187
May 04, 2023	420466	10	1614	1211
May 05, 2023	420790	10	1526	1383
May 06, 2023	421127	6	1364	1175
May 07, 2023	421420	1	1352	1415
May 08, 2023	420269	0	217	1694
May 09, 2023	418803	11	125	1693
May 10, 2023	419126	9	1537	1380
May 11, 2023	419631	4	1361	1005
May 12, 2023	419116	0	899	0
May 13, 2023	419116	0	898	0
May 14, 2023	419116	0	899	0
May 15, 2023	419116	28	899	4248
May 16, 2023	418584	18	899	1564
May 17, 2023	418655	10	898	1409
May 18, 2023	418850	14	899	1027
May 19, 2023	419335	11	619	928
May 20, 2023	419760	5	620	1018
May 21, 2023	420089	1	619	1185
May 22, 2023	419120	8	619	1197
May 23, 2023	418040	9	620	1072
May 24, 2023	418496	18	619	1156
May 25, 2023	418683	9	619	1086
May 26, 2023	418487	8	619	1086
May 27, 2023	418291	9	620	1086
May 28, 2023	418095	8	619	1087
May 29, 2023	417899	9	353	1086
May 30, 2023	417703	8	356	1086
May 31, 2023	417507	9	676	1086
Jun 01, 2023	417311	7	0	976
Jun 02, 2023	416947	8	629	977
Jun 03, 2023	416582	7	386	976
Jun 04, 2023	416218	7	365	976
Jun 05, 2023	415854	8	428	977
Jun 06, 2023	415489	7	340	976
Jun 07, 2023	415125	7	273	976
Jun 08, 2023	414761	7	445	976
Jun 09, 2023	414397	8	429	977
Jun 10, 2023	414032	7	467	976
Jun 11, 2023	413668	5	463	374
Jun 12, 2023	413642	5	490	379
Jun 13, 2023	413614	6	482	532
Jun 14, 2023	413752	0	482	0
Jun 15, 2023	413752	10	482	437
Jun 16, 2023	413934	3	481	536
Jun 17, 2023	413781	3	482	571
Jun 18, 2023	413572	4	482	623
Jun 19, 2023	413373	8	482	256
Jun 20, 2023	413449	8	427	318
Jun 21, 2023	413396	9	427	412
Jun 22, 2023	413420	9	427	420
Jun 23, 2023	413420	9	428	428
Jun 24, 2023	413450	10	427	468
Jun 25, 2023	413435	7	427	277
Jun 26, 2023	413641	4	427	435
Jun 27, 2023	413684	4	465	434
Jun 28, 2023	413728	4	465	435
Jun 29, 2023	413771	5	465	435
Jun 30, 2023	413812	4	466	434
Jul 01, 2023	413856	4	465	435
Jul 02, 2023	413899	4	465	434
Jul 03, 2023	413943	4	465	386
Jul 04, 2023	413980	4	228	385
Jul 05, 2023	414018	3	228	385
Jul 06, 2023	414057	4	228	386
Jul 07, 2023	414095	4	229	385
Jul 08, 2023	414133	4	228	385
Jul 09, 2023	414171	4	228	385
Jul 10, 2023	414209	3	228	420
Jul 11, 2023	414251	4	645	420
Jul 12, 2023	414292	4	644	419
Jul 13, 2023	414334	4	645	420
Jul 14, 2023	414376	4	645	419
Jul 15, 2023	414418	4	645	420
Jul 16, 2023	414459	4	644	419
Jul 17, 2023	414501	2	760	206
Jul 18, 2023	414521	2	0	206
Jul 19, 2023	414541	2	0	206
Jul 20, 2023	414561	2	0	206
Jul 21, 2023	414582	2	0	205
Jul 22, 2023	414603	2	0	206
Jul 23, 2023	414623	2	0	206
Jul 24, 2023	414643	6	4795	582
Jul 25, 2023	414700	5	0	581
Jul 26, 2023	414758	6	0	582
Jul 27, 2023	414815	5	0	581
Jul 28, 2023	414874	6	0	582
Jul 29, 2023	414931	5	0	581
Jul 30, 2023	414989	6	0	881
Jul 31, 2023	414862	13	6771	0
Aug 01, 2023	414849	0	0	0
Aug 02, 2023	414849	0	0	0
Aug 03, 2023	414849	0	0	0
Aug 04, 2023	414849	0	0	0
Aug 05, 2023	414849	0	0	0
Aug 06, 2023	414849	33	0	0
Aug 07, 2023	419611	0	7862	0
Aug 08, 2023	419611	0	0	0
Aug 09, 2023	419611	0	0	0
Aug 10, 2023	419611	0	0	0
Aug 11, 2023	419611	0	0	0
Aug 12, 2023	419611	0	0	0
Aug 13, 2023	419611	39	0	0
Aug 14, 2023	426343	0	9082	0
Aug 15, 2023	426343	0	0	0
Aug 16, 2023	426343	0	0	0
Aug 17, 2023	426343	0	0	0
Aug 18, 2023	426343	0	0	0
Aug 19, 2023	426343	0	0	0
Aug 20, 2023	426343	49	0	0
Aug 21, 2023	434156	0	9677	0
Aug 22, 2023	434156	0	0	0
Aug 23, 2023	434156	0	0	0
Aug 24, 2023	434156	0	0	0
Aug 25, 2023	434156	0	0	0
Aug 26, 2023	434156	0	0	0
Aug 27, 2023	434156	38	0	0
Aug 28, 2023	443200	0	7100	0
Aug 29, 2023	443200	0	0	0
Aug 30, 2023	443200	0	0	0
Aug 31, 2023	443200	0	0	0
Sep 01, 2023	443200	0	0	0
Sep 02, 2023	443200	0	0	0
Sep 03, 2023	443200	51	0	0
Sep 04, 2023	452826	0	4811	0
Sep 05, 2023	452826	0	0	0
Sep 06, 2023	452826	0	0	0
Sep 07, 2023	452826	0	0	0
Sep 08, 2023	452826	0	0	0
Sep 09, 2023	452826	0	0	0
Sep 10, 2023	452826	35	0	0
Sep 11, 2023	459891	0	2095	0
Sep 12, 2023	459891	0	0	0
Sep 13, 2023	459891	0	0	0
Sep 14, 2023	459891	0	0	0
Sep 15, 2023	459891	0	0	0
Sep 16, 2023	459891	0	0	0
Sep 17, 2023	459891	40	0	0
Sep 18, 2023	464662	0	264	0
Sep 19, 2023	464662	0	0	0
Sep 20, 2023	464662	0	0	0
Sep 21, 2023	464662	0	0	0
Sep 22, 2023	464662	0	0	0
Sep 23, 2023	464662	0	0	0
Sep 24, 2023	464662	40	0	0
Sep 25, 2023	466717	0	191	0
Sep 26, 2023	466717	0	0	0
Sep 27, 2023	466717	0	0	0
Sep 28, 2023	466717	0	0	0
Sep 29, 2023	466717	0	0	0
Sep 30, 2023	466717	0	0	0
Oct 01, 2023	466717	27	0	0
Oct 02, 2023	466954	0	165	0
Oct 03, 2023	466954	0	0	0
Oct 04, 2023	466954	0	0	0
Oct 05, 2023	466954	0	0	0
Oct 06, 2023	466954	0	0	0
Oct 07, 2023	466954	0	0	0
Oct 08, 2023	466954	25	0	0
Oct 09, 2023	467120	0	99	0
Oct 10, 2023	467120	0	0	0
Oct 11, 2023	467120	0	0	0
Oct 12, 2023	467120	0	0	0
Oct 13, 2023	467120	0	0	0
Oct 14, 2023	467120	0	0	0
Oct 15, 2023	467120	15	0	0
Oct 16, 2023	467270	0	73	0
Oct 17, 2023	467270	0	0	0
Oct 18, 2023	467270	0	0	0
Oct 19, 2023	467270	0	0	0
Oct 20, 2023	467270	0	0	0
Oct 21, 2023	467270	0	0	0
Oct 22, 2023	467270	10	0	0
Oct 23, 2023	467359	0	95	0
Oct 24, 2023	467359	0	0	0
Oct 25, 2023	467359	0	0	0
Oct 26, 2023	467359	0	0	0
Oct 27, 2023	467359	0	0	0
Oct 28, 2023	467359	0	0	0
Oct 29, 2023	467359	15	0	0
Oct 30, 2023	467417	0	59	0
Oct 31, 2023	467417	0	0	0
Nov 01, 2023	467417	0	0	0
Nov 02, 2023	467417	0	0	0
Nov 03, 2023	467417	0	0	0
Nov 04, 2023	467417	0	0	0
Nov 05, 2023	467417	8	0	0
Nov 06, 2023	467504	0	70	0
Nov 07, 2023	467504	0	0	0
Nov 08, 2023	467504	0	0	0
Nov 09, 2023	467504	0	0	0
Nov 10, 2023	467504	0	0	0
Nov 11, 2023	467504	0	0	0
Nov 12, 2023	467504	6	4	0
Nov 13, 2023	467557	0	0	0
Nov 14, 2023	467557	0	0	0
Nov 15, 2023	467557	0	0	0
Nov 16, 2023	467557	0	0	0
Nov 17, 2023	467557	0	0	0
Nov 18, 2023	467557	0	0	0
Nov 19, 2023	467557	9	105	0
Nov 20, 2023	467618	0	0	0
Nov 21, 2023	467618	0	0	0
Nov 22, 2023	467618	0	0	0
Nov 23, 2023	467618	0	0	0
Nov 24, 2023	467618	0	0	0
Nov 25, 2023	467618	5	0	0
Nov 26, 2023	467617	0	102	0
Nov 27, 2023	467617	0	0	0
Nov 28, 2023	467617	0	0	0
Nov 29, 2023	467617	0	0	0
Nov 30, 2023	467617	0	0	0
Dec 01, 2023	467617	0	0	0
Dec 02, 2023	467617	9	0	0
Dec 03, 2023	467713	0	119	0
Dec 04, 2023	467713	0	0	0
Dec 05, 2023	467713	0	0	0
Dec 06, 2023	467713	0	0	0
Dec 07, 2023	467713	0	0	0
Dec 08, 2023	467713	0	0	0
Dec 09, 2023	467713	2	0	0
Dec 10, 2023	467813	0	64	0
Dec 11, 2023	467813	0	0	0
Dec 12, 2023	467813	0	0	0
Dec 13, 2023	467813	0	0	0
Dec 14, 2023	467813	0	0	0
Dec 15, 2023	467813	0	0	0
Dec 16, 2023	467813	8	0	0
Dec 17, 2023	467924	0	7	0
Dec 18, 2023	467924	0	0	0
Dec 19, 2023	467924	0	0	0
Dec 20, 2023	467924	0	0	0
Dec 21, 2023	467924	0	0	0
Dec 22, 2023	467924	0	0	0
Dec 23, 2023	467924	6	0	0
Dec 24, 2023	467982	0	0	0
Dec 25, 2023	467982	0	0	0
Dec 26, 2023	467982	0	0	0
Dec 27, 2023	467982	0	0	0
Dec 28, 2023	467982	0	0	0
Dec 29, 2023	467982	0	0	0
Dec 30, 2023	467982	3	0	0
Dec 31, 2023	467986	0	0	0
Jan 01, 2024	467986	0	0	0
Jan 02, 2024	467986	0	0	0
Jan 03, 2024	467986	0	0	0
Jan 04, 2024	467986	0	0	0
Jan 05, 2024	467986	0	0	0
Jan 06, 2024	467986	0	0	0
Jan 07, 2024	467986	0	0	0
Jan 08, 2024	467986	0	0	0
Jan 09, 2024	467986	0	0	0
Jan 10, 2024	467986	0	0	0
Jan 11, 2024	467986	0	0	0
Jan 12, 2024	467986	0	0	0
Jan 13, 2024	467986	0	0	0
Jan 14, 2024	467986	0	0	0
Jan 15, 2024	467986	0	0	0
Jan 16, 2024	467986	0	0	0
Jan 17, 2024	467986	0	0	0
Jan 18, 2024	467986	0	0	0
Jan 19, 2024	467986	0	0	0
Jan 20, 2024	467986	0	0	0
Jan 21, 2024	467986	0	0	0
Jan 22, 2024	467986	0	0	0
Jan 23, 2024	467986	0	0	0
Jan 24, 2024	467986	0	0	0
Jan 25, 2024	467986	0	0	0
Jan 26, 2024	467986	0	0	0
Jan 27, 2024	467986	0	0	0
Jan 28, 2024	467986	0	0	0
Jan 29, 2024	467986	0	0	0
Jan 30, 2024	467986	0	0	0
Jan 31, 2024	467986	0	0	0
Feb 01, 2024	467986	0	0	0
Feb 02, 2024	467986	0	0	0
Feb 03, 2024	467986	0	0	0
Feb 04, 2024	467986	0	0	0
Feb 05, 2024	467986	0	0	0
Feb 06, 2024	467986	0	0	0
Feb 07, 2024	467986	0	0	0
Feb 08, 2024	467986	0	0	0
Feb 09, 2024	467986	0	0	0
Feb 10, 2024	467986	0	0	0
Feb 11, 2024	467986	0	0	0
Feb 12, 2024	467986	0	0	0
Feb 13, 2024	467986	0	0	0
Feb 14, 2024	467986	0	0	0
Feb 15, 2024	467986	0	0	0
Feb 16, 2024	467986	0	0	0
Feb 17, 2024	467986	0	0	0
Feb 18, 2024	467986	0	0	0
Feb 19, 2024	467986	0	0	0
Feb 20, 2024	467986	0	0	0
Feb 21, 2024	467986	0	0	0
Feb 22, 2024	467986	0	0	0
Feb 23, 2024	467986	0	0	0
Feb 24, 2024	467986	0	0	0
Feb 25, 2024	467986	0	0	0
Feb 26, 2024	467986	0	0	0
Feb 27, 2024	467986	0	0	0
Feb 28, 2024	467986	0	0	0
Feb 29, 2024	467986	0	0	0
Mar 01, 2024	467986	0	0	0
Mar 02, 2024	467986	0	0	0
Mar 03, 2024	467986	0	0	0
Mar 04, 2024	467986	0	0	0
Mar 05, 2024	467986	0	0	0
Mar 06, 2024	467986	0	0	0
Mar 07, 2024	467986	0	0	0
Mar 08, 2024	467986	0	0	0
Mar 09, 2024	467986	0	0	0
Mar 10, 2024	467986	0	0	0
Mar 11, 2024	467986	0	NA	0
Mar 12, 2024	467986	0	NA	0
Mar 13, 2024	467986	0	NA	0
Mar 14, 2024	467986	0	NA	0
Mar 15, 2024	467986	0	NA	0
Mar 16, 2024	467986	0	NA	0
Mar 17, 2024	467986	0	NA	0
Mar 18, 2024	467986	0	NA	0
Mar 19, 2024	467986	0	NA	0
Mar 20, 2024	467986	0	NA	0
Mar 21, 2024	467986	0	NA	0
Mar 22, 2024	467986	0	NA	0
Mar 23, 2024	467986	0	NA	0
Mar 24, 2024	467986	NA	NA	NA
