Dates	Active	Deaths	Newcases	recover
Feb 15, 2020	0	4	0	0
Feb 16, 2020	0	3	1	0
Feb 17, 2020	0	1	7	0
Feb 18, 2020	0	1	0	0
Feb 19, 2020	0	1	0	0
Feb 20, 2020	0	1	1	0
Feb 21, 2020	0	0	1	0
Feb 22, 2020	0	1	0	0
Feb 23, 2020	0	4	3	0
Feb 24, 2020	0	1	1	0
Feb 25, 2020	0	4	3	0
Feb 26, 2020	0	1	5	0
Feb 27, 2020	0	1	3	0
Feb 28, 2020	0	5	2	0
Feb 29, 2020	0	4	3	0
Mar 01, 2020	0	1	29	0
Mar 02, 2020	0	0	0	0
Mar 03, 2020	0	1	13	0
Mar 04, 2020	0	3	7	0
Mar 05, 2020	0	0	16	0
Mar 06, 2020	0	1	10	0
Mar 07, 2020	0	1	8	0
Mar 08, 2020	0	1	8	0
Mar 09, 2020	0	4	9	0
Mar 10, 2020	2	4	7	0
Mar 11, 2020	2	4	18	0
Mar 12, 2020	3	1	26	0
Mar 13, 2020	10	3	11	0
Mar 14, 2020	10	5	16	0
Mar 15, 2020	10	4	54	0
Mar 16, 2020	11	3	4	0
Mar 17, 2020	12	5	7	0
Mar 18, 2020	12	4	25	0
Mar 19, 2020	15	5	30	6
Mar 20, 2020	16	6	24	2
Mar 21, 2020	19	6	43	0
Mar 22, 2020	24	8	44	3
Mar 23, 2020	27	5	24	6
Mar 24, 2020	29	6	28	5
Mar 25, 2020	32	14	27	0
Mar 26, 2020	61	5	44	21
Mar 27, 2020	61	10	34	18
Mar 28, 2020	74	5	11	14
Mar 29, 2020	80	5	63	81
Mar 30, 2020	92	8	31	0
Mar 31, 2020	99	18	104	78
Apr 01, 2020	105	13	59	101
Apr 02, 2020	112	15	84	92
Apr 03, 2020	120	1	64	101
Apr 04, 2020	126	5	39	90
Apr 05, 2020	143	6	57	110
Apr 06, 2020	168	19	57	170
Apr 07, 2020	175	13	62	217
Apr 08, 2020	190	21	241	159
Apr 09, 2020	240	19	124	297
Apr 10, 2020	243	13	87	293
Apr 11, 2020	249	13	121	195
Apr 12, 2020	269	14	84	308
Apr 13, 2020	295	17	195	279
Apr 14, 2020	314	8	185	291
Apr 15, 2020	356	17	171	362
Apr 16, 2020	392	9	119	322
Apr 17, 2020	401	13	275	414
Apr 18, 2020	424	4	133	303
Apr 19, 2020	450	40	184	338
Apr 20, 2020	493	44	224	293
Apr 21, 2020	520	32	205	417
Apr 22, 2020	520	19	249	418
Apr 23, 2020	579	15	262	523
Apr 24, 2020	606	36	175	419
Apr 25, 2020	699	14	218	278
Apr 26, 2020	735	13	438	303
Apr 27, 2020	808	15	268	383
Apr 28, 2020	850	33	392	347
Apr 29, 2020	874	28	336	523
Apr 30, 2020	919	35	348	438
May 01, 2020	957	35	397	554
May 02, 2020	1012	35	476	469
May 03, 2020	1222	28	632	374
May 04, 2020	1333	36	619	295
May 05, 2020	1404	27	344	479
May 06, 2020	1507	23	861	475
May 07, 2020	1574	23	390	496
May 08, 2020	1734	33	549	507
May 09, 2020	1896	44	460	445
May 10, 2020	2036	62	647	493
May 11, 2020	2135	35	607	520
May 12, 2020	2379	40	483	740
May 13, 2020	2490	49	630	790
May 14, 2020	2630	28	285	959
May 15, 2020	2824	47	306	1400
May 16, 2020	2936	58	695	1199
May 17, 2020	3145	76	637	952
May 18, 2020	3382	68	884	1342
May 19, 2020	3541	104	764	997
May 20, 2020	3710	93	913	1488
May 21, 2020	4115	64	617	1350
May 22, 2020	4354	77	614	1204
May 23, 2020	4713	73	810	1602
May 24, 2020	5002	55	802	1154
May 25, 2020	5317	71	814	1613
May 26, 2020	5682	62	977	2625
May 27, 2020	6111	81	1036	2610
May 28, 2020	6723	85	876	2448
May 29, 2020	7276	68	1105	1833
May 30, 2020	7600	69	896	2296
May 31, 2020	8308	78	1098	2219
Jun 01, 2020	8615	42	1016	0
Jun 02, 2020	8955	58	920	41227
Jun 03, 2020	9210	55	1253	4575
Jun 04, 2020	9616	86	848	4883
Jun 05, 2020	10053	76	601	0
Jun 06, 2020	10440	59	1094	0
Jun 07, 2020	10871	89	1008	0
Jun 08, 2020	10958	72	1301	0
Jun 09, 2020	11178	72	1290	0
Jun 10, 2020	11827	105	1253	30813
Jun 11, 2020	12360	88	1226	4914
Jun 12, 2020	13105	82	1212	5938
Jun 13, 2020	13775	63	1036	6408
Jun 14, 2020	14316	85	1439	5088
Jun 15, 2020	14553	97	1129	7440
Jun 16, 2020	14822	117	1452	0
Jun 17, 2020	15274	114	1635	30209
Jun 18, 2020	15799	110	987	5050
Jun 19, 2020	16590	115	1063	5118
Jun 20, 2020	16876	118	1617	3960
Jun 21, 2020	17463	100	1351	4828
Jun 22, 2020	17927	122	1938	5173
Jun 23, 2020	18567	86	1946	4523
Jun 24, 2020	18985	106	2036	4234
Jun 25, 2020	19548	78	1444	4104
Jun 26, 2020	19972	83	1409	4624
Jun 27, 2020	20466	69	1366	4155
Jun 28, 2020	21250	96	1778	3944
Jun 29, 2020	21681	64	1117	5075
Jun 30, 2020	21795	88	1204	4214
Jul 01, 2020	22409	76	1825	3804
Jul 02, 2020	22889	72	1148	4096
Jul 03, 2020	23503	85	1752	4102
Jul 04, 2020	24321	72	1146	3587
Jul 05, 2020	24991	86	1207	3339
Jul 06, 2020	25749	64	1700	3874
Jul 07, 2020	26644	81	1555	3458
Jul 08, 2020	27140	96	2004	3219
Jul 09, 2020	28032	81	1360	3131
Jul 10, 2020	28609	101	1693	3061
Jul 11, 2020	29412	89	1515	2788
Jul 12, 2020	30564	92	1780	2654
Jul 13, 2020	30972	114	1282	2664
Jul 14, 2020	31506	82	1468	2865
Jul 15, 2020	32556	86	1164	3216
Jul 16, 2020	33311	72	944	1513
Jul 17, 2020	34572	122	1636	2635
Jul 18, 2020	35529	40	1693	2345
Jul 19, 2020	37171	81	1743	2198
Jul 20, 2020	38203	99	1388	2824
Jul 21, 2020	39201	136	1491	2425
Jul 22, 2020	40080	113	1196	2190
Jul 23, 2020	41355	72	1198	2265
Jul 24, 2020	42058	72	879	2473
Jul 25, 2020	42590	41	1796	1926
Jul 26, 2020	43996	47	2031	1859
Jul 27, 2020	44863	44	1015	2378
Jul 28, 2020	46221	50	1370	2225
Jul 29, 2020	46777	48	992	2071
Jul 30, 2020	47332	58	722	1699
Jul 31, 2020	48119	48	999	2180
Aug 01, 2020	49287	48	851	1904
Aug 02, 2020	50790	51	1095	1565
Aug 03, 2020	51844	54	1035	2354
Aug 04, 2020	53083	32	1280	1961
Aug 05, 2020	53596	34	945	1877
Aug 06, 2020	54243	40	614	2000
Aug 07, 2020	54483	37	630	1965
Aug 08, 2020	55107	32	669	1693
Aug 09, 2020	55423	38	661	1516
Aug 10, 2020	55394	40	853	2199
Aug 11, 2020	55919	39	799	1878
Aug 12, 2020	56618	35	661	1712
Aug 13, 2020	57196	36	528	1906
Aug 14, 2020	57618	29	835	1914
Aug 15, 2020	58034	31	704	1877
Aug 16, 2020	58230	43	1037	1557
Aug 17, 2020	58503	32	860	2055
Aug 18, 2020	58316	35	967	1845
Aug 19, 2020	58896	37	810	1778
Aug 20, 2020	59504	45	809	1834
Aug 21, 2020	59277	29	828	1833
Aug 22, 2020	59536	29	667	1449
Aug 23, 2020	58681	29	586	1285
Aug 24, 2020	57805	28	547	1999
Aug 25, 2020	57058	37	632	1805
Aug 26, 2020	55970	37	419	1654
Aug 27, 2020	55461	35	206	1530
Aug 28, 2020	54286	31	310	1731
Aug 29, 2020	53101	16	467	1401
Aug 30, 2020	52089	18	537	1295
Aug 31, 2020	50915	26	628	1911
Sep 01, 2020	49553	27	604	1893
Sep 02, 2020	48407	31	370	1726
Sep 03, 2020	46982	33	309	1839
Sep 04, 2020	45912	24	322	1719
Sep 05, 2020	44679	18	418	1432
Sep 06, 2020	43546	21	670	1318
Sep 07, 2020	42110	24	405	2013
Sep 08, 2020	41237	33	503	1825
Sep 09, 2020	39949	27	350	1801
Sep 10, 2020	38818	24	299	1708
Sep 11, 2020	37363	19	239	1855
Sep 12, 2020	36515	18	361	1407
Sep 13, 2020	35721	13	238	1399
Sep 14, 2020	34992	14	263	2219
Sep 15, 2020	34857	22	257	1909
Sep 16, 2020	34452	11	237	2075
Sep 17, 2020	34191	10	111	2053
Sep 18, 2020	34019	10	121	2120
Sep 19, 2020	33870	6	227	1645
Sep 20, 2020	33677	10	219	1365
Sep 21, 2020	33266	10	178	2065
Sep 22, 2020	32915	7	243	1989
Sep 23, 2020	32729	10	148	1711
Sep 24, 2020	32524	13	61	1704
Sep 25, 2020	32572	9	119	4390
Sep 26, 2020	32373	5	147	1429
Sep 27, 2020	32176	7	191	2113
Sep 28, 2020	32069	6	217	1764
Sep 29, 2020	31815	10	167	1842
Sep 30, 2020	31630	7	167	1700
Oct 01, 2020	31631	10	74	1839
Oct 02, 2020	31363	6	99	1402
Oct 03, 2020	31332	8	172	1165
Oct 04, 2020	31202	10	197	1981
Oct 05, 2020	31030	7	163	1580
Oct 06, 2020	30780	9	147	1436
Oct 07, 2020	30578	14	126	1617
Oct 08, 2020	30053	11	76	1665
Oct 09, 2020	29735	4	34	1275
Oct 10, 2020	29422	3	69	1093
Oct 11, 2020	29189	9	126	1638
Oct 12, 2020	28967	12	139	1619
Oct 13, 2020	28650	5	142	1558
Oct 14, 2020	28291	6	84	1582
Oct 15, 2020	27924	4	48	1531
Oct 16, 2020	27214	6	86	1337
Oct 17, 2020	27027	3	103	1033
Oct 18, 2020	26845	5	112	1265
Oct 19, 2020	26607	6	113	1767
Oct 20, 2020	26231	9	180	1613
Oct 21, 2020	25785	10	112	1517
Oct 22, 2020	25139	5	65	1425
Oct 23, 2020	24709	5	125	1246
Oct 24, 2020	24169	3	102	1123
Oct 25, 2020	23883	2	96	1698
Oct 26, 2020	23348	5	187	1481
Oct 27, 2020	22864	2	98	1395
Oct 28, 2020	22481	4	68	1295
Oct 29, 2020	22122	5	56	1350
Oct 30, 2020	21818	1	56	1118
Oct 31, 2020	21536	4	113	1031
Nov 01, 2020	21327	6	129	1591
Nov 02, 2020	21052	2	114	1508
Nov 03, 2020	20869	3	104	1503
Nov 04, 2020	20457	2	98	1218
Nov 05, 2020	20260	2	30	1340
Nov 06, 2020	19845	2	86	1054
Nov 07, 2020	19461	1	102	1079
Nov 08, 2020	19210	7	184	1727
Nov 09, 2020	19012	9	192	1473
Nov 10, 2020	18676	13	139	1313
Nov 11, 2020	18455	11	167	1343
Nov 12, 2020	18038	7	68	1353
Nov 13, 2020	17725	10	97	1170
Nov 14, 2020	17527	5	189	1052
Nov 15, 2020	17310	8	214	1632
Nov 16, 2020	17058	30	325	1529
Nov 17, 2020	16856	14	312	1366
Nov 18, 2020	16616	16	333	1319
Nov 19, 2020	16159	10	120	1332
Nov 20, 2020	15974	11	195	1150
Nov 21, 2020	15723	15	371	1027
Nov 22, 2020	15636	18	498	1557
Nov 23, 2020	15531	22	451	1393
Nov 24, 2020	15368	47	484	1401
Nov 25, 2020	15182	17	621	1377
Nov 26, 2020	14932	24	253	1486
Nov 27, 2020	14529	23	362	1140
Nov 28, 2020	14299	26	674	1070
Nov 29, 2020	14161	40	1005	1683
Nov 30, 2020	13996	40	1057	1501
Dec 01, 2020	13847	40	469	1446
Dec 02, 2020	13150	38	759	1400
Dec 03, 2020	12147	42	494	1410
Dec 04, 2020	11987	26	751	1190
Dec 05, 2020	11746	41	1293	1036
Dec 06, 2020	11702	45	1485	1787
Dec 07, 2020	11564	43	1752	1766
Dec 08, 2020	11477	43	861	1683
Dec 09, 2020	11412	55	1070	1677
Dec 10, 2020	11364	54	606	1665
Dec 11, 2020	11459	57	1010	1420
Dec 12, 2020	11596	59	1597	1227
Dec 13, 2020	11722	67	1713	2044
Dec 14, 2020	11709	55	1910	1589
Dec 15, 2020	11680	63	2263	1893
Dec 16, 2020	11768	60	1644	1884
Dec 17, 2020	12033	54	1098	1912
Dec 18, 2020	12277	52	1392	1664
Dec 19, 2020	12374	50	1473	1533
Dec 20, 2020	12718	61	2057	2334
Dec 21, 2020	12816	76	2198	2222
Dec 22, 2020	12832	59	2573	2039
Dec 23, 2020	13265	63	2091	1980
Dec 24, 2020	13745	55	1503	2054
Dec 25, 2020	14456	67	1550	1805
Dec 26, 2020	14551	44	2357	1783
Dec 27, 2020	15085	69	2655	2672
Dec 28, 2020	15321	66	2648	2400
Dec 29, 2020	15666	68	1864	2425
Dec 30, 2020	16639	49	1732	2144
Dec 31, 2020	17441	64	1048	1915
Jan 01, 2021	18659	49	1781	2535
Jan 02, 2021	19097	48	2390	2474
Jan 03, 2021	19653	33	2866	3728
Jan 04, 2021	20010	41	2652	3088
Jan 05, 2021	20578	30	2666	3115
Jan 06, 2021	21321	51	2005	2675
Jan 07, 2021	22304	38	1438	2735
Jan 08, 2021	23117	28	1464	3088
Jan 09, 2021	24740	24	2127	3022
Jan 10, 2021	25539	30	2021	4823
Jan 11, 2021	26228	39	1787	4156
Jan 12, 2021	26858	40	1676	4216
Jan 13, 2021	27428	31	1218	4112
Jan 14, 2021	28446	33	839	3991
Jan 15, 2021	29541	19	1220	3416
Jan 16, 2021	31529	21	1544	2859
Jan 17, 2021	32925	17	1771	4566
Jan 18, 2021	33898	38	1352	4157
Jan 19, 2021	34613	32	1244	4106
Jan 20, 2021	35617	28	938	3942
Jan 21, 2021	37188	29	696	4289
Jan 22, 2021	38615	18	412	3515
Jan 23, 2021	39419	16	562	3111
Jan 24, 2021	39949	22	789	4892
Jan 25, 2021	40394	13	1029	4341
Jan 26, 2021	41078	27	1152	4236
Jan 27, 2021	42327	19	1095	4091
Jan 28, 2021	43308	28	521	4167
Jan 29, 2021	44555	14	884	3280
Jan 30, 2021	45626	14	1204	2817
Jan 31, 2021	46343	16	1339	4573
Feb 01, 2021	47008	23	1103	3871
Feb 02, 2021	47307	18	1069	3651
Feb 03, 2021	47920	13	656	3723
Feb 04, 2021	48308	13	463	3506
Feb 05, 2021	48470	10	757	2716
Feb 06, 2021	48545	9	790	2339
Feb 07, 2021	48788	14	834	4400
Feb 08, 2021	48897	19	969	3611
Feb 09, 2021	48673	14	937	3391
Feb 10, 2021	48594	24	653	3390
Feb 11, 2021	48559	12	323	3519
Feb 12, 2021	48243	22	463	2983
Feb 13, 2021	47794	21	885	2482
Feb 14, 2021	47359	26	841	4060
Feb 15, 2021	47514	29	778	3688
Feb 16, 2021	46611	18	1084	3692
Feb 17, 2021	46034	23	680	3359
Feb 18, 2021	45610	26	385	3338
Feb 19, 2021	45392	11	670	2821
Feb 20, 2021	45207	8	929	2557
Feb 21, 2021	45390	20	1068	3999
Feb 22, 2021	45449	22	885	3543
Feb 23, 2021	45340	19	867	3619
Feb 24, 2021	43978	28	603	3413
Feb 25, 2021	44090	16	223	3654
Feb 26, 2021	43913	14	573	3124
Feb 27, 2021	44080	9	879	2721
Feb 28, 2021	44114	18	973	4639
Mar 01, 2021	44077	28	774	3939
Mar 02, 2021	44197	23	878	3968
Mar 03, 2021	44231	86	591	3990
Mar 04, 2021	44304	22	326	4124
Mar 05, 2021	44639	9	719	3634
Mar 06, 2021	44521	14	1072	3351
Mar 07, 2021	44460	18	992	5641
Mar 08, 2021	43958	30	916	4841
Mar 09, 2021	43635	37	620	4817
Mar 10, 2021	43665	28	520	4822
Mar 11, 2021	43421	26	467	5159
Mar 12, 2021	42864	30	458	4509
Mar 13, 2021	42670	12	1498	3947
Mar 14, 2021	42591	38	1076	6122
Mar 15, 2021	42360	24	1241	5635
Mar 16, 2021	42199	36	1442	5720
Mar 17, 2021	42147	32	921	5459
Mar 18, 2021	42140	24	525	5956
Mar 19, 2021	40813	35	989	5116
Mar 20, 2021	40773	12	1099	4557
Mar 21, 2021	40646	14	1108	7417
Mar 22, 2021	40210	48	823	6501
Mar 23, 2021	40184	42	1246	6546
Mar 24, 2021	39956	29	1185	6228
Mar 25, 2021	39706	32	521	6760
Mar 26, 2021	39387	23	1296	5772
Mar 27, 2021	39207	23	1313	5190
Mar 28, 2021	38958	31	1386	8099
Mar 29, 2021	38681	51	1330	7232
Mar 30, 2021	38488	38	1501	6962
Mar 31, 2021	38064	65	1293	6864
Apr 01, 2021	37932	43	474	7488
Apr 02, 2021	37863	43	1119	5833
Apr 03, 2021	37621	24	1480	5028
Apr 04, 2021	37342	50	1573	8481
Apr 05, 2021	37351	70	1901	7163
Apr 06, 2021	37304	59	1862	6834
Apr 07, 2021	37476	90	933	7592
Apr 08, 2021	37508	79	1034	5879
Apr 09, 2021	37497	54	1423	5895
Apr 10, 2021	37938	56	1588	5443
Apr 11, 2021	38059	60	1835	8509
Apr 12, 2021	37836	103	1783	7383
Apr 13, 2021	37931	105	1963	6918
Apr 14, 2021	37778	89	1394	6748
Apr 15, 2021	37913	66	1063	6900
Apr 16, 2021	37751	59	1599	5913
Apr 17, 2021	38015	37	2369	4953
Apr 18, 2021	38333	54	2290	7785
Apr 19, 2021	37958	118	2356	6799
Apr 20, 2021	38237	96	2509	6589
Apr 21, 2021	38378	103	1783	6555
Apr 22, 2021	38500	69	1051	6564
Apr 23, 2021	38301	83	2257	5452
Apr 24, 2021	38761	44	2617	4631
Apr 25, 2021	39222	59	2766	7248
Apr 26, 2021	38932	98	2858	6539
Apr 27, 2021	38973	71	3005	6006
Apr 28, 2021	39141	76	2117	5778
Apr 29, 2021	39536	99	1466	6042
Apr 30, 2021	40128	69	2517	5109
May 01, 2021	40682	58	3179	4237
May 02, 2021	40464	73	3213	6603
May 03, 2021	40860	128	3018	5666
May 04, 2021	40992	91	2990	5401
May 05, 2021	41287	101	2144	4928
May 06, 2021	41731	88	1760	5350
May 07, 2021	42694	81	2805	4381
May 08, 2021	43262	45	3439	3979
May 09, 2021	43626	43	3310	6445
May 10, 2021	43552	70	2429	5492
May 11, 2021	43702	88	3000	5452
May 12, 2021	43973	87	2277	5331
May 13, 2021	44730	84	1428	5626
May 14, 2021	45560	56	2832	4658
May 15, 2021	46711	31	2981	4222
May 16, 2021	47273	51	3839	7083
May 17, 2021	47076	72	3233	6091
May 18, 2021	47570	66	3244	6026
May 19, 2021	48451	56	2056	5692
May 20, 2021	49678	58	1607	6406
May 21, 2021	51284	42	2152	5367
May 22, 2021	52576	32	2571	4987
May 23, 2021	53115	35	2836	7984
May 24, 2021	53384	29	2682	6958
May 25, 2021	54178	55	2118	6512
May 26, 2021	55757	60	1648	6920
May 27, 2021	57391	48	1086	5611
May 28, 2021	58858	28	764	5820
May 29, 2021	60079	19	1667	5643
May 30, 2021	60648	32	2270	8386
May 31, 2021	60983	38	2430	7598
Jun 01, 2021	61174	59	2182	7270
Jun 02, 2021	62188	31	1653	6848
Jun 03, 2021	63520	32	922	7106
Jun 04, 2021	64148	38	1633	6083
Jun 05, 2021	64881	15	2055	5334
Jun 06, 2021	65214	17	2001	8722
Jun 07, 2021	64998	31	1662	8119
Jun 08, 2021	65619	42	1598	7466
Jun 09, 2021	66133	31	1206	7021
Jun 10, 2021	67796	38	878	7190
Jun 11, 2021	69094	24	1394	5984
Jun 12, 2021	69962	14	1851	5108
Jun 13, 2021	69864	21	1474	7761
Jun 14, 2021	69414	45	1537	7023
Jun 15, 2021	69130	39	1452	6508
Jun 16, 2021	69117	31	919	6020
Jun 17, 2021	68198	22	646	6136
Jun 18, 2021	68265	15	1195	5106
Jun 19, 2021	67672	18	1379	4086
Jun 20, 2021	67388	20	1397	6467
Jun 21, 2021	66461	23	1367	5462
Jun 22, 2021	65327	29	1239	5047
Jun 23, 2021	63274	26	896	4728
Jun 24, 2021	63186	24	440	4693
Jun 25, 2021	63493	12	971	3646
Jun 26, 2021	63189	12	1052	3293
Jun 27, 2021	63071	21	1174	3605
Jun 28, 2021	62425	80	967	4495
Jun 29, 2021	62001	28	1025	3947
Jun 30, 2021	61708	24	632	3606
Jul 01, 2021	61568	19	448	3437
Jul 02, 2021	60669	27	759	2816
Jul 03, 2021	60109	7	842	2263
Jul 04, 2021	59865	13	905	2767
Jul 05, 2021	59323	24	1029	3079
Jul 06, 2021	58631	14	855	2899
Jul 07, 2021	58693	20	693	2821
Jul 08, 2021	58626	13	393	2698
Jul 09, 2021	58051	28	639	2047
Jul 10, 2021	57818	6	727	1863
Jul 11, 2021	57289	11	832	2677
Jul 12, 2021	56149	17	698	2242
Jul 13, 2021	55867	20	467	2039
Jul 14, 2021	55712	21	434	1971
Jul 15, 2021	55615	20	367	1830
Jul 16, 2021	55236	11	608	1521
Jul 17, 2021	55055	9	788	1173
Jul 18, 2021	54722	18	770	1879
Jul 19, 2021	53572	23	717	1542
Jul 20, 2021	52723	21	685	1515
Jul 21, 2021	52290	13	500	1385
Jul 22, 2021	52071	11	297	1093
Jul 23, 2021	51446	10	597	1145
Jul 24, 2021	50752	5	706	1047
Jul 25, 2021	50306	2	715	1565
Jul 26, 2021	49707	15	738	1359
Jul 27, 2021	49096	12	742	1184
Jul 28, 2021	48528	17	468	1141
Jul 29, 2021	48281	10	249	1147
Jul 30, 2021	47935	14	488	916
Jul 31, 2021	47549	6	590	821
Aug 01, 2021	47367	9	682	1217
Aug 02, 2021	47097	9	530	1063
Aug 03, 2021	46525	13	514	986
Aug 04, 2021	46164	12	355	911
Aug 05, 2021	45970	20	254	851
Aug 06, 2021	45563	7	411	772
Aug 07, 2021	45094	6	412	785
Aug 08, 2021	44672	6	461	1019
Aug 09, 2021	44337	9	419	942
Aug 10, 2021	43744	10	461	837
Aug 11, 2021	43531	7	289	788
Aug 12, 2021	43149	8	171	829
Aug 13, 2021	42882	2	435	665
Aug 14, 2021	42496	2	403	613
Aug 15, 2021	42183	7	396	958
Aug 16, 2021	41871	9	379	790
Aug 17, 2021	41844	10	371	738
Aug 18, 2021	41713	9	230	682
Aug 19, 2021	41650	15	141	682
Aug 20, 2021	41364	12	237	540
Aug 21, 2021	41110	2	340	531
Aug 22, 2021	40844	2	420	807
Aug 23, 2021	40317	4	322	665
Aug 24, 2021	39991	5	346	613
Aug 25, 2021	39859	5	250	562
Aug 26, 2021	39665	9	150	579
Aug 27, 2021	39167	6	286	465
Aug 28, 2021	38735	3	290	420
Aug 29, 2021	38397	5	308	675
Aug 30, 2021	37899	3	347	542
Aug 31, 2021	37173	5	264	544
Sep 01, 2021	36330	7	195	469
Sep 02, 2021	35978	6	105	450
Sep 03, 2021	35244	8	307	386
Sep 04, 2021	34585	2	446	335
Sep 05, 2021	34164	5	442	462
Sep 06, 2021	33687	6	355	412
Sep 07, 2021	33006	4	378	437
Sep 08, 2021	32632	4	356	386
Sep 09, 2021	32191	5	183	444
Sep 10, 2021	31546	2	254	372
Sep 11, 2021	31053	3	431	332
Sep 12, 2021	30471	2	503	544
Sep 13, 2021	29987	4	472	471
Sep 14, 2021	29378	4	410	423
Sep 15, 2021	28805	4	303	397
Sep 16, 2021	28316	9	187	460
Sep 17, 2021	27777	1	199	428
Sep 18, 2021	27256	3	480	396
Sep 19, 2021	26850	2	556	602
Sep 20, 2021	26352	6	542	494
Sep 21, 2021	25926	6	451	584
Sep 22, 2021	25280	9	327	509
Sep 23, 2021	24552	9	177	492
Sep 24, 2021	24174	4	480	485
Sep 25, 2021	23262	3	549	549
Sep 26, 2021	22778	3	483	879
Sep 27, 2021	22278	6	536	760
Sep 28, 2021	21867	9	574	687
Sep 29, 2021	21632	13	433	694
Sep 30, 2021	21490	6	210	640
Oct 01, 2021	21305	12	551	490
Oct 02, 2021	21128	1	677	562
Oct 03, 2021	20988	5	707	884
Oct 04, 2021	20751	8	606	717
Oct 05, 2021	20491	13	652	724
Oct 06, 2021	20439	6	472	712
Oct 07, 2021	20267	2	226	802
Oct 08, 2021	20254	11	482	708
Oct 09, 2021	20140	6	387	679
Oct 10, 2021	19965	12	694	1062
Oct 11, 2021	19646	16	880	982
Oct 12, 2021	19343	8	976	976
Oct 13, 2021	19290	17	673	972
Oct 14, 2021	19238	16	364	1046
Oct 15, 2021	19366	17	604	986
Oct 16, 2021	19009	7	799	1003
Oct 17, 2021	18816	10	884	1240
Oct 18, 2021	18480	17	965	1726
Oct 19, 2021	18198	8	1012	1574
Oct 20, 2021	18178	9	614	1386
Oct 21, 2021	18220	5	341	1430
Oct 22, 2021	18259	5	776	1303
Oct 23, 2021	18358	7	926	1211
Oct 24, 2021	18384	26	1119	1982
Oct 25, 2021	18100	17	1074	1921
Oct 26, 2021	18009	13	1027	1921
Oct 27, 2021	18197	6	668	1703
Oct 28, 2021	18417	24	411	1790
Oct 29, 2021	18639	0	883	1598
Oct 30, 2021	18845	13	1059	1506
Oct 31, 2021	18842	14	1203	2298
Nov 01, 2021	18554	26	1125	2110
Nov 02, 2021	18547	17	1359	1950
Nov 03, 2021	18545	19	642	1956
Nov 04, 2021	18663	17	715	1811
Nov 05, 2021	19001	20	1087	1536
Nov 06, 2021	19515	12	1088	1606
Nov 07, 2021	19617	19	1115	2177
Nov 08, 2021	19515	21	1107	2640
Nov 09, 2021	19550	16	1220	2565
Nov 10, 2021	19910	20	770	2430
Nov 11, 2021	20316	14	531	2354
Nov 12, 2021	20901	16	1276	1975
Nov 13, 2021	21515	8	1489	1992
Nov 14, 2021	21723	22	1737	2852
Nov 15, 2021	21361	47	1746	2748
Nov 16, 2021	21546	29	1878	2433
Nov 17, 2021	21648	31	1070	2238
Nov 18, 2021	21989	32	522	2481
Nov 19, 2021	22547	11	1891	1869
Nov 20, 2021	23002	11	1766	1833
Nov 21, 2021	23103	31	1800	2849
Nov 22, 2021	23007	48	2119	2442
Nov 23, 2021	23102	39	1954	2399
Nov 24, 2021	23243	41	1220	2176
Nov 25, 2021	23793	46	889	2271
Nov 26, 2021	24440	24	1844	1933
Nov 27, 2021	25094	27	2376	1831
Nov 28, 2021	25053	16	1909	2769
Nov 29, 2021	25002	58	2242	2383
Nov 30, 2021	25104	48	2129	2131
Dec 01, 2021	25155	47	1355	1983
Dec 02, 2021	25492	40	1206	1892
Dec 03, 2021	25952	51	2882	1613
Dec 04, 2021	26229	16	4934	1428
Dec 05, 2021	26166	38	6149	2133
Dec 06, 2021	25918	88	7980	1841
Dec 07, 2021	26273	63	7728	1856
Dec 08, 2021	26963	66	3550	1493
Dec 09, 2021	27676	67	3910	1580
Dec 10, 2021	28293	39	7371	1300
Dec 11, 2021	28943	22	9242	1132
Dec 12, 2021	29208	42	10263	1796
Dec 13, 2021	28917	50	11002	1532
Dec 14, 2021	29797	55	11190	1135
Dec 15, 2021	30499	51	7823	1363
Dec 16, 2021	31653	42	5334	1367
Dec 17, 2021	32402	27	8857	1107
Dec 18, 2021	32980	29	11213	994
Dec 19, 2021	32975	33	14063	1502
Dec 20, 2021	33678	61	14160	1275
Dec 21, 2021	34040	35	14461	1179
Dec 22, 2021	35389	29	9150	1089
Dec 23, 2021	36195	30	5265	1137
Dec 24, 2021	36626	28	9057	964
Dec 25, 2021	37249	21	10835	1008
Dec 26, 2021	37256	21	10867	1369
Dec 27, 2021	37001	29	9993	1266
Dec 28, 2021	38132	20	9590	1193
Dec 29, 2021	41853	21	5551	1183
Dec 30, 2021	46779	21	3381	1177
Dec 31, 2021	52859	23	6974	1046
Jan 01, 2022	58353	17	7649	1186
Jan 02, 2022	60186	13	6938	1964
Jan 03, 2022	62295	17	6587	1748
Jan 04, 2022	67798	11	5423	1559
Jan 05, 2022	75650	16	3017	1645
Jan 06, 2022	84116	14	2083	1699
Jan 07, 2022	92455	0	3425	1893
Jan 08, 2022	99769	6	3825	2520
Jan 09, 2022	102835	8	4145	4223
Jan 10, 2022	101931	14	3396	4187
Jan 11, 2022	104429	6	2821	4375
Jan 12, 2022	112360	8	1857	4359
Jan 13, 2022	122536	5	1062	5233
Jan 14, 2022	130081	7	2095	4792
Jan 15, 2022	137100	6	2233	5195
Jan 16, 2022	138262	6	1783	9513
Jan 17, 2022	136480	3	1969	9440
Jan 18, 2022	138070	2	1758	10154
Jan 19, 2022	142874	10	733	10191
Jan 20, 2022	148186	2	352	10873
Jan 21, 2022	150194	6	1270	10281
Jan 22, 2022	151253	2	1104	10743
Jan 23, 2022	148712	6	981	17643
Jan 24, 2022	144821	1	1086	17606
Jan 25, 2022	145165	0	1336	17560
Jan 26, 2022	147158	2	0	19547
Jan 27, 2022	148213	1	236	20698
Jan 28, 2022	150507	0	673	19491
Jan 29, 2022	149319	0	692	19098
Jan 30, 2022	146295	2	739	32258
Jan 31, 2022	141704	1	686	32072
Feb 01, 2022	138600	1	511	32013
Feb 02, 2022	137807	3	175	32015
Feb 03, 2022	138590	2	107	33191
Feb 04, 2022	136514	0	65	27462
Feb 05, 2022	132521	1	117	24936
Feb 06, 2022	129894	0	263	42657
Feb 07, 2022	126429	0	425	41565
Feb 08, 2022	122798	1	351	38428
Feb 09, 2022	119422	3	416	35978
Feb 10, 2022	117248	0	131	35234
Feb 11, 2022	115473	0	326	29313
Feb 12, 2022	113299	0	430	26272
Feb 13, 2022	111332	2	461	42721
Feb 14, 2022	108804	0	429	39816
Feb 15, 2022	107344	0	354	36232
Feb 16, 2022	105951	1	287	33600
Feb 17, 2022	104499	0	104	31474
Feb 18, 2022	103211	1	481	26103
Feb 19, 2022	100568	0	494	23224
Feb 20, 2022	100568	1	477	37720
Feb 21, 2022	92145	0	276	33817
Feb 22, 2022	88671	0	307	31109
Feb 23, 2022	87618	2	173	27992
Feb 24, 2022	87219	0	90	26873
Feb 25, 2022	86037	0	212	21445
Feb 26, 2022	85112	0	261	19448
Feb 27, 2022	84072	0	297	30861
Feb 28, 2022	83030	0	288	27264
Mar 01, 2022	81842	2	263	24111
Mar 02, 2022	81046	0	184	22101
Mar 03, 2022	79508	2	75	21739
Mar 04, 2022	78528	0	220	17248
Mar 05, 2022	76871	0	165	15487
Mar 06, 2022	75933	1	191	25031
Mar 07, 2022	74744	1	192	21403
Mar 08, 2022	73440	1	181	19299
Mar 09, 2022	72137	1	132	17788
Mar 10, 2022	71119	0	49	17190
Mar 11, 2022	70365	1	108	14417
Mar 12, 2022	69350	0	144	12607
Mar 13, 2022	68341	0	171	19787
Mar 14, 2022	66983	1	142	17020
Mar 15, 2022	66075	1	182	16198
Mar 16, 2022	65002	4	62	14727
Mar 17, 2022	64155	5	90	14296
Mar 18, 2022	62922	4	81	11884
Mar 19, 2022	61594	0	107	10936
Mar 20, 2022	60346	0	93	16540
Mar 21, 2022	59040	0	99	13314
Mar 22, 2022	57634	1	52	11867
Mar 23, 2022	56234	0	60	9931
Mar 24, 2022	54748	1	20	9253
Mar 25, 2022	53167	0	121	7040
Mar 26, 2022	51469	0	97	6230
Mar 27, 2022	49690	0	86	9856
Mar 28, 2022	48291	1	82	7854
Mar 29, 2022	46682	0	0	7170
Mar 30, 2022	45111	0	152	6172
Mar 31, 2022	43538	17	33	6010
Apr 01, 2022	41680	0	97	4597
Apr 02, 2022	40301	0	81	4227
Apr 03, 2022	39019	0	101	6503
Apr 04, 2022	38005	0	125	5262
Apr 05, 2022	36788	0	91	4807
Apr 06, 2022	35796	0	67	4075
Apr 07, 2022	35127	0	33	3813
Apr 08, 2022	34490	1	23	3015
Apr 09, 2022	33827	1	53	2851
Apr 10, 2022	33142	0	62	4485
Apr 11, 2022	32715	0	60	3743
Apr 12, 2022	32147	1	83	3108
Apr 13, 2022	31599	0	73	2856
Apr 14, 2022	31087	1	25	2807
Apr 15, 2022	30613	0	77	2258
Apr 16, 2022	30211	0	125	2113
Apr 17, 2022	29769	1	165	3195
Apr 18, 2022	29399	0	174	2585
Apr 19, 2022	29044	0	89	2237
Apr 20, 2022	28710	0	63	2046
Apr 21, 2022	28229	0	75	1680
Apr 22, 2022	27812	1	112	1922
Apr 23, 2022	27812	0	129	2095
Apr 24, 2022	27050	0	135	3240
Apr 25, 2022	26767	0	146	2492
Apr 26, 2022	26337	1	270	2159
Apr 27, 2022	25807	0	211	1989
Apr 28, 2022	25371	1	83	1911
Apr 29, 2022	24916	0	158	1761
Apr 30, 2022	24621	0	302	1645
May 01, 2022	24198	0	191	2559
May 02, 2022	24009	0	179	2344
May 03, 2022	23811	0	246	2168
May 04, 2022	23504	0	142	2017
May 05, 2022	22991	0	134	2084
May 06, 2022	22419	0	203	2118
May 07, 2022	22027	0	248	2204
May 08, 2022	21818	1	262	3383
May 09, 2022	21489	0	261	3228
May 10, 2022	21328	0	286	2974
May 11, 2022	21044	0	215	2836
May 12, 2022	20881	0	94	2900
May 13, 2022	20849	1	288	2975
May 14, 2022	20706	0	316	3076
May 15, 2022	20538	0	356	4707
May 16, 2022	20389	0	447	4716
May 17, 2022	20210	0	400	4600
May 18, 2022	19960	0	237	4268
May 19, 2022	19851	2	201	4552
May 20, 2022	19729	2	396	4536
May 21, 2022	19663	1	493	4335
May 22, 2022	19601	0	512	7045
May 23, 2022	19351	1	378	6366
May 24, 2022	18957	4	575	6065
May 25, 2022	18950	0	397	5745
May 26, 2022	18731	1	276	6204
May 27, 2022	18548	5	592	5349
May 28, 2022	18226	0	539	5549
May 29, 2022	17975	1	906	8820
May 30, 2022	17714	3	1014	8336
May 31, 2022	17409	4	1186	7775
Jun 01, 2022	17053	2	858	7193
Jun 02, 2022	16894	0	509	7088
Jun 03, 2022	16739	0	1017	6332
Jun 04, 2022	16482	3	1402	5904
Jun 05, 2022	16128	7	1573	9926
Jun 06, 2022	15833	2	1622	8852
Jun 07, 2022	15679	8	1732	8941
Jun 08, 2022	15546	8	1094	8202
Jun 09, 2022	15496	6	629	8950
Jun 10, 2022	15510	4	1782	8305
Jun 11, 2022	15442	4	2280	7900
Jun 12, 2022	15242	4	2467	12888
Jun 13, 2022	14977	7	2910	11438
Jun 14, 2022	14848	4	2695	10592
Jun 15, 2022	14835	9	1979	9980
Jun 16, 2022	14910	8	1332	10073
Jun 17, 2022	14848	3	3037	8630
Jun 18, 2022	14969	5	3801	8171
Jun 19, 2022	15031	8	4173	13416
Jun 20, 2022	14848	3	4150	11685
Jun 21, 2022	15010	8	4479	10770
Jun 22, 2022	15297	3	2954	9701
Jun 23, 2022	15904	6	1440	9226
Jun 24, 2022	16501	2	4353	7546
Jun 25, 2022	17224	4	5733	6885
Jun 26, 2022	17571	7	5892	11791
Jun 27, 2022	17738	8	6050	8587
Jun 28, 2022	18129	3	5935	11813
Jun 29, 2022	18966	7	3598	9858
Jun 30, 2022	20153	6	2187	9217
Jul 01, 2022	21021	3	4519	7879
Jul 02, 2022	22207	6	6333	6909
Jul 03, 2022	22670	9	6426	8653
Jul 04, 2022	22260	6	6014	11748
Jul 05, 2022	22902	5	5331	10238
Jul 06, 2022	24397	9	3570	8795
Jul 07, 2022	26337	3	1907	8551
Jul 08, 2022	28242	1	4339	7422
Jul 09, 2022	29392	3	5359	6931
Jul 10, 2022	29907	4	4832	10936
Jul 11, 2022	29745	2	4348	9560
Jul 12, 2022	31286	6	4106	8638
Jul 13, 2022	34024	3	2288	8091
Jul 14, 2022	37486	5	1633	7854
Jul 15, 2022	40061	3	2933	6612
Jul 16, 2022	42666	1	3183	6288
Jul 17, 2022	43634	1	3072	9598
Jul 18, 2022	42614	2	3222	8129
Jul 19, 2022	44795	2	2556	7434
Jul 20, 2022	48937	1	1835	6219
Jul 21, 2022	53582	4	1046	6158
Jul 22, 2022	57073	3	1761	5345
Jul 23, 2022	59355	1	2334	5289
Jul 24, 2022	59459	0	1944	9024
Jul 25, 2022	59665	2	1706	7889
Jul 26, 2022	61008	1	1471	7572
Jul 27, 2022	64176	2	1052	7139
Jul 28, 2022	68629	2	698	7411
Jul 29, 2022	70993	0	1067	6867
Jul 30, 2022	71650	1	1338	6541
Jul 31, 2022	70888	1	1221	10378
Aug 01, 2022	68144	0	1183	8837
Aug 02, 2022	67828	1	1007	8430
Aug 03, 2022	70278	7	684	6601
Aug 04, 2022	73061	1	394	6602
Aug 05, 2022	73894	1	708	8184
Aug 06, 2022	73093	0	832	7646
Aug 07, 2022	71316	1	725	7532
Aug 08, 2022	68414	0	631	12328
Aug 09, 2022	66777	0	548	10558
Aug 10, 2022	66474	0	333	10033
Aug 11, 2022	67901	3	213	9376
Aug 12, 2022	67237	0	319	9495
Aug 13, 2022	65713	0	437	9218
Aug 14, 2022	64712	1	378	8458
Aug 15, 2022	63048	0	307	13732
Aug 16, 2022	61225	1	269	11781
Aug 17, 2022	61466	0	223	11135
Aug 18, 2022	61805	3	107	0
Aug 19, 2022	60568	0	177	18721
Aug 20, 2022	59650	0	219	7626
Aug 21, 2022	58186	0	192	6902
Aug 22, 2022	56750	0	170	0
Aug 23, 2022	55878	0	149	19792
Aug 24, 2022	55216	0	90	9411
Aug 25, 2022	55035	0	62	0
Aug 26, 2022	54297	0	119	16290
Aug 27, 2022	53334	0	136	6900
Aug 28, 2022	52438	0	127	0
Aug 29, 2022	51730	0	106	15291
Aug 30, 2022	50789	0	93	7843
Aug 31, 2022	50409	0	71	0
Sep 01, 2022	50122	0	55	13154
Sep 02, 2022	49333	0	55	0
Sep 03, 2022	48461	0	92	11084
Sep 04, 2022	47804	0	74	4775
Sep 05, 2022	46945	0	66	6659
Sep 06, 2022	46055	0	67	5660
Sep 07, 2022	45584	0	54	5095
Sep 08, 2022	45345	2	31	0
Sep 09, 2022	44603	0	68	8943
Sep 10, 2022	44114	0	57	3957
Sep 11, 2022	43615	0	55	3619
Sep 12, 2022	42964	0	68	0
Sep 13, 2022	42257	0	53	10670
Sep 14, 2022	41887	0	44	4136
Sep 15, 2022	41457	0	10	3661
Sep 16, 2022	40730	0	66	3615
Sep 17, 2022	40057	0	50	3055
Sep 18, 2022	39702	0	47	0
Sep 19, 2022	39194	0	38	0
Sep 20, 2022	38676	0	45	9698
Sep 21, 2022	38259	0	30	2669
Sep 22, 2022	37932	1	18	2231
Sep 23, 2022	37397	0	41	1939
Sep 24, 2022	36681	0	48	0
Sep 25, 2022	36346	0	38	5148
Sep 26, 2022	35871	1	48	3274
Sep 27, 2022	35464	0	41	4565
Sep 28, 2022	35064	2	26	0
Sep 29, 2022	34677	0	14	7462
Sep 30, 2022	34172	0	25	3168
Oct 01, 2022	33545	0	32	2977
Oct 02, 2022	33088	1	0	2799
Oct 03, 2022	32768	0	76	4139
Oct 04, 2022	32215	0	32	0
Oct 05, 2022	31843	0	20	6565
Oct 06, 2022	31339	0	10	2719
Oct 07, 2022	30858	0	14	2674
Oct 08, 2022	30392	0	30	2544
Oct 09, 2022	29946	0	21	2669
Oct 10, 2022	29369	0	17	4096
Oct 11, 2022	28777	0	52	3433
Oct 12, 2022	28040	0	20	3064
Oct 13, 2022	27459	1	12	3026
Oct 14, 2022	26891	1	39	2939
Oct 15, 2022	26385	0	38	0
Oct 16, 2022	25935	1	40	5715
Oct 17, 2022	25554	0	33	13276
Oct 18, 2022	25099	1	34	0
Oct 19, 2022	24712	0	25	8169
Oct 20, 2022	24360	0	16	4036
Oct 21, 2022	23927	1	51	4222
Oct 22, 2022	23464	1	59	7620
Oct 23, 2022	23065	1	66	5520
Oct 24, 2022	22747	1	50	5418
Oct 25, 2022	22250	0	56	5623
Oct 26, 2022	21876	1	50	0
Oct 27, 2022	21876	0	20	10304
Oct 28, 2022	20894	0	66	5021
Oct 29, 2022	20407	0	68	0
Oct 30, 2022	19866	0	89	14528
Oct 31, 2022	19322	0	92	5605
Nov 01, 2022	18820	9	103	4865
Nov 02, 2022	18343	0	93	4334
Nov 03, 2022	17858	4	65	0
Nov 04, 2022	17337	0	111	7420
Nov 05, 2022	16867	3	209	5244
Nov 06, 2022	16373	2	271	5180
Nov 07, 2022	15855	3	289	7836
Nov 08, 2022	15383	3	380	7496
Nov 09, 2022	14885	0	283	6762
Nov 10, 2022	14399	3	192	5336
Nov 11, 2022	13909	2	496	5533
Nov 12, 2022	13438	1	811	8947
Nov 13, 2022	12974	1	1106	6535
Nov 14, 2022	12530	6	1203	5802
Nov 15, 2022	12223	1	1315	5611
Nov 16, 2022	12053	8	956	5297
Nov 17, 2022	11915	0	531	4342
Nov 18, 2022	11710	5	1593	4352
Nov 19, 2022	11584	1	2271	7735
Nov 20, 2022	11475	0	2263	5912
Nov 21, 2022	11345	5	2538	5493
Nov 22, 2022	11266	3	2581	5050
Nov 23, 2022	11179	2	1512	4852
Nov 24, 2022	11145	3	878	3906
Nov 25, 2022	11072	1	2491	3946
Nov 26, 2022	11022	1	2797	6425
Nov 27, 2022	10962	3	2989	4820
Nov 28, 2022	10910	1	2997	7309
Nov 29, 2022	10867	2	2912	1211
Nov 30, 2022	10970	3	1772	3883
Dec 01, 2022	11153	0	834	3193
Dec 02, 2022	11287	4	860	3318
Dec 03, 2022	11538	2	2805	0
Dec 04, 2022	11720	2	3145	9392
Dec 05, 2022	11788	0	2791	0
Dec 06, 2022	12150	2	2070	7072
Dec 07, 2022	12846	1	1504	3210
Dec 08, 2022	13830	2	583	2628
Dec 09, 2022	14881	1	731	2552
Dec 10, 2022	16004	0	1539	0
Dec 11, 2022	16659	0	1650	0
Dec 12, 2022	16986	0	1686	0
Dec 13, 2022	18246	0	1656	0
Dec 14, 2022	20201	1	1033	12564
Dec 15, 2022	21453	1	705	6807
Dec 16, 2022	23472	0	1034	2915
Dec 17, 2022	25268	0	1555	4578
Dec 18, 2022	25792	1	1445	3605
Dec 19, 2022	25527	3	1222	3572
Dec 20, 2022	26756	0	1139	3353
Dec 21, 2022	28685	1	695	3323
Dec 22, 2022	31113	2	430	3122
Dec 23, 2022	32562	1	751	3184
Dec 24, 2022	33328	1	975	5283
Dec 25, 2022	32991	0	864	4287
Dec 26, 2022	31542	0	759	3767
Dec 27, 2022	30137	0	731	3848
Dec 28, 2022	31613	0	449	0
Dec 29, 2022	33874	0	228	7093
Dec 30, 2022	34529	1	207	3889
Dec 31, 2022	33983	0	377	6752
Jan 01, 2023	33191	0	782	5186
Jan 02, 2023	32490	1	766	4458
Jan 03, 2023	30838	2	578	3703
Jan 04, 2023	31090	1	390	3277
Jan 05, 2023	32010	0	203	2385
Jan 06, 2023	32741	0	301	2929
Jan 07, 2023	31833	3	394	4074
Jan 08, 2023	30344	0	359	5084
Jan 09, 2023	29099	0	363	3985
Jan 10, 2023	28321	1	355	3604
Jan 11, 2023	28626	0	216	3164
Jan 12, 2023	29069	1	117	2578
Jan 13, 2023	29100	1	159	2530
Jan 14, 2023	28673	0	313	4091
Jan 15, 2023	27905	0	249	3118
Jan 16, 2023	27049	0	189	2756
Jan 17, 2023	26596	0	218	0
Jan 18, 2023	26534	0	172	4944
Jan 19, 2023	26376	0	82	0
Jan 20, 2023	25950	0	170	4047
Jan 21, 2023	24718	0	150	3094
Jan 22, 2023	23673	0	201	2409
Jan 23, 2023	22788	0	199	2041
Jan 24, 2023	22070	0	0	2101
Jan 25, 2023	21872	1	0	1844
Jan 26, 2023	21862	0	312	1608
Jan 27, 2023	21313	0	42	1600
Jan 28, 2023	20776	1	37	2395
Jan 29, 2023	20357	0	75	1915
Jan 30, 2023	19877	0	156	1677
Jan 31, 2023	19497	0	182	1607
Feb 01, 2023	19403	1	192	1567
Feb 02, 2023	19137	0	45	1502
Feb 03, 2023	18992	0	76	1398
Feb 04, 2023	18704	0	247	2091
Feb 05, 2023	18081	4	162	1615
Feb 06, 2023	17617	0	232	1606
Feb 07, 2023	17292	0	165	1470
Feb 08, 2023	17077	0	93	3823
Feb 09, 2023	16840	0	62	0
Feb 10, 2023	16502	0	99	183
Feb 11, 2023	16273	1	118	2002
Feb 12, 2023	16106	0	90	1639
Feb 13, 2023	15974	1	110	1483
Feb 14, 2023	15762	0	0	1410
Feb 15, 2023	15681	0	0	1318
Feb 16, 2023	15664	0	226	0
Feb 17, 2023	15527	0	74	0
Feb 18, 2023	15527	0	107	4433
Feb 19, 2023	15527	0	96	0
Feb 20, 2023	14666	1	83	3173
Feb 21, 2023	14466	0	91	1585
Feb 22, 2023	14243	0	48	1674
Feb 23, 2023	14104	0	59	0
Feb 24, 2023	13793	0	60	3396
Feb 25, 2023	13511	0	50	2668
Feb 26, 2023	13412	0	85	2210
Feb 27, 2023	13250	0	89	2039
Feb 28, 2023	13004	0	66	2091
Mar 01, 2023	12819	0	47	1963
Mar 02, 2023	12796	0	25	0
Mar 03, 2023	12745	0	58	0
Mar 04, 2023	12629	0	65	7102
Mar 05, 2023	12507	1	52	2710
Mar 06, 2023	12297	0	45	2592
Mar 07, 2023	12140	0	67	2602
Mar 08, 2023	11633	0	31	2722
Mar 09, 2023	11437	0	27	0
Mar 10, 2023	11266	0	43	5428
Mar 11, 2023	11266	0	50	4092
Mar 12, 2023	11266	0	73	3657
Mar 13, 2023	10789	1	59	3426
Mar 14, 2023	10699	0	0	3676
Mar 15, 2023	10640	0	0	3819
Mar 16, 2023	10577	0	98	3535
Mar 17, 2023	10420	0	30	3596
Mar 18, 2023	10343	0	79	5249
Mar 19, 2023	10215	0	46	4031
Mar 20, 2023	10101	0	48	3712
Mar 21, 2023	10060	0	30	3546
Mar 22, 2023	9997	0	50	3237
Mar 23, 2023	9961	1	26	0
Mar 24, 2023	9886	2	39	5760
Mar 25, 2023	9802	1	57	4205
Mar 26, 2023	9700	1	51	0
Mar 27, 2023	9656	0	52	5627
Mar 28, 2023	9557	0	0	2524
Mar 29, 2023	9437	0	94	2180
Mar 30, 2023	9419	0	28	0
Mar 31, 2023	9316	0	67	0
Apr 01, 2023	9268	0	64	6226
Apr 02, 2023	9199	0	52	1850
Apr 03, 2023	9183	0	77	0
Apr 04, 2023	9189	1	88	2993
Apr 05, 2023	9102	0	40	1170
Apr 06, 2023	9133	0	39	1047
Apr 07, 2023	9102	0	47	1146
Apr 08, 2023	9102	0	42	1456
Apr 09, 2023	9102	0	51	0
Apr 10, 2023	8960	0	73	0
Apr 11, 2023	8908	1	83	0
Apr 12, 2023	8940	0	36	0
Apr 13, 2023	8950	0	20	4096
Apr 14, 2023	8926	0	61	788
Apr 15, 2023	8892	0	57	1201
Apr 16, 2023	8836	0	70	773
Apr 17, 2023	8723	0	62	597
Apr 18, 2023	8678	0	63	566
Apr 19, 2023	8690	0	55	561
Apr 20, 2023	8689	0	12	428
Apr 21, 2023	8688	0	58	0
Apr 22, 2023	8688	1	61	979
Apr 23, 2023	8611	1	69	0
Apr 24, 2023	8598	0	76	795
Apr 25, 2023	8615	0	90	383
Apr 26, 2023	8631	0	56	342
Apr 27, 2023	8644	0	26	0
Apr 28, 2023	8663	0	0	0
Apr 29, 2023	8693	0	0	0
Apr 30, 2023	8678	0	295	1276
May 01, 2023	8662	1	77	240
May 02, 2023	8660	0	0	175
May 03, 2023	8659	0	0	203
May 04, 2023	8668	0	0	134
May 05, 2023	8655	0	265	152
May 06, 2023	8543	0	123	180
May 07, 2023	8519	0	100	240
May 08, 2023	8487	0	0	141
May 09, 2023	8465	0	243	0
May 10, 2023	8487	0	105	305
May 11, 2023	8513	3	40	0
May 12, 2023	8534	0	88	255
May 13, 2023	8545	0	140	181
May 14, 2023	8530	0	162	0
May 15, 2023	8491	2	109	219
May 16, 2023	8471	0	118	97
May 17, 2023	8418	0	103	104
May 18, 2023	8342	0	59	0
May 19, 2023	8358	0	117	186
May 20, 2023	8350	0	193	123
May 21, 2023	8315	0	196	112
May 22, 2023	8270	0	210	63
May 23, 2023	8270	0	198	74
May 24, 2023	8270	0	170	77
May 25, 2023	8393	0	74	54
May 26, 2023	8403	0	131	64
May 27, 2023	8403	0	217	85
May 28, 2023	8403	0	152	66
May 29, 2023	8403	0	131	42
May 30, 2023	8387	0	221	68
May 31, 2023	8396	0	187	36
Jun 01, 2023	8453	0	66	43
Jun 02, 2023	8453	0	0	33
Jun 03, 2023	8546	0	310	60
Jun 04, 2023	8566	0	166	52
Jun 05, 2023	8536	7	0	34
Jun 06, 2023	8561	0	0	32
Jun 07, 2023	8633	0	0	42
Jun 08, 2023	8704	0	0	24
Jun 09, 2023	8713	0	0	27
Jun 10, 2023	8730	0	0	42
Jun 11, 2023	8694	0	0	31
Jun 12, 2023	8644	0	0	26
Jun 13, 2023	8673	0	0	22
Jun 14, 2023	8757	0	0	23
Jun 15, 2023	8844	0	0	24
Jun 16, 2023	8922	0	0	22
Jun 17, 2023	9019	0	0	51
Jun 18, 2023	9054	0	0	28
Jun 19, 2023	9039	0	0	38
Jun 20, 2023	9039	0	0	26
Jun 21, 2023	9125	0	0	27
Jun 22, 2023	9231	0	0	20
Jun 23, 2023	9253	0	0	20
Jun 24, 2023	9278	0	2493	32
Jun 25, 2023	9352	0	64	17
Jun 26, 2023	9317	0	0	16
Jun 27, 2023	9317	0	80	19
Jun 28, 2023	9425	0	71	29
Jun 29, 2023	9460	0	31	25
Jun 30, 2023	9460	0	76	18
Jul 01, 2023	9460	0	78	26
Jul 02, 2023	9460	0	89	30
Jul 03, 2023	9460	0	81	15
Jul 04, 2023	9460	0	56	23
Jul 05, 2023	9460	0	49	19
Jul 06, 2023	9460	0	30	16
Jul 07, 2023	9460	0	38	0
Jul 08, 2023	9460	0	84	34
Jul 09, 2023	9460	0	48	0
Jul 10, 2023	9460	0	89	41
Jul 11, 2023	9460	0	0	18
Jul 12, 2023	9460	0	0	12
Jul 13, 2023	9460	0	105	24
Jul 14, 2023	9460	0	14	22
Jul 15, 2023	9460	0	48	38
Jul 16, 2023	9460	0	55	0
Jul 17, 2023	9460	0	66	32
Jul 18, 2023	9460	0	57	20
Jul 19, 2023	9897	0	42	22
Jul 20, 2023	9828	0	0	13
Jul 21, 2023	9828	0	53	21
Jul 22, 2023	9791	0	57	31
Jul 23, 2023	9753	0	0	29
Jul 24, 2023	9717	0	0	23
Jul 25, 2023	9700	0	0	28
Jul 26, 2023	9660	0	0	0
Jul 27, 2023	9641	0	0	55
Jul 28, 2023	9623	0	0	44
Jul 29, 2023	9575	0	0	55
Jul 30, 2023	9518	0	0	44
Jul 31, 2023	9463	0	0	36
Aug 01, 2023	9394	0	0	50
Aug 02, 2023	9303	0	0	44
Aug 03, 2023	9216	0	0	44
Aug 04, 2023	9094	0	0	43
Aug 05, 2023	9094	0	0	71
Aug 06, 2023	9094	0	0	50
Aug 07, 2023	8708	0	0	50
Aug 08, 2023	8571	0	0	0
Aug 09, 2023	8451	0	0	0
Aug 10, 2023	8350	0	0	0
Aug 11, 2023	8264	0	0	224
Aug 12, 2023	8171	0	0	0
Aug 13, 2023	8059	0	0	0
Aug 14, 2023	8059	0	0	188
Aug 15, 2023	7791	0	0	63
Aug 16, 2023	7662	0	0	69
Aug 17, 2023	7662	0	0	0
Aug 18, 2023	7662	0	0	104
Aug 19, 2023	7662	0	0	0
Aug 20, 2023	7662	0	0	0
Aug 21, 2023	7662	0	0	228
Aug 22, 2023	7662	0	0	0
Aug 23, 2023	7662	0	0	0
Aug 24, 2023	7662	0	0	215
Aug 25, 2023	7662	5	0	73
Aug 26, 2023	7662	0	0	0
Aug 27, 2023	7662	0	0	0
Aug 28, 2023	7662	0	0	0
Aug 29, 2023	7662	0	0	371
Aug 30, 2023	7662	0	0	0
Aug 31, 2023	7662	0	0	83
Sep 01, 2023	7662	0	0	0
Sep 02, 2023	7662	0	0	0
Sep 03, 2023	7662	0	0	0
Sep 04, 2023	7662	0	0	0
Sep 05, 2023	7662	0	0	0
Sep 06, 2023	7662	0	0	491
Sep 07, 2023	7662	0	0	0
Sep 08, 2023	7662	0	0	0
Sep 09, 2023	7662	0	0	0
Sep 10, 2023	7662	0	0	0
Sep 11, 2023	7662	0	0	0
Sep 12, 2023	7662	0	0	0
Sep 13, 2023	7662	0	1875	0
Sep 14, 2023	7662	0	0	649
Sep 15, 2023	7662	0	0	0
Sep 16, 2023	7662	0	0	0
Sep 17, 2023	7662	0	0	0
Sep 18, 2023	7662	0	0	0
Sep 19, 2023	7662	0	0	0
Sep 20, 2023	7662	0	0	0
Sep 21, 2023	7662	0	0	790
Sep 22, 2023	7662	0	0	0
Sep 23, 2023	7662	0	0	0
Sep 24, 2023	7662	0	0	0
Sep 25, 2023	7662	0	350	0
Sep 26, 2023	7662	0	0	0
Sep 27, 2023	7662	0	0	0
Sep 28, 2023	7662	0	0	0
Sep 29, 2023	7662	0	0	0
Sep 30, 2023	7662	0	0	864
Oct 01, 2023	7662	3	0	0
Oct 02, 2023	7662	0	0	0
Oct 03, 2023	7662	0	0	0
Oct 04, 2023	7662	0	0	0
Oct 05, 2023	7662	0	0	0
Oct 06, 2023	7662	0	0	1354
Oct 07, 2023	7662	0	0	0
Oct 08, 2023	9532	0	0	0
Oct 09, 2023	9532	0	0	0
Oct 10, 2023	9532	0	0	0
Oct 11, 2023	9532	0	0	0
Oct 12, 2023	9532	0	0	0
Oct 13, 2023	9532	0	0	1774
Oct 14, 2023	9532	0	0	0
Oct 15, 2023	9532	0	0	0
Oct 16, 2023	9532	0	0	0
Oct 17, 2023	9532	0	0	0
Oct 18, 2023	9532	0	0	0
Oct 19, 2023	9532	0	0	0
Oct 20, 2023	9882	0	188	2091
Oct 21, 2023	9882	0	0	0
Oct 22, 2023	9882	0	0	0
Oct 23, 2023	9882	0	0	0
Oct 24, 2023	9882	0	0	0
Oct 25, 2023	9882	0	0	0
Oct 26, 2023	9882	0	0	0
Oct 27, 2023	9882	0	503	2952
Oct 28, 2023	9882	0	0	3418
Oct 29, 2023	9882	0	0	0
Oct 30, 2023	9882	0	0	0
Oct 31, 2023	9882	0	0	0
Nov 01, 2023	9882	0	0	0
Nov 02, 2023	9882	0	0	0
Nov 03, 2023	9882	0	0	0
Nov 04, 2023	9882	0	0	0
Nov 05, 2023	9882	0	0	0
Nov 06, 2023	9882	0	0	0
Nov 07, 2023	9882	0	0	0
Nov 08, 2023	9882	0	0	0
Nov 09, 2023	9882	0	31	0
Nov 10, 2023	9882	0	0	0
Nov 11, 2023	9882	0	0	3539
Nov 12, 2023	9882	0	0	8006
Nov 13, 2023	9882	0	0	0
Nov 14, 2023	10067	0	0	0
Nov 15, 2023	10067	0	0	0
Nov 16, 2023	10067	0	280	0
Nov 17, 2023	10067	0	0	0
Nov 18, 2023	10067	0	0	0
Nov 19, 2023	10067	0	0	0
Nov 20, 2023	10067	0	0	0
Nov 21, 2023	10570	0	0	0
Nov 22, 2023	10570	0	0	0
Nov 23, 2023	10570	0	0	0
Nov 24, 2023	10570	0	0	0
Nov 25, 2023	10570	0	0	0
Nov 26, 2023	10570	0	0	0
Nov 27, 2023	10570	0	0	0
Nov 28, 2023	10570	0	0	0
Nov 29, 2023	10570	0	459	0
Nov 30, 2023	10570	0	0	0
Dec 01, 2023	10570	0	0	0
Dec 02, 2023	10570	0	0	0
Dec 03, 2023	10570	0	0	0
Dec 04, 2023	10601	0	0	0
Dec 05, 2023	10601	0	0	0
Dec 06, 2023	10601	0	824	0
Dec 07, 2023	10601	0	0	0
Dec 08, 2023	10601	0	0	0
Dec 09, 2023	10601	0	0	0
Dec 10, 2023	10601	0	0	0
Dec 11, 2023	10881	0	0	0
Dec 12, 2023	10881	0	0	0
Dec 13, 2023	10881	0	0	0
Dec 14, 2023	10881	0	0	0
Dec 15, 2023	10881	0	0	0
Dec 16, 2023	10881	0	0	0
Dec 17, 2023	10881	0	0	0
Dec 18, 2023	10881	0	0	0
Dec 19, 2023	10881	0	0	0
Dec 20, 2023	10881	0	0	0
Dec 21, 2023	10881	0	0	0
Dec 22, 2023	10881	0	0	0
Dec 23, 2023	10881	0	0	0
Dec 24, 2023	11340	0	0	0
Dec 25, 2023	11340	0	0	0
Dec 26, 2023	11340	0	0	0
Dec 27, 2023	11340	0	0	0
Dec 28, 2023	11340	0	0	0
Dec 29, 2023	11340	0	0	0
Dec 30, 2023	11340	0	0	0
Dec 31, 2023	12164	0	0	0
Jan 01, 2024	12164	0	0	0
Jan 02, 2024	12164	0	0	0
Jan 03, 2024	12164	0	0	0
Jan 04, 2024	12164	0	0	0
Jan 05, 2024	12164	0	0	0
Jan 06, 2024	12164	0	0	0
Jan 07, 2024	12164	0	0	0
Jan 08, 2024	12164	0	0	0
Jan 09, 2024	12164	0	0	0
Jan 10, 2024	12164	0	0	0
Jan 11, 2024	12164	0	0	0
Jan 12, 2024	12164	0	0	0
Jan 13, 2024	12164	0	0	0
Jan 14, 2024	12164	0	0	0
Jan 15, 2024	12164	0	0	0
Jan 16, 2024	12164	0	0	0
Jan 17, 2024	12164	0	0	0
Jan 18, 2024	12164	0	0	0
Jan 19, 2024	12164	0	0	0
Jan 20, 2024	12164	0	0	0
Jan 21, 2024	12164	0	0	0
Jan 22, 2024	12164	0	0	0
Jan 23, 2024	12164	0	0	0
Jan 24, 2024	12164	0	0	0
Jan 25, 2024	12164	0	0	0
Jan 26, 2024	12164	0	0	0
Jan 27, 2024	12164	0	0	0
Jan 28, 2024	12164	0	0	0
Jan 29, 2024	12164	0	0	0
Jan 30, 2024	12164	0	0	0
Jan 31, 2024	12164	0	0	0
Feb 01, 2024	12164	0	0	0
Feb 02, 2024	12164	0	0	0
Feb 03, 2024	12164	0	0	0
Feb 04, 2024	12164	0	0	0
Feb 05, 2024	12164	0	0	0
Feb 06, 2024	12164	0	0	0
Feb 07, 2024	12164	0	0	0
Feb 08, 2024	12164	0	0	0
Feb 09, 2024	12164	0	0	0
Feb 10, 2024	12164	NA	0	0
Feb 11, 2024	12164	NA	0	0
Feb 12, 2024	12164	NA	0	0
Feb 13, 2024	12164	NA	0	0
Feb 14, 2024	12164	NA	0	0
Feb 15, 2024	12164	NA	0	0
Feb 16, 2024	12164	NA	0	0
Feb 17, 2024	12164	NA	0	0
Feb 18, 2024	12164	NA	0	0
Feb 19, 2024	12164	NA	0	0
Feb 20, 2024	12164	NA	0	0
Feb 21, 2024	12164	NA	0	0
Feb 22, 2024	12164	NA	0	0
Feb 23, 2024	12164	NA	0	0
Feb 24, 2024	12164	NA	0	0
Feb 25, 2024	12164	NA	0	0
Feb 26, 2024	12164	NA	0	0
Feb 27, 2024	12164	NA	0	0
Feb 28, 2024	12164	NA	0	0
Feb 29, 2024	12164	NA	NA	0
Mar 01, 2024	12164	NA	NA	0
Mar 02, 2024	12164	NA	NA	0
Mar 03, 2024	12164	NA	NA	0
Mar 04, 2024	12164	NA	NA	0
Mar 05, 2024	12164	NA	NA	0
Mar 06, 2024	12164	NA	NA	0
Mar 07, 2024	12164	NA	NA	0
Mar 08, 2024	12164	NA	NA	0
Mar 09, 2024	12164	NA	NA	0
Mar 10, 2024	12164	NA	NA	0
Mar 11, 2024	12164	NA	NA	0
Mar 12, 2024	12164	NA	NA	0
Mar 13, 2024	12164	NA	NA	0
Mar 14, 2024	12164	NA	NA	0
Mar 15, 2024	12164	NA	NA	0
Mar 16, 2024	12164	NA	NA	0
Mar 17, 2024	12164	NA	NA	0
Mar 18, 2024	12164	NA	NA	0
Mar 19, 2024	12164	NA	NA	0
Mar 20, 2024	12164	NA	NA	0
Mar 21, 2024	12164	NA	NA	0
Mar 22, 2024	12164	NA	NA	0
Mar 23, 2024	12164	NA	NA	0
Mar 24, 2024	12164	NA	NA	NA
