Dates	Active	Deaths	Newcases	recover
Feb 15, 2020	0	0	0	0
Feb 16, 2020	0	0	0	1
Feb 17, 2020	0	0	4	2
Feb 18, 2020	0	0	0	0
Feb 19, 2020	0	0	2	0
Feb 20, 2020	0	0	1	2
Feb 21, 2020	0	0	5	1
Feb 22, 2020	1	0	6	1
Feb 23, 2020	1	2	8	-6
Feb 24, 2020	1	1	5	7
Feb 25, 2020	5	1	5	0
Feb 26, 2020	5	0	3	6
Feb 27, 2020	7	2	6	0
Feb 28, 2020	8	1	8	0
Feb 29, 2020	13	0	11	2
Mar 01, 2020	19	0	6	0
Mar 02, 2020	27	1	0	0
Mar 03, 2020	32	1	0	0
Mar 04, 2020	35	1	12	1
Mar 05, 2020	37	0	18	0
Mar 06, 2020	41	0	9	0
Mar 07, 2020	49	1	14	2
Mar 08, 2020	58	1	9	0
Mar 09, 2020	61	1	21	0
Mar 10, 2020	49	4	10	1
Mar 11, 2020	49	0	28	1
Mar 12, 2020	51	3	16	0
Mar 13, 2020	68	3	6	0
Mar 14, 2020	74	4	19	0
Mar 15, 2020	88	2	33	0
Mar 16, 2020	91	7	50	6
Mar 17, 2020	102	4	30	1
Mar 18, 2020	111	2	36	0
Mar 19, 2020	130	0	76	0
Mar 20, 2020	142	4	48	2
Mar 21, 2020	146	4	41	0
Mar 22, 2020	156	2	83	8
Mar 23, 2020	181	2	64	0
Mar 24, 2020	214	0	34	18
Mar 25, 2020	214	2	44	18
Mar 26, 2020	241	5	48	9
Mar 27, 2020	296	3	58	0
Mar 28, 2020	333	1	83	132
Mar 29, 2020	362	4	70	0
Mar 30, 2020	432	0	91	113
Mar 31, 2020	474	1	80	163
Apr 01, 2020	494	2	30	0
Apr 02, 2020	516	4	47	107
Apr 03, 2020	540	2	39	62
Apr 04, 2020	563	0	34	119
Apr 05, 2020	621	1	26	0
Apr 06, 2020	623	1	22	95
Apr 07, 2020	684	1	15	0
Apr 08, 2020	681	1	19	52
Apr 09, 2020	667	0	48	73
Apr 10, 2020	659	0	31	122
Apr 11, 2020	645	1	26	83
Apr 12, 2020	636	0	35	70
Apr 13, 2020	583	0	28	117
Apr 14, 2020	556	3	29	92
Apr 15, 2020	524	0	46	96
Apr 16, 2020	498	1	31	96
Apr 17, 2020	495	1	55	98
Apr 18, 2020	478	2	57	141
Apr 19, 2020	448	2	27	71
Apr 20, 2020	449	1	81	109
Apr 21, 2020	423	1	75	244
Apr 22, 2020	402	1	82	78
Apr 23, 2020	423	2	68	60
Apr 24, 2020	418	1	66	57
Apr 25, 2020	453	4	77	47
Apr 26, 2020	470	0	50	15
Apr 27, 2020	473	0	85	43
Apr 28, 2020	519	2	49	13
Apr 29, 2020	565	3	63	22
Apr 30, 2020	617	2	60	32
May 01, 2020	645	1	76	13
May 02, 2020	651	2	88	7
May 03, 2020	709	3	51	1
May 04, 2020	704	0	95	7
May 05, 2020	758	2	119	14
May 06, 2020	776	4	111	11
May 07, 2020	815	2	50	12
May 08, 2020	838	4	67	3
May 09, 2020	870	4	144	7
May 10, 2020	924	3	150	2
May 11, 2020	918	6	57	2
May 12, 2020	898	7	113	46
May 13, 2020	951	5	153	6
May 14, 2020	1000	8	87	4
May 15, 2020	987	3	308	1
May 16, 2020	1013	6	197	1
May 17, 2020	1063	6	163	1
May 18, 2020	1117	4	216	0
May 19, 2020	1114	6	287	31
May 20, 2020	1152	10	322	9
May 21, 2020	1254	10	416	13
May 22, 2020	1285	10	306	6
May 23, 2020	1535	20	260	5
May 24, 2020	1571	21	429	7
May 25, 2020	1658	15	519	1
May 26, 2020	1827	14	781	2
May 27, 2020	2056	33	672	14
May 28, 2020	2307	28	1006	0
May 29, 2020	2644	24	1252	16
May 30, 2020	2874	22	1268	2
May 31, 2020	3078	34	1115	2
Jun 01, 2020	3378	31	787	1
Jun 02, 2020	3644	39	1146	2
Jun 03, 2020	3817	53	1261	0
Jun 04, 2020	4231	58	1095	3
Jun 05, 2020	4988	45	1180	0
Jun 06, 2020	5876	60	1259	1
Jun 07, 2020	6834	61	1106	1
Jun 08, 2020	7539	83	1385	0
Jun 09, 2020	8045	69	1554	8
Jun 10, 2020	8774	88	1463	6
Jun 11, 2020	9650	87	1635	0
Jun 12, 2020	10406	67	1870	0
Jun 13, 2020	10886	84	1646	0
Jun 14, 2020	11481	79	1808	0
Jun 15, 2020	11392	107	1826	6
Jun 16, 2020	12126	122	2200	3
Jun 17, 2020	12711	101	2437	1
Jun 18, 2020	13528	96	2054	11
Jun 19, 2020	14222	83	2069	10
Jun 20, 2020	14998	104	2140	0
Jun 21, 2020	15833	107	1749	4
Jun 22, 2020	16724	110	1958	1
Jun 23, 2020	17498	102	2415	3
Jun 24, 2020	18558	106	2184	12
Jun 25, 2020	19651	105	2312	2
Jun 26, 2020	20775	94	2334	13
Jun 27, 2020	21664	118	2125	0
Jun 28, 2020	22524	94	1796	0
Jun 29, 2020	22338	103	2426	3
Jun 30, 2020	22406	78	2741	3
Jul 01, 2020	23207	95	2170	0
Jul 02, 2020	23636	95	2848	7
Jul 03, 2020	24158	100	2734	0
Jul 04, 2020	24909	95	2312	5
Jul 05, 2020	24989	87	2229	1
Jul 06, 2020	24967	90	2022	0
Jul 07, 2020	25764	94	2110	2
Jul 08, 2020	26784	75	2281	11
Jul 09, 2020	27228	90	2023	2
Jul 10, 2020	28120	88	2049	1
Jul 11, 2020	29060	81	2310	0
Jul 12, 2020	29632	92	2163	2
Jul 13, 2020	29487	80	2466	1
Jul 14, 2020	27630	90	2706	1
Jul 15, 2020	27814	72	2361	3
Jul 16, 2020	28310	78	2485	1
Jul 17, 2020	28060	96	2862	0
Jul 18, 2020	28037	77	2459	0
Jul 19, 2020	28221	68	2553	0
Jul 20, 2020	27988	68	2747	9
Jul 21, 2020	28259	70	2968	0
Jul 22, 2020	28676	64	2963	0
Jul 23, 2020	28699	63	3346	2
Jul 24, 2020	29231	66	2095	2
Jul 25, 2020	29972	83	2447	0
Jul 26, 2020	30453	77	2735	2
Jul 27, 2020	30983	67	2836	0
Jul 28, 2020	29735	75	2834	0
Jul 29, 2020	30236	74	3047	0
Jul 30, 2020	31046	82	3461	14
Jul 31, 2020	32434	72	3325	10
Aug 01, 2020	32624	67	2726	7
Aug 02, 2020	32397	57	3484	0
Aug 03, 2020	32841	53	3396	0
Aug 04, 2020	33602	68	3441	2
Aug 05, 2020	34020	76	3841	4
Aug 06, 2020	34417	75	4013	0
Aug 07, 2020	35631	94	4293	2
Aug 08, 2020	36575	82	4348	1
Aug 09, 2020	36948	85	3202	9
Aug 10, 2020	38345	87	4576	3
Aug 11, 2020	39362	75	4093	6
Aug 12, 2020	40307	70	3995	0
Aug 13, 2020	41428	75	4288	4
Aug 14, 2020	42452	91	3965	20
Aug 15, 2020	44098	77	3291	1
Aug 16, 2020	45697	72	3644	0
Aug 17, 2020	45234	72	3962	4
Aug 18, 2020	46833	74	3837	1
Aug 19, 2020	48312	77	3651	19
Aug 20, 2020	49389	68	4177	1
Aug 21, 2020	50356	83	3834	1
Aug 22, 2020	51304	81	3731	1
Aug 23, 2020	51504	78	3757	1
Aug 24, 2020	51077	74	3404	7
Aug 25, 2020	51590	84	3946	8
Aug 26, 2020	51901	63	4755	0
Aug 27, 2020	51686	90	5036	0
Aug 28, 2020	51924	77	4644	5
Aug 29, 2020	51535	68	3651	10
Aug 30, 2020	51338	75	4314	0
Aug 31, 2020	51290	82	4894	22
Sep 01, 2020	50742	67	4243	0
Sep 02, 2020	50878	60	4597	3
Sep 03, 2020	52007	73	4254	0
Sep 04, 2020	53348	72	4106	2
Sep 05, 2020	54038	80	3531	2
Sep 06, 2020	54298	82	4169	0
Sep 07, 2020	54236	84	4224	3
Sep 08, 2020	55597	76	4357	2
Sep 09, 2020	56096	83	4326	24
Sep 10, 2020	56787	64	4305	2
Sep 11, 2020	57395	70	3907	0
Sep 12, 2020	57554	57	3438	0
Sep 13, 2020	57590	72	3821	0
Sep 14, 2020	57260	45	4724	3
Sep 15, 2020	57190	68	5055	1
Sep 16, 2020	57570	68	4471	9
Sep 17, 2020	57953	55	4593	3
Sep 18, 2020	57977	62	4270	10
Sep 19, 2020	57567	70	3481	2
Sep 20, 2020	56889	59	4116	2
Sep 21, 2020	56156	50	4724	1
Sep 22, 2020	57141	67	4691	2
Sep 23, 2020	58893	49	4493	8
Sep 24, 2020	59546	52	4785	7
Sep 25, 2020	59566	65	3672	2
Sep 26, 2020	60116	67	3210	5
Sep 27, 2020	59787	73	3808	2
Sep 28, 2020	59730	79	4172	1
Sep 29, 2020	60356	52	3923	4
Sep 30, 2020	61603	55	3522	5
Oct 01, 2020	62361	62	3214	5
Oct 02, 2020	63157	60	2344	2
Oct 03, 2020	62919	58	2206	2
Oct 04, 2020	62260	51	3107	2
Oct 05, 2020	61327	65	3921	0
Oct 06, 2020	61219	56	3857	1
Oct 07, 2020	61656	56	3587	48
Oct 08, 2020	61068	56	3501	2
Oct 09, 2020	59948	63	3221	4
Oct 10, 2020	58004	49	3110	6
Oct 11, 2020	56321	52	4044	3
Oct 12, 2020	55475	47	3920	3
Oct 13, 2020	55180	48	3667	0
Oct 14, 2020	55798	55	3899	6
Oct 15, 2020	55964	55	3785	4
Oct 16, 2020	56199	48	3204	11
Oct 17, 2020	56035	53	2554	3
Oct 18, 2020	55903	46	3691	7
Oct 19, 2020	56829	45	4510	3
Oct 20, 2020	58098	47	4043	4
Oct 21, 2020	58837	48	3804	19
Oct 22, 2020	59873	56	2878	4
Oct 23, 2020	60248	51	1997	11
Oct 24, 2020	60376	51	2658	1
Oct 25, 2020	59735	60	3413	13
Oct 26, 2020	60134	47	3595	8
Oct 27, 2020	61103	69	3574	10
Oct 28, 2020	62171	39	3701	9
Oct 29, 2020	62554	44	3568	15
Oct 30, 2020	62530	53	2880	5
Oct 31, 2020	62065	52	2530	2
Nov 01, 2020	61540	50	3184	3
Nov 02, 2020	61907	50	3577	10
Nov 03, 2020	62472	48	3198	7
Nov 04, 2020	57507	43	3298	11
Nov 05, 2020	58190	47	2690	16
Nov 06, 2020	58629	42	2419	5
Nov 07, 2020	58810	40	2237	10
Nov 08, 2020	58294	43	2390	7
Nov 09, 2020	58120	39	2961	9
Nov 10, 2020	59213	49	2349	15
Nov 11, 2020	60369	42	2374	8
Nov 12, 2020	61046	33	2543	4
Nov 13, 2020	61060	38	1786	10
Nov 14, 2020	61066	35	1766	8
Nov 15, 2020	60443	55	2136	6
Nov 16, 2020	60265	39	2292	3
Nov 17, 2020	59726	42	2438	5
Nov 18, 2020	59881	33	2483	13
Nov 19, 2020	59902	24	2545	3
Nov 20, 2020	59492	34	1606	11
Nov 21, 2020	58590	48	1614	5
Nov 22, 2020	57911	34	2114	5
Nov 23, 2020	57807	21	2218	6
Nov 24, 2020	57934	26	1961	8
Nov 25, 2020	58047	24	2039	8
Nov 26, 2020	58169	21	1855	2
Nov 27, 2020	58751	28	1898	8
Nov 28, 2020	58084	17	1680	2
Nov 29, 2020	57308	24	1815	3
Nov 30, 2020	57617	25	2123	8
Dec 01, 2020	57891	23	1735	11
Dec 02, 2020	58075	16	1380	10
Dec 03, 2020	58543	14	1347	7
Dec 04, 2020	58463	24	1022	9
Dec 05, 2020	58452	11	1012	5
Dec 06, 2020	58201	22	1338	15
Dec 07, 2020	57830	14	1391	6
Dec 08, 2020	57597	20	1553	6
Dec 09, 2020	57526	10	1533	8
Dec 10, 2020	56760	17	1362	15
Dec 11, 2020	56154	13	1307	12
Dec 12, 2020	55388	15	1027	8
Dec 13, 2020	54609	12	1200	17
Dec 14, 2020	53895	7	1158	9
Dec 15, 2020	53110	11	1173	28
Dec 16, 2020	52875	12	1127	12
Dec 17, 2020	52478	13	1140	16
Dec 18, 2020	52050	11	836	19
Dec 19, 2020	51433	9	818	17
Dec 20, 2020	50479	8	931	12
Dec 21, 2020	49998	5	1013	25
Dec 22, 2020	49434	11	901	17
Dec 23, 2020	49147	5	849	21
Dec 24, 2020	48718	5	902	14
Dec 25, 2020	48316	10	840	22
Dec 26, 2020	47750	12	741	9
Dec 27, 2020	47014	9	595	19
Dec 28, 2020	46423	4	757	4
Dec 29, 2020	45940	8	839	28
Dec 30, 2020	45286	4	790	28
Dec 31, 2020	44637	14	669	33
Jan 01, 2021	43552	11	907	26
Jan 02, 2021	42458	5	607	38
Jan 03, 2021	41220	4	801	15
Jan 04, 2021	39996	7	810	45
Jan 05, 2021	38813	10	867	21
Jan 06, 2021	37754	3	770	103
Jan 07, 2021	36759	9	805	734
Jan 08, 2021	35522	9	596	291
Jan 09, 2021	34460	9	645	882
Jan 10, 2021	33301	6	797	138
Jan 11, 2021	32056	9	823	166
Jan 12, 2021	31055	7	746	211
Jan 13, 2021	29926	4	809	717
Jan 14, 2021	28905	5	685	628
Jan 15, 2021	28170	7	778	618
Jan 16, 2021	26754	10	893	109
Jan 17, 2021	25859	8	813	191
Jan 18, 2021	24878	6	804	150
Jan 19, 2021	23879	12	879	265
Jan 20, 2021	22710	5	943	221
Jan 21, 2021	21705	6	945	382
Jan 22, 2021	20816	10	775	224
Jan 23, 2021	20044	11	714	119
Jan 24, 2021	19228	11	984	95
Jan 25, 2021	18449	12	1135	230
Jan 26, 2021	17618	12	1317	162
Jan 27, 2021	16914	8	1150	233
Jan 28, 2021	15918	9	1534	109
Jan 29, 2021	15571	6	1660	109
Jan 30, 2021	15024	8	1134	110
Jan 31, 2021	14460	6	1713	899
Feb 01, 2021	14179	4	1994	703
Feb 02, 2021	14093	13	2282	784
Feb 03, 2021	14124	7	2369	797
Feb 04, 2021	14172	15	2530	533
Feb 05, 2021	14506	6	2190	943
Feb 06, 2021	15138	7	2224	668
Feb 07, 2021	15237	12	2798	468
Feb 08, 2021	16096	16	3332	956
Feb 09, 2021	17105	12	3575	548
Feb 10, 2021	18579	13	3896	885
Feb 11, 2021	19950	27	4024	411
Feb 12, 2021	21459	23	3273	970
Feb 13, 2021	22484	16	3187	931
Feb 14, 2021	23614	13	3864	772
Feb 15, 2021	25287	27	4181	680
Feb 16, 2021	26990	14	4306	134
Feb 17, 2021	29317	18	4074	249
Feb 18, 2021	31506	23	4336	124
Feb 19, 2021	33716	22	3543	59
Feb 20, 2021	34998	30	3248	156
Feb 21, 2021	36156	25	3599	76
Feb 22, 2021	37761	24	4690	85
Feb 23, 2021	39334	30	5173	96
Feb 24, 2021	41517	11	5043	192
Feb 25, 2021	43293	24	5127	218
Feb 26, 2021	45155	24	4068	70
Feb 27, 2021	45860	22	3359	106
Feb 28, 2021	46152	27	4468	196
Mar 01, 2021	46021	26	4610	96
Mar 02, 2021	47164	25	4846	63
Mar 03, 2021	48849	23	5170	79
Mar 04, 2021	50472	32	4622	79
Mar 05, 2021	52435	37	4054	45
Mar 06, 2021	52609	39	3866	58
Mar 07, 2021	52435	33	4901	33
Mar 08, 2021	52959	36	5267	74
Mar 09, 2021	53855	41	5663	95
Mar 10, 2021	55539	32	5443	54
Mar 11, 2021	57626	38	5258	56
Mar 12, 2021	58826	29	4674	30
Mar 13, 2021	58771	30	4502	68
Mar 14, 2021	58663	29	4655	80
Mar 15, 2021	58677	33	4494	65
Mar 16, 2021	59341	29	6051	40
Mar 17, 2021	61380	20	6513	38
Mar 18, 2021	62895	35	6490	73
Mar 19, 2021	63875	37	5062	62
Mar 20, 2021	64722	37	5271	86
Mar 21, 2021	64812	37	5837	65
Mar 22, 2021	65350	37	5995	103
Mar 23, 2021	65689	30	6664	107
Mar 24, 2021	67526	40	6015	73
Mar 25, 2021	69225	33	5882	86
Mar 26, 2021	71191	39	5379	104
Mar 27, 2021	71865	33	5368	103
Mar 28, 2021	72281	37	6423	74
Mar 29, 2021	73581	34	7300	66
Mar 30, 2021	74624	35	8331	47
Mar 31, 2021	77041	37	7817	122
Apr 01, 2021	78483	35	7937	58
Apr 02, 2021	80216	44	6779	62
Apr 03, 2021	80538	39	6791	106
Apr 04, 2021	80570	40	7953	66
Apr 05, 2021	81290	49	8179	108
Apr 06, 2021	83332	30	7972	121
Apr 07, 2021	86606	33	7824	32
Apr 08, 2021	89506	33	7561	27
Apr 09, 2021	91963	45	6552	33
Apr 10, 2021	93814	34	6188	53
Apr 11, 2021	95380	38	7775	34
Apr 12, 2021	97610	30	8208	40
Apr 13, 2021	99959	46	8696	34
Apr 14, 2021	102695	43	8450	61
Apr 15, 2021	104653	40	8017	97
Apr 16, 2021	105669	46	6967	270
Apr 17, 2021	106321	45	6034	0
Apr 18, 2021	105662	44	6536	37
Apr 19, 2021	105885	41	7152	171
Apr 20, 2021	107171	32	6858	413
Apr 21, 2021	109447	33	6926	477
Apr 22, 2021	110995	38	6405	341
Apr 23, 2021	112140	30	5167	377
Apr 24, 2021	112105	42	4564	547
Apr 25, 2021	110764	32	5068	480
Apr 26, 2021	109344	33	6143	1958
Apr 27, 2021	109139	29	5813	851
Apr 28, 2021	108901	39	6233	992
Apr 29, 2021	108426	30	5763	860
Apr 30, 2021	107688	29	4608	1821
May 01, 2021	105527	34	4167	1406
May 02, 2021	102194	21	4902	1503
May 03, 2021	99881	28	5287	1490
May 04, 2021	98740	27	4666	1886
May 05, 2021	97273	20	4512	2435
May 06, 2021	96380	24	2767	2377
May 07, 2021	95825	41	2058	2247
May 08, 2021	94191	34	2456	2186
May 09, 2021	91585	40	3552	1603
May 10, 2021	90221	33	4023	1829
May 11, 2021	88913	35	4609	2006
May 12, 2021	88141	21	4580	1572
May 13, 2021	87582	32	4357	1701
May 14, 2021	84553	24	3655	1351
May 15, 2021	81371	27	3791	2136
May 16, 2021	78179	26	4102	1397
May 17, 2021	76243	22	4938	2718
May 18, 2021	74034	22	4718	4450
May 19, 2021	73513	23	4611	2268
May 20, 2021	72648	17	4042	2868
May 21, 2021	72331	24	3257	2900
May 22, 2021	71187	30	3474	2131
May 23, 2021	69907	31	4270	1565
May 24, 2021	69216	26	4170	3094
May 25, 2021	69848	26	4583	2571
May 26, 2021	71291	30	4262	2063
May 27, 2021	71821	20	4157	4044
May 28, 2021	72364	28	3154	4439
May 29, 2021	70173	23	3314	2933
May 30, 2021	69265	25	4129	3101
May 31, 2021	68521	34	4119	3390
Jun 01, 2021	68318	20	4616	2843
Jun 02, 2021	68559	22	4684	3626
Jun 03, 2021	68684	15	4320	2493
Jun 04, 2021	68689	31	3831	3396
Jun 05, 2021	67465	26	3952	2424
Jun 06, 2021	66361	19	5040	2999
Jun 07, 2021	65810	30	4618	2483
Jun 08, 2021	65136	23	5139	4253
Jun 09, 2021	65355	26	5189	3035
Jun 10, 2021	65919	25	5068	5711
Jun 11, 2021	66089	25	3608	5273
Jun 12, 2021	65803	25	4160	4143
Jun 13, 2021	65711	33	5235	3530
Jun 14, 2021	66371	31	6003	4774
Jun 15, 2021	66826	34	6297	4947
Jun 16, 2021	68167	28	6093	4651
Jun 17, 2021	69396	30	5325	4094
Jun 18, 2021	70578	30	4814	4948
Jun 19, 2021	70331	35	4468	2401
Jun 20, 2021	70477	30	6346	2030
Jun 21, 2021	70911	30	6558	2047
Jun 22, 2021	71850	40	7300	1941
Jun 23, 2021	74080	25	7554	1578
Jun 24, 2021	76112	35	6378	1751
Jun 25, 2021	76891	29	5375	3569
Jun 26, 2021	77212	31	6264	2253
Jun 27, 2021	77384	37	8030	3343
Jun 28, 2021	79002	31	8818	2793
Jun 29, 2021	80470	32	8777	2415
Jun 30, 2021	83190	39	9189	3223
Jul 01, 2021	86121	33	8636	3638
Jul 02, 2021	87377	44	6821	3159
Jul 03, 2021	87633	38	7616	3404
Jul 04, 2021	88704	47	9149	2534
Jul 05, 2021	90916	30	9046	3586
Jul 06, 2021	93705	44	9635	4148
Jul 07, 2021	96923	38	9337	4978
Jul 08, 2021	100942	41	8336	3928
Jul 09, 2021	103038	62	8149	3841
Jul 10, 2021	103714	59	8698	4053
Jul 11, 2021	105360	69	9883	3687
Jul 12, 2021	107367	81	8922	3797
Jul 13, 2021	109667	66	8320	5129
Jul 14, 2021	113442	65	8106	5543
Jul 15, 2021	116244	55	8905	5730
Jul 16, 2021	116731	60	7653	6327
Jul 17, 2021	116922	71	9147	5726
Jul 18, 2021	117615	66	12180	5741
Jul 19, 2021	119158	49	12185	6557
Jul 20, 2021	120408	62	13515	8248
Jul 21, 2021	121743	62	13259	7921
Jul 22, 2021	122511	77	12597	7775
Jul 23, 2021	123145	68	10215	7637
Jul 24, 2021	122732	63	9394	6904
Jul 25, 2021	123332	73	12734	6782
Jul 26, 2021	125486	62	11644	9168
Jul 27, 2021	129053	87	12713	10051
Jul 28, 2021	134285	59	11871	9798
Jul 29, 2021	138094	57	11435	10678
Jul 30, 2021	142130	67	7973	10750
Jul 31, 2021	143669	66	8346	13402
Aug 01, 2021	145166	66	9619	13919
Aug 02, 2021	149098	64	9970	18590
Aug 03, 2021	153320	75	8635	17975
Aug 04, 2021	159386	65	10243	17926
Aug 05, 2021	163734	66	9967	22172
Aug 06, 2021	166415	68	7610	21108
Aug 07, 2021	165217	75	7011	18503
Aug 08, 2021	164453	71	8830	19819
Aug 09, 2021	165318	72	8778	22806
Aug 10, 2021	165296	67	7992	22012
Aug 11, 2021	164676	85	8012	23649
Aug 12, 2021	165007	74	6121	20083
Aug 13, 2021	165009	78	3958	23672
Aug 14, 2021	162476	75	5634	21106
Aug 15, 2021	160042	73	7151	20984
Aug 16, 2021	159558	70	7670	20791
Aug 17, 2021	157784	79	7787	22682
Aug 18, 2021	157592	73	8084	22208
Aug 19, 2021	156772	67	7202	20478
Aug 20, 2021	153602	65	5369	23159
Aug 21, 2021	149824	66	6083	20672
Aug 22, 2021	145737	48	6778	22134
Aug 23, 2021	143668	56	6937	20059
Aug 24, 2021	141021	60	7309	21186
Aug 25, 2021	140774	48	6948	20606
Aug 26, 2021	140060	58	5672	20163
Aug 27, 2021	139172	62	4316	20535
Aug 28, 2021	136315	58	4897	20927
Aug 29, 2021	134179	62	5650	17281
Aug 30, 2021	132699	51	5988	19245
Aug 31, 2021	132422	61	5405	18996
Sep 01, 2021	133088	51	5073	17936
Sep 02, 2021	132715	51	4717	18262
Sep 03, 2021	130499	54	3086	20351
Sep 04, 2021	127352	46	3554	18257
Sep 05, 2021	124485	35	4204	17284
Sep 06, 2021	122593	52	4400	16737
Sep 07, 2021	121006	56	3895	16769
Sep 08, 2021	119303	36	3923	15417
Sep 09, 2021	116681	47	3559	15610
Sep 10, 2021	114039	47	1959	18721
Sep 11, 2021	110389	42	2515	15742
Sep 12, 2021	107103	38	3192	16304
Sep 13, 2021	104551	44	3081	14738
Sep 14, 2021	103103	46	2906	14133
Sep 15, 2021	101238	33	2953	13527
Sep 16, 2021	99346	38	2964	13691
Sep 17, 2021	96216	32	1312	13280
Sep 18, 2021	93057	45	2139	12492
Sep 19, 2021	90458	34	2447	11125
Sep 20, 2021	88725	39	2401	11694
Sep 21, 2021	87310	42	2254	13695
Sep 22, 2021	85189	42	2434	13829
Sep 23, 2021	82763	21	2688	13540
Sep 24, 2021	81174	27	1236	14700
Sep 25, 2021	77143	28	2451	14305
Sep 26, 2021	75586	20	1956	12494
Sep 27, 2021	73845	33	2470	12805
Sep 28, 2021	72406	36	2519	11580
Sep 29, 2021	71237	28	2044	10887
Sep 30, 2021	70135	26	2215	12473
Oct 01, 2021	68386	28	1227	13127
Oct 02, 2021	65777	29	1652	11894
Oct 03, 2021	64844	35	944	12336
Oct 04, 2021	63589	26	1644	11152
Oct 05, 2021	62788	32	1766	10115
Oct 06, 2021	62062	25	2383	10087
Oct 07, 2021	60923	18	2162	9933
Oct 08, 2021	59851	29	1077	10542
Oct 09, 2021	57737	25	1716	9981
Oct 10, 2021	55832	26	1559	10590
Oct 11, 2021	53543	39	1835	11452
Oct 12, 2021	51686	26	1388	10988
Oct 13, 2021	50172	36	1882	10407
Oct 14, 2021	49350	24	1846	10711
Oct 15, 2021	48281	32	1064	10794
Oct 16, 2021	46326	31	1247	10383
Oct 17, 2021	44835	37	1537	10612
Oct 18, 2021	43514	22	1429	10731
Oct 19, 2021	42068	28	1412	10878
Oct 20, 2021	40492	27	1471	10075
Oct 21, 2021	39679	32	1397	10513
Oct 22, 2021	38830	26	682	10182
Oct 23, 2021	37651	27	1046	10098
Oct 24, 2021	36735	25	1153	9589
Oct 25, 2021	35652	23	1315	9532
Oct 26, 2021	34641	26	1198	8449
Oct 27, 2021	33714	22	1152	8526
Oct 28, 2021	32914	25	1156	8747
Oct 29, 2021	31850	28	717	8305
Oct 30, 2021	30553	27	924	8253
Oct 31, 2021	29706	16	1148	9574
Nov 01, 2021	28860	30	1116	8279
Nov 02, 2021	28223	26	915	8482
Nov 03, 2021	27584	12	863	8029
Nov 04, 2021	26874	20	892	8238
Nov 05, 2021	26133	33	591	8288
Nov 06, 2021	25163	26	859	6950
Nov 07, 2021	24657	18	829	7495
Nov 08, 2021	24340	27	807	8024
Nov 09, 2021	23905	21	806	7697
Nov 10, 2021	23183	14	789	7452
Nov 11, 2021	22604	23	789	7900
Nov 12, 2021	22018	21	568	7393
Nov 13, 2021	21222	26	584	6917
Nov 14, 2021	20687	13	829	7663
Nov 15, 2021	20153	23	898	7943
Nov 16, 2021	19761	17	776	7191
Nov 17, 2021	19368	7	743	7556
Nov 18, 2021	18783	21	856	7655
Nov 19, 2021	18335	14	563	8478
Nov 20, 2021	17883	13	538	7591
Nov 21, 2021	17739	24	826	7882
Nov 22, 2021	17266	15	724	7748
Nov 23, 2021	16804	8	889	7318
Nov 24, 2021	16190	6	713	7218
Nov 25, 2021	15728	12	741	6875
Nov 26, 2021	15144	18	374	6538
Nov 27, 2021	14334	16	457	6354
Nov 28, 2021	13530	12	615	6165
Nov 29, 2021	12975	12	625	6407
Nov 30, 2021	12331	16	606	6326
Dec 01, 2021	11993	6	510	5402
Dec 02, 2021	11649	13	545	5844
Dec 03, 2021	11270	16	250	5666
Dec 04, 2021	10822	13	340	6149
Dec 05, 2021	10428	10	522	6450
Dec 06, 2021	10098	13	474	6109
Dec 07, 2021	9755	12	426	5775
Dec 08, 2021	9605	9	410	7939
Dec 09, 2021	9341	12	357	7863
Dec 10, 2021	9207	11	182	7302
Dec 11, 2021	8836	13	272	5606
Dec 12, 2021	8405	8	364	5467
Dec 13, 2021	8128	13	336	4818
Dec 14, 2021	7893	7	342	4557
Dec 15, 2021	7736	7	312	4531
Dec 16, 2021	7333	8	322	5459
Dec 17, 2021	6990	9	156	3278
Dec 18, 2021	6683	7	172	4389
Dec 19, 2021	6551	5	166	4190
Dec 20, 2021	6357	3	225	3649
Dec 21, 2021	6224	4	261	3191
Dec 22, 2021	6068	5	300	2798
Dec 23, 2021	5945	4	304	2766
Dec 24, 2021	5794	7	151	3805
Dec 25, 2021	5542	8	206	3771
Dec 26, 2021	5371	9	252	3845
Dec 27, 2021	5093	3	318	3070
Dec 28, 2021	4921	4	516	2695
Dec 29, 2021	4814	2	665	3115
Dec 30, 2021	4755	7	642	3241
Dec 31, 2021	4612	5	316	3315
Jan 01, 2022	4520	8	734	2921
Jan 02, 2022	4496	5	1368	2903
Jan 03, 2022	4452	4	1610	2688
Jan 04, 2022	4436	8	2037	2508
Jan 05, 2022	4623	5	2385	2673
Jan 06, 2022	4941	5	3266	2895
Jan 07, 2022	5338	5	2477	2865
Jan 08, 2022	5472	10	3630	2605
Jan 09, 2022	5951	5	4466	3612
Jan 10, 2022	7004	5	6487	3306
Jan 11, 2022	8222	5	6234	3350
Jan 12, 2022	9973	6	5767	3845
Jan 13, 2022	11984	4	7155	3942
Jan 14, 2022	14845	13	4884	5202
Jan 15, 2022	16982	9	4931	4887
Jan 16, 2022	20176	10	5756	5255
Jan 17, 2022	24055	11	7693	6637
Jan 18, 2022	29884	17	8107	7460
Jan 19, 2022	35395	14	7609	6978
Jan 20, 2022	40272	15	8554	8641
Jan 21, 2022	45427	13	5827	7582
Jan 22, 2022	48601	16	5582	7445
Jan 23, 2022	51528	25	7217	8100
Jan 24, 2022	54515	25	7901	7659
Jan 25, 2022	59174	21	8293	7801
Jan 26, 2022	64117	23	6949	6595
Jan 27, 2022	68257	17	6569	7484
Jan 28, 2022	72235	27	4316	8358
Jan 29, 2022	74086	27	3589	7829
Jan 30, 2022	73996	30	5285	8215
Jan 31, 2022	75441	26	5360	8715
Feb 01, 2022	76776	29	4681	8485
Feb 02, 2022	78711	23	4220	7832
Feb 03, 2022	79382	26	3776	7827
Feb 04, 2022	78618	25	2014	8479
Feb 05, 2022	77989	35	2036	8285
Feb 06, 2022	76302	28	3011	8711
Feb 07, 2022	74679	32	2984	8922
Feb 08, 2022	72912	16	2639	8571
Feb 09, 2022	71563	11	2246	8503
Feb 10, 2022	70253	7	2326	8955
Feb 11, 2022	68282	18	1234	9205
Feb 12, 2022	65950	21	1159	9482
Feb 13, 2022	62732	20	2074	9810
Feb 14, 2022	59547	14	1685	11551
Feb 15, 2022	56558	17	1736	10868
Feb 16, 2022	54599	12	1499	11561
Feb 17, 2022	52964	15	1603	12511
Feb 18, 2022	50840	14	878	10946
Feb 19, 2022	48395	10	945	13962
Feb 20, 2022	45607	14	1203	14914
Feb 21, 2022	43848	15	1023	15651
Feb 22, 2022	42035	6	1267	16662
Feb 23, 2022	40788	7	1009	16131
Feb 24, 2022	39667	9	1066	15774
Feb 25, 2022	38594	18	397	14641
Feb 26, 2022	37228	8	636	16875
Feb 27, 2022	35614	6	737	17470
Feb 28, 2022	34160	8	888	18297
Mar 01, 2022	32344	4	723	19093
Mar 02, 2022	31254	3	699	18939
Mar 03, 2022	30160	2	688	19351
Mar 04, 2022	29304	6	366	18462
Mar 05, 2022	28348	4	421	21448
Mar 06, 2022	27439	7	657	23159
Mar 07, 2022	26352	3	573	25005
Mar 08, 2022	25672	5	632	24747
Mar 09, 2022	24624	3	559	24161
Mar 10, 2022	24026	2	439	22065
Mar 11, 2022	23147	2	218	21371
Mar 12, 2022	22387	1	253	22333
Mar 13, 2022	21480	2	262	23508
Mar 14, 2022	20842	4	187	24125
Mar 15, 2022	20065	7	265	23339
Mar 16, 2022	19678	4	370	22217
Mar 17, 2022	19206	1	370	21522
Mar 18, 2022	18652	6	249	18801
Mar 19, 2022	18201	4	230	22292
Mar 20, 2022	17507	3	473	23153
Mar 21, 2022	16810	1	415	24824
Mar 22, 2022	16012	3	344	24770
Mar 23, 2022	15505	3	341	23721
Mar 24, 2022	14865	3	358	22219
Mar 25, 2022	14482	4	218	20013
Mar 26, 2022	13872	1	134	24066
Mar 27, 2022	13218	1	266	25753
Mar 28, 2022	12870	2	280	27183
Mar 29, 2022	12553	2	289	26084
Mar 30, 2022	12357	0	274	25077
Mar 31, 2022	12119	2	261	23843
Apr 01, 2022	11774	1	151	23352
Apr 02, 2022	11419	0	93	23412
Apr 03, 2022	10842	2	207	27254
Apr 04, 2022	10416	4	222	27519
Apr 05, 2022	9996	5	248	26225
Apr 06, 2022	9683	1	183	26011
Apr 07, 2022	9271	0	204	24854
Apr 08, 2022	8922	0	102	22003
Apr 09, 2022	8586	2	92	25509
Apr 10, 2022	8165	1	152	27680
Apr 11, 2022	7694	0	224	28057
Apr 12, 2022	7279	2	199	27626
Apr 13, 2022	6927	1	171	26997
Apr 14, 2022	6467	1	153	24969
Apr 15, 2022	6081	2	110	22220
Apr 16, 2022	5585	1	82	24545
Apr 17, 2022	5131	0	161	25910
Apr 18, 2022	4659	1	147	24927
Apr 19, 2022	4290	2	168	25933
Apr 20, 2022	3941	0	148	24619
Apr 21, 2022	3604	0	135	19826
Apr 22, 2022	3250	0	110	22361
Apr 23, 2022	2990	1	83	22846
Apr 24, 2022	2748	0	72	23524
Apr 25, 2022	2629	0	40	21072
Apr 26, 2022	2499	1	65	18919
Apr 27, 2022	2428	0	45	18509
Apr 28, 2022	2335	0	70	16782
Apr 29, 2022	2225	1	55	17105
Apr 30, 2022	2134	1	92	22022
May 01, 2022	2008	0	126	21168
May 02, 2022	1862	1	131	20145
May 03, 2022	1683	0	162	19119
May 04, 2022	1569	0	129	17109
May 05, 2022	1468	0	126	11252
May 06, 2022	1388	0	68	12224
May 07, 2022	1314	0	102	10588
May 08, 2022	1260	0	119	12755
May 09, 2022	1200	0	149	11132
May 10, 2022	1205	0	126	9322
May 11, 2022	1246	0	113	8807
May 12, 2022	1278	0	149	9286
May 13, 2022	1276	2	78	9213
May 14, 2022	1257	0	77	8601
May 15, 2022	1257	0	118	9168
May 16, 2022	1257	0	99	7323
May 17, 2022	1274	1	71	8042
May 18, 2022	1255	0	108	7567
May 19, 2022	1238	0	112	7091
May 20, 2022	1265	0	60	5775
May 21, 2022	1222	0	71	7391
May 22, 2022	1134	0	111	8856
May 23, 2022	1108	0	135	7235
May 24, 2022	1086	1	110	5591
May 25, 2022	1030	0	105	5560
May 26, 2022	1025	1	129	5198
May 27, 2022	1025	0	84	3921
May 28, 2022	1008	0	88	5622
May 29, 2022	974	0	117	6031
May 30, 2022	984	0	170	6607
May 31, 2022	1011	0	151	5125
Jun 01, 2022	1006	1	205	5605
Jun 02, 2022	1010	0	212	4238
Jun 03, 2022	1024	1	137	3813
Jun 04, 2022	1040	1	151	5011
Jun 05, 2022	1027	1	236	4879
Jun 06, 2022	1046	0	344	4824
Jun 07, 2022	1111	1	342	4130
Jun 08, 2022	1152	2	413	3326
Jun 09, 2022	1237	0	339	3518
Jun 10, 2022	1330	1	385	2917
Jun 11, 2022	1381	0	305	4236
Jun 12, 2022	1380	0	515	2330
Jun 13, 2022	1469	0	751	2155
Jun 14, 2022	1658	0	932	2109
Jun 15, 2022	1859	0	1061	2512
Jun 16, 2022	2146	2	1328	2123
Jun 17, 2022	2307	2	1345	1964
Jun 18, 2022	2495	4	1039	1874
Jun 19, 2022	2617	2	1905	2166
Jun 20, 2022	2906	2	2212	2137
Jun 21, 2022	3418	1	2628	1683
Jun 22, 2022	4138	1	2769	1783
Jun 23, 2022	4950	0	2952	1489
Jun 24, 2022	6017	4	2286	1892
Jun 25, 2022	7081	0	2364	1834
Jun 26, 2022	7725	2	3491	2138
Jun 27, 2022	9141	4	4698	2185
Jun 28, 2022	10755	0	4819	1984
Jun 29, 2022	12706	0	4774	1779
Jun 30, 2022	14662	1	5031	2154
Jul 01, 2022	16893	1	4017	1883
Jul 02, 2022	18345	2	2383	2043
Jul 03, 2022	19723	2	2937	2148
Jul 04, 2022	21856	2	2270	2282
Jul 05, 2022	25128	2	3042	2049
Jul 06, 2022	28725	4	2981	2234
Jul 07, 2022	31925	3	3088	1946
Jul 08, 2022	34996	3	2516	2417
Jul 09, 2022	36447	1	2875	2159
Jul 10, 2022	36436	3	4455	2268
Jul 11, 2022	36815	3	3831	2115
Jul 12, 2022	35841	4	4247	1901
Jul 13, 2022	36121	2	3997	2120
Jul 14, 2022	35998	4	4015	1920
Jul 15, 2022	35994	3	2153	2181
Jul 16, 2022	35031	4	1949	2578
Jul 17, 2022	34297	7	2953	2361
Jul 18, 2022	34067	4	2654	2501
Jul 19, 2022	34370	3	2661	2029
Jul 20, 2022	35141	2	2313	2318
Jul 21, 2022	36016	2	2085	1816
Jul 22, 2022	36793	1	1273	1877
Jul 23, 2022	36138	2	1026	2358
Jul 24, 2022	35418	3	1090	2425
Jul 25, 2022	35482	1	1344	2173
Jul 26, 2022	34567	1	1252	2099
Jul 27, 2022	34575	2	956	2129
Jul 28, 2022	33614	1	817	1853
Jul 29, 2022	32320	2	380	2157
Jul 30, 2022	30753	2	541	2800
Jul 31, 2022	28562	2	433	2540
Aug 01, 2022	26140	1	433	2514
Aug 02, 2022	24607	1	433	2472
Aug 03, 2022	23449	2	433	2700
Aug 04, 2022	22125	2	433	2483
Aug 05, 2022	19890	0	433	2209
Aug 06, 2022	18128	0	437	1939
Aug 07, 2022	16200	0	0	2015
Aug 08, 2022	15058	0	0	2294
Aug 09, 2022	13916	0	0	2151
Aug 10, 2022	12774	0	0	2076
Aug 11, 2022	11633	0	0	2142
Aug 12, 2022	10492	5	0	1898
Aug 13, 2022	9350	0	0	2576
Aug 14, 2022	8209	0	2342	2335
Aug 15, 2022	8209	0	0	2023
Aug 16, 2022	8209	0	0	2243
Aug 17, 2022	8209	0	0	2023
Aug 18, 2022	8209	0	0	2028
Aug 19, 2022	8209	3	0	1986
Aug 20, 2022	8209	0	0	2252
Aug 21, 2022	8209	0	1316	2298
Aug 22, 2022	4388	0	0	2394
Aug 23, 2022	4388	0	0	2100
Aug 24, 2022	4388	0	0	1742
Aug 25, 2022	4388	2	0	1601
Aug 26, 2022	4388	0	0	1667
Aug 27, 2022	4388	0	638	2305
Aug 28, 2022	4388	0	0	2198
Aug 29, 2022	2563	0	0	2111
Aug 30, 2022	2563	0	0	1917
Aug 31, 2022	2563	0	0	1743
Sep 01, 2022	2563	0	0	1565
Sep 02, 2022	2563	0	0	1643
Sep 03, 2022	2563	0	0	2143
Sep 04, 2022	1504	0	0	2106
Sep 05, 2022	1504	0	0	1963
Sep 06, 2022	1504	0	0	1618
Sep 07, 2022	1504	0	0	1969
Sep 08, 2022	1504	0	0	1327
Sep 09, 2022	1504	0	0	1201
Sep 10, 2022	1504	4	0	2101
Sep 11, 2022	1504	0	0	1966
Sep 12, 2022	1504	0	740	1827
Sep 13, 2022	1504	0	0	1251
Sep 14, 2022	1504	0	0	1024
Sep 15, 2022	1504	0	0	1087
Sep 16, 2022	1504	3	0	969
Sep 17, 2022	1504	0	0	1170
Sep 18, 2022	1504	0	733	1105
Sep 19, 2022	1504	0	0	919
Sep 20, 2022	698	0	0	934
Sep 21, 2022	698	0	0	876
Sep 22, 2022	698	0	0	794
Sep 23, 2022	698	1	0	745
Sep 24, 2022	698	0	0	1032
Sep 25, 2022	698	0	590	1145
Sep 26, 2022	923	0	0	801
Sep 27, 2022	923	0	0	674
Sep 28, 2022	923	0	0	790
Sep 29, 2022	923	0	0	733
Sep 30, 2022	923	0	0	811
Oct 01, 2022	923	0	0	625
Oct 02, 2022	923	0	296	625
Oct 03, 2022	838	0	0	625
Oct 04, 2022	838	0	0	625
Oct 05, 2022	838	0	0	625
Oct 06, 2022	838	0	0	625
Oct 07, 2022	838	0	0	631
Oct 08, 2022	838	0	0	0
Oct 09, 2022	838	0	0	0
Oct 10, 2022	464	0	0	0
Oct 11, 2022	464	0	0	0
Oct 12, 2022	464	0	0	0
Oct 13, 2022	464	0	0	0
Oct 14, 2022	464	2	0	2234
Oct 15, 2022	464	0	0	0
Oct 16, 2022	464	0	379	374
Oct 17, 2022	464	0	0	373
Oct 18, 2022	464	0	0	374
Oct 19, 2022	464	0	0	374
Oct 20, 2022	464	0	0	374
Oct 21, 2022	464	0	0	373
Oct 22, 2022	464	0	0	374
Oct 23, 2022	464	0	237	364
Oct 24, 2022	301	0	0	365
Oct 25, 2022	301	0	0	364
Oct 26, 2022	301	0	0	365
Oct 27, 2022	301	0	0	364
Oct 28, 2022	301	3	0	365
Oct 29, 2022	301	0	0	364
Oct 30, 2022	301	0	373	394
Oct 31, 2022	361	0	0	394
Nov 01, 2022	361	0	0	394
Nov 02, 2022	361	0	0	395
Nov 03, 2022	361	0	0	394
Nov 04, 2022	361	0	0	394
Nov 05, 2022	361	0	0	394
Nov 06, 2022	361	0	460	452
Nov 07, 2022	497	0	0	453
Nov 08, 2022	497	0	0	452
Nov 09, 2022	497	0	0	452
Nov 10, 2022	497	0	0	452
Nov 11, 2022	497	2	0	453
Nov 12, 2022	497	0	0	452
Nov 13, 2022	497	0	704	0
Nov 14, 2022	648	0	0	565
Nov 15, 2022	648	0	0	566
Nov 16, 2022	648	0	0	565
Nov 17, 2022	648	0	0	565
Nov 18, 2022	648	1	0	565
Nov 19, 2022	648	0	0	566
Nov 20, 2022	648	0	703	565
Nov 21, 2022	963	0	0	702
Nov 22, 2022	963	0	0	702
Nov 23, 2022	963	0	0	702
Nov 24, 2022	963	0	0	702
Nov 25, 2022	963	2	0	702
Nov 26, 2022	963	0	0	702
Nov 27, 2022	963	0	651	702
Nov 28, 2022	1211	0	0	612
Nov 29, 2022	1211	0	0	612
Nov 30, 2022	1211	0	0	612
Dec 01, 2022	1211	0	0	612
Dec 02, 2022	1211	3	0	612
Dec 03, 2022	1211	0	0	612
Dec 04, 2022	1211	0	411	612
Dec 05, 2022	1046	0	0	566
Dec 06, 2022	1046	0	0	566
Dec 07, 2022	1046	0	0	566
Dec 08, 2022	1046	0	0	565
Dec 09, 2022	1046	4	0	566
Dec 10, 2022	1046	0	0	566
Dec 11, 2022	1046	0	321	566
Dec 12, 2022	905	0	0	4449
Dec 13, 2022	905	0	0	489
Dec 14, 2022	905	0	0	488
Dec 15, 2022	905	0	0	489
Dec 16, 2022	905	1	0	488
Dec 17, 2022	905	0	0	489
Dec 18, 2022	905	0	283	488
Dec 19, 2022	655	0	0	414
Dec 20, 2022	655	0	0	415
Dec 21, 2022	655	0	0	414
Dec 22, 2022	655	0	0	414
Dec 23, 2022	655	1	0	414
Dec 24, 2022	655	0	0	415
Dec 25, 2022	655	0	155	414
Dec 26, 2022	519	0	0	302
Dec 27, 2022	519	0	0	301
Dec 28, 2022	519	0	0	302
Dec 29, 2022	519	0	0	301
Dec 30, 2022	519	0	0	302
Dec 31, 2022	519	0	0	301
Jan 01, 2023	519	0	0	302
Jan 02, 2023	673	0	0	0
Jan 03, 2023	673	0	0	0
Jan 04, 2023	673	0	0	0
Jan 05, 2023	673	0	0	0
Jan 06, 2023	673	0	0	0
Jan 07, 2023	673	0	0	0
Jan 08, 2023	673	0	0	0
Jan 09, 2023	673	0	0	281
Jan 10, 2023	673	0	0	281
Jan 11, 2023	673	0	0	281
Jan 12, 2023	673	0	0	280
Jan 13, 2023	673	0	0	281
Jan 14, 2023	673	0	0	281
Jan 15, 2023	673	0	0	281
Jan 16, 2023	673	0	0	90
Jan 17, 2023	673	0	0	0
Jan 18, 2023	673	0	0	0
Jan 19, 2023	673	0	0	0
Jan 20, 2023	673	0	0	0
Jan 21, 2023	673	0	0	0
Jan 22, 2023	673	0	0	0
Jan 23, 2023	673	0	0	67
Jan 24, 2023	673	0	0	68
Jan 25, 2023	673	0	0	67
Jan 26, 2023	673	0	0	68
Jan 27, 2023	673	0	0	67
Jan 28, 2023	673	0	0	68
Jan 29, 2023	673	0	0	67
Jan 30, 2023	673	0	0	0
Jan 31, 2023	673	0	0	0
Feb 01, 2023	673	0	0	0
Feb 02, 2023	673	0	0	0
Feb 03, 2023	673	0	0	0
Feb 04, 2023	673	0	0	0
Feb 05, 2023	673	0	0	0
Feb 06, 2023	673	0	0	0
Feb 07, 2023	673	0	0	0
Feb 08, 2023	673	0	0	0
Feb 09, 2023	673	0	0	0
Feb 10, 2023	673	0	0	0
Feb 11, 2023	673	0	0	0
Feb 12, 2023	673	0	0	0
Feb 13, 2023	673	0	0	0
Feb 14, 2023	673	0	0	0
Feb 15, 2023	673	0	0	0
Feb 16, 2023	673	0	0	0
Feb 17, 2023	673	0	0	0
Feb 18, 2023	673	0	0	0
Feb 19, 2023	673	0	0	0
Feb 20, 2023	673	0	0	0
Feb 21, 2023	673	0	0	0
Feb 22, 2023	673	0	0	0
Feb 23, 2023	673	0	0	0
Feb 24, 2023	673	0	0	0
Feb 25, 2023	673	0	0	0
Feb 26, 2023	673	0	0	0
Feb 27, 2023	673	0	0	0
Feb 28, 2023	673	0	0	0
Mar 01, 2023	673	0	0	0
Mar 02, 2023	673	0	0	0
Mar 03, 2023	673	0	0	0
Mar 04, 2023	673	0	0	0
Mar 05, 2023	673	0	0	0
Mar 06, 2023	673	0	0	0
Mar 07, 2023	673	0	0	0
Mar 08, 2023	673	0	0	0
Mar 09, 2023	673	0	0	0
Mar 10, 2023	673	0	0	0
Mar 11, 2023	673	0	0	0
Mar 12, 2023	673	0	0	0
Mar 13, 2023	673	0	0	0
Mar 14, 2023	673	0	0	0
Mar 15, 2023	673	0	0	0
Mar 16, 2023	673	0	0	0
Mar 17, 2023	673	0	0	0
Mar 18, 2023	673	0	0	0
Mar 19, 2023	673	0	0	0
Mar 20, 2023	673	0	0	0
Mar 21, 2023	673	0	0	0
Mar 22, 2023	673	0	0	0
Mar 23, 2023	673	0	0	0
Mar 24, 2023	673	0	0	0
Mar 25, 2023	673	0	0	0
Mar 26, 2023	673	0	0	0
Mar 27, 2023	673	0	0	0
Mar 28, 2023	673	0	0	0
Mar 29, 2023	673	0	0	0
Mar 30, 2023	673	0	0	0
Mar 31, 2023	673	0	0	0
Apr 01, 2023	673	0	0	0
Apr 02, 2023	673	0	0	0
Apr 03, 2023	673	0	0	0
Apr 04, 2023	673	0	0	0
Apr 05, 2023	673	0	0	0
Apr 06, 2023	673	0	0	0
Apr 07, 2023	673	0	0	0
Apr 08, 2023	673	0	0	0
Apr 09, 2023	673	0	0	0
Apr 10, 2023	673	0	0	0
Apr 11, 2023	673	0	0	0
Apr 12, 2023	673	0	0	0
Apr 13, 2023	673	0	0	0
Apr 14, 2023	673	0	0	0
Apr 15, 2023	673	0	0	0
Apr 16, 2023	673	0	0	0
Apr 17, 2023	673	0	0	0
Apr 18, 2023	673	0	0	0
Apr 19, 2023	673	0	0	0
Apr 20, 2023	673	0	0	0
Apr 21, 2023	673	0	0	0
Apr 22, 2023	673	0	0	0
Apr 23, 2023	673	0	0	0
Apr 24, 2023	673	0	0	0
Apr 25, 2023	673	0	0	0
Apr 26, 2023	673	0	0	0
Apr 27, 2023	673	0	0	0
Apr 28, 2023	673	0	0	0
Apr 29, 2023	673	0	0	0
Apr 30, 2023	673	0	0	0
May 01, 2023	673	0	0	0
May 02, 2023	673	0	0	0
May 03, 2023	673	0	0	0
May 04, 2023	673	0	0	0
May 05, 2023	673	0	0	0
May 06, 2023	673	0	0	0
May 07, 2023	673	0	0	0
May 08, 2023	673	0	0	0
May 09, 2023	673	0	0	0
May 10, 2023	673	0	0	0
May 11, 2023	673	0	0	0
May 12, 2023	673	0	0	0
May 13, 2023	673	0	0	0
May 14, 2023	673	0	0	0
May 15, 2023	673	0	0	0
May 16, 2023	673	0	0	0
May 17, 2023	673	0	0	0
May 18, 2023	673	0	0	0
May 19, 2023	673	0	0	0
May 20, 2023	673	0	0	0
May 21, 2023	673	0	0	0
May 22, 2023	673	0	0	0
May 23, 2023	673	0	0	0
May 24, 2023	673	0	0	0
May 25, 2023	673	0	0	0
May 26, 2023	673	0	0	0
May 27, 2023	673	0	0	0
May 28, 2023	673	0	0	0
May 29, 2023	673	0	0	0
May 30, 2023	673	0	0	0
May 31, 2023	673	0	0	0
Jun 01, 2023	673	0	0	0
Jun 02, 2023	673	0	0	0
Jun 03, 2023	673	0	0	0
Jun 04, 2023	673	0	0	0
Jun 05, 2023	673	0	0	0
Jun 06, 2023	673	0	0	0
Jun 07, 2023	673	0	0	0
Jun 08, 2023	673	0	0	0
Jun 09, 2023	673	0	0	0
Jun 10, 2023	673	0	0	0
Jun 11, 2023	673	0	0	0
Jun 12, 2023	673	0	0	0
Jun 13, 2023	673	0	0	0
Jun 14, 2023	673	0	0	0
Jun 15, 2023	673	0	0	0
Jun 16, 2023	673	0	0	0
Jun 17, 2023	673	0	0	0
Jun 18, 2023	673	0	0	0
Jun 19, 2023	673	0	0	0
Jun 20, 2023	673	0	0	0
Jun 21, 2023	673	0	0	0
Jun 22, 2023	673	0	0	0
Jun 23, 2023	673	0	0	0
Jun 24, 2023	673	0	0	0
Jun 25, 2023	673	0	0	0
Jun 26, 2023	673	0	0	0
Jun 27, 2023	673	0	0	0
Jun 28, 2023	673	0	0	0
Jun 29, 2023	673	0	0	0
Jun 30, 2023	673	0	0	0
Jul 01, 2023	673	0	0	0
Jul 02, 2023	673	0	0	0
Jul 03, 2023	673	0	0	0
Jul 04, 2023	673	0	0	0
Jul 05, 2023	673	0	0	0
Jul 06, 2023	673	0	0	0
Jul 07, 2023	673	0	0	0
Jul 08, 2023	673	0	0	0
Jul 09, 2023	673	0	0	0
Jul 10, 2023	673	0	0	0
Jul 11, 2023	673	0	0	0
Jul 12, 2023	673	0	0	0
Jul 13, 2023	673	0	0	0
Jul 14, 2023	673	0	0	0
Jul 15, 2023	673	0	0	0
Jul 16, 2023	673	0	0	0
Jul 17, 2023	673	0	0	0
Jul 18, 2023	673	0	0	0
Jul 19, 2023	673	0	0	0
Jul 20, 2023	673	0	0	0
Jul 21, 2023	673	0	0	0
Jul 22, 2023	673	0	0	0
Jul 23, 2023	673	0	0	0
Jul 24, 2023	673	0	0	0
Jul 25, 2023	673	0	0	0
Jul 26, 2023	673	0	0	0
Jul 27, 2023	673	0	0	0
Jul 28, 2023	673	0	0	0
Jul 29, 2023	673	0	0	0
Jul 30, 2023	673	0	0	0
Jul 31, 2023	673	0	0	0
Aug 01, 2023	673	0	0	0
Aug 02, 2023	673	0	0	0
Aug 03, 2023	673	0	0	0
Aug 04, 2023	673	0	0	0
Aug 05, 2023	673	0	0	0
Aug 06, 2023	673	0	0	0
Aug 07, 2023	673	0	0	0
Aug 08, 2023	673	0	0	0
Aug 09, 2023	673	0	0	0
Aug 10, 2023	673	0	0	0
Aug 11, 2023	673	0	0	0
Aug 12, 2023	673	0	0	0
Aug 13, 2023	673	0	0	0
Aug 14, 2023	673	0	0	0
Aug 15, 2023	673	0	0	0
Aug 16, 2023	673	0	0	0
Aug 17, 2023	673	0	0	0
Aug 18, 2023	673	0	0	0
Aug 19, 2023	673	0	0	0
Aug 20, 2023	673	0	0	0
Aug 21, 2023	673	0	0	0
Aug 22, 2023	673	0	0	0
Aug 23, 2023	673	0	0	0
Aug 24, 2023	673	0	0	0
Aug 25, 2023	673	0	0	0
Aug 26, 2023	673	0	0	0
Aug 27, 2023	673	0	0	0
Aug 28, 2023	673	0	0	0
Aug 29, 2023	673	0	0	0
Aug 30, 2023	673	0	0	0
Aug 31, 2023	673	0	0	0
Sep 01, 2023	673	0	0	0
Sep 02, 2023	673	0	0	0
Sep 03, 2023	673	0	0	0
Sep 04, 2023	673	0	0	0
Sep 05, 2023	673	0	0	0
Sep 06, 2023	673	0	0	0
Sep 07, 2023	673	0	0	0
Sep 08, 2023	673	0	0	0
Sep 09, 2023	673	0	0	0
Sep 10, 2023	673	0	0	0
Sep 11, 2023	673	0	0	0
Sep 12, 2023	673	0	0	0
Sep 13, 2023	673	0	0	0
Sep 14, 2023	673	0	0	0
Sep 15, 2023	673	0	0	0
Sep 16, 2023	673	0	0	0
Sep 17, 2023	673	0	0	0
Sep 18, 2023	673	0	0	0
Sep 19, 2023	673	0	0	0
Sep 20, 2023	673	0	0	0
Sep 21, 2023	673	0	0	0
Sep 22, 2023	673	0	0	0
Sep 23, 2023	673	0	0	0
Sep 24, 2023	673	0	0	0
Sep 25, 2023	673	0	0	0
Sep 26, 2023	673	0	0	0
Sep 27, 2023	673	0	0	0
Sep 28, 2023	673	0	0	0
Sep 29, 2023	673	0	0	0
Sep 30, 2023	673	0	0	0
Oct 01, 2023	673	0	0	0
Oct 02, 2023	673	0	0	0
Oct 03, 2023	673	0	0	0
Oct 04, 2023	673	0	0	0
Oct 05, 2023	673	0	0	0
Oct 06, 2023	673	0	0	0
Oct 07, 2023	673	0	0	0
Oct 08, 2023	673	0	0	0
Oct 09, 2023	673	0	0	0
Oct 10, 2023	673	0	0	0
Oct 11, 2023	673	0	0	0
Oct 12, 2023	673	0	0	0
Oct 13, 2023	673	0	0	0
Oct 14, 2023	673	0	0	0
Oct 15, 2023	673	0	0	0
Oct 16, 2023	673	0	0	0
Oct 17, 2023	673	0	0	0
Oct 18, 2023	673	0	0	0
Oct 19, 2023	673	0	0	0
Oct 20, 2023	673	0	0	0
Oct 21, 2023	673	0	0	0
Oct 22, 2023	673	0	0	0
Oct 23, 2023	673	0	0	0
Oct 24, 2023	673	0	0	0
Oct 25, 2023	673	0	0	0
Oct 26, 2023	673	0	0	0
Oct 27, 2023	673	0	0	0
Oct 28, 2023	673	0	0	0
Oct 29, 2023	673	0	0	0
Oct 30, 2023	673	0	0	0
Oct 31, 2023	673	0	0	0
Nov 01, 2023	673	0	0	0
Nov 02, 2023	673	0	0	0
Nov 03, 2023	673	0	0	0
Nov 04, 2023	673	0	0	0
Nov 05, 2023	673	0	0	0
Nov 06, 2023	673	0	0	0
Nov 07, 2023	673	0	0	0
Nov 08, 2023	673	0	0	0
Nov 09, 2023	673	0	0	0
Nov 10, 2023	673	0	0	0
Nov 11, 2023	673	0	0	0
Nov 12, 2023	673	0	0	0
Nov 13, 2023	673	0	0	0
Nov 14, 2023	673	0	0	0
Nov 15, 2023	673	0	0	0
Nov 16, 2023	673	0	0	0
Nov 17, 2023	673	0	0	0
Nov 18, 2023	673	0	0	0
Nov 19, 2023	673	0	0	0
Nov 20, 2023	673	0	0	0
Nov 21, 2023	673	0	0	0
Nov 22, 2023	673	0	0	0
Nov 23, 2023	673	0	0	0
Nov 24, 2023	673	0	0	0
Nov 25, 2023	673	0	0	0
Nov 26, 2023	673	0	0	0
Nov 27, 2023	673	0	0	0
Nov 28, 2023	673	0	0	0
Nov 29, 2023	673	0	0	0
Nov 30, 2023	673	0	0	0
Dec 01, 2023	673	0	0	0
Dec 02, 2023	673	0	0	0
Dec 03, 2023	673	0	0	0
Dec 04, 2023	673	0	0	0
Dec 05, 2023	673	0	0	0
Dec 06, 2023	673	0	0	0
Dec 07, 2023	673	0	0	0
Dec 08, 2023	673	0	0	0
Dec 09, 2023	673	0	0	0
Dec 10, 2023	673	0	0	0
Dec 11, 2023	673	0	0	0
Dec 12, 2023	673	0	0	0
Dec 13, 2023	673	0	0	0
Dec 14, 2023	673	0	0	0
Dec 15, 2023	673	0	0	0
Dec 16, 2023	673	0	0	0
Dec 17, 2023	673	0	0	0
Dec 18, 2023	673	0	0	0
Dec 19, 2023	673	0	0	0
Dec 20, 2023	673	0	0	0
Dec 21, 2023	673	0	0	0
Dec 22, 2023	673	0	0	0
Dec 23, 2023	673	0	0	0
Dec 24, 2023	673	0	0	0
Dec 25, 2023	673	0	0	0
Dec 26, 2023	673	0	0	0
Dec 27, 2023	673	0	0	0
Dec 28, 2023	673	0	0	0
Dec 29, 2023	673	0	0	0
Dec 30, 2023	673	0	0	0
Dec 31, 2023	673	0	0	0
Jan 01, 2024	673	0	0	0
Jan 02, 2024	673	0	0	0
Jan 03, 2024	673	0	0	0
Jan 04, 2024	673	0	0	0
Jan 05, 2024	673	0	0	0
Jan 06, 2024	673	0	0	0
Jan 07, 2024	673	0	0	0
Jan 08, 2024	673	0	0	0
Jan 09, 2024	673	0	0	0
Jan 10, 2024	673	0	0	0
Jan 11, 2024	673	0	0	0
Jan 12, 2024	673	0	0	0
Jan 13, 2024	673	0	0	0
Jan 14, 2024	673	0	0	0
Jan 15, 2024	673	0	0	0
Jan 16, 2024	673	0	0	0
Jan 17, 2024	673	0	0	0
Jan 18, 2024	673	0	0	0
Jan 19, 2024	673	0	0	0
Jan 20, 2024	673	0	0	0
Jan 21, 2024	673	0	0	0
Jan 22, 2024	673	0	0	0
Jan 23, 2024	673	0	0	0
Jan 24, 2024	673	0	0	0
Jan 25, 2024	673	0	0	0
Jan 26, 2024	673	0	0	0
Jan 27, 2024	673	0	0	0
Jan 28, 2024	673	0	0	0
Jan 29, 2024	673	0	0	0
Jan 30, 2024	673	0	0	0
Jan 31, 2024	673	0	0	0
Feb 01, 2024	673	0	0	0
Feb 02, 2024	673	0	0	0
Feb 03, 2024	673	0	0	0
Feb 04, 2024	673	0	0	0
Feb 05, 2024	673	0	0	0
Feb 06, 2024	673	0	0	0
Feb 07, 2024	673	0	0	0
Feb 08, 2024	673	0	0	0
Feb 09, 2024	673	0	0	0
Feb 10, 2024	673	0	0	0
Feb 11, 2024	673	0	0	0
Feb 12, 2024	673	0	0	0
Feb 13, 2024	673	0	0	0
Feb 14, 2024	673	0	0	0
Feb 15, 2024	673	0	0	0
Feb 16, 2024	673	0	0	0
Feb 17, 2024	673	0	0	0
Feb 18, 2024	673	0	0	0
Feb 19, 2024	673	0	0	0
Feb 20, 2024	673	0	0	0
Feb 21, 2024	673	0	0	0
Feb 22, 2024	673	0	0	0
Feb 23, 2024	673	0	0	0
Feb 24, 2024	673	0	0	0
Feb 25, 2024	673	0	0	0
Feb 26, 2024	673	0	0	0
Feb 27, 2024	673	0	0	0
Feb 28, 2024	673	0	0	0
Feb 29, 2024	673	0	0	0
Mar 01, 2024	673	0	0	0
Mar 02, 2024	673	0	0	0
Mar 03, 2024	673	0	0	0
Mar 04, 2024	673	0	0	0
Mar 05, 2024	673	0	0	0
Mar 06, 2024	673	0	0	0
Mar 07, 2024	673	0	0	0
Mar 08, 2024	673	0	0	0
Mar 09, 2024	673	0	0	0
Mar 10, 2024	673	0	0	0
Mar 11, 2024	673	0	0	0
Mar 12, 2024	673	0	0	0
Mar 13, 2024	673	0	0	0
Mar 14, 2024	673	0	0	0
Mar 15, 2024	673	NA	0	0
Mar 16, 2024	673	NA	0	0
Mar 17, 2024	673	NA	NA	0
Mar 18, 2024	673	NA	NA	0
Mar 19, 2024	673	NA	NA	0
Mar 20, 2024	673	NA	NA	0
Mar 21, 2024	673	NA	NA	0
Mar 22, 2024	673	NA	NA	0
Mar 23, 2024	673	NA	NA	0
Mar 24, 2024	673	NA	NA	NA
