Dates	Active	Deaths	Newcases	recover
Feb 15, 2020	13	0	0	0
Feb 16, 2020	13	0	0	4
Feb 17, 2020	9	0	0	2
Feb 18, 2020	7	0	0	0
Feb 19, 2020	7	0	0	4
Feb 20, 2020	3	0	0	1
Feb 21, 2020	2	0	0	0
Feb 22, 2020	2	0	0	0
Feb 23, 2020	2	0	0	0
Feb 24, 2020	2	0	2	1
Feb 25, 2020	3	0	8	0
Feb 26, 2020	11	0	22	1
Feb 27, 2020	32	0	26	0
Feb 28, 2020	58	0	5	0
Feb 29, 2020	63	0	51	0
Mar 01, 2020	114	0	35	0
Mar 02, 2020	149	0	38	0
Mar 03, 2020	187	0	59	0
Mar 04, 2020	246	2	283	1
Mar 05, 2020	528	0	125	1
Mar 06, 2020	652	1	130	0
Mar 07, 2020	782	3	240	0
Mar 08, 2020	1022	2	184	0
Mar 09, 2020	1204	1	341	0
Mar 10, 2020	1545	4	401	7
Mar 11, 2020	1938	4	779	0
Mar 12, 2020	2714	9	930	21
Mar 13, 2020	3621	2	924	0
Mar 14, 2020	4544	16	1214	0
Mar 15, 2020	5754	24	1459	21
Mar 16, 2020	7188	16	2095	0
Mar 17, 2020	9274	10	2960	38
Mar 18, 2020	12194	29	2993	10
Mar 19, 2020	15161	36	4528	65
Mar 20, 2020	19600	47	2516	29
Mar 21, 2020	22071	61	2509	57
Mar 22, 2020	24513	84	4183	187
Mar 23, 2020	28480	82	3935	2837
Mar 24, 2020	29542	108	4332	257
Mar 25, 2020	33570	104	6615	2126
Mar 26, 2020	37998	130	6933	985
Mar 27, 2020	43862	157	6824	1823
Mar 28, 2020	48781	177	4740	730
Mar 29, 2020	52683	169	4450	4289
Mar 30, 2020	52740	170	4923	2600
Mar 31, 2020	54933	141	6173	2600
Apr 01, 2020	58349	227	6813	3740
Apr 02, 2020	61245	207	6365	2135
Apr 03, 2020	65306	334	4933	1825
Apr 04, 2020	68244	259	4031	2300
Apr 05, 2020	69834	129	3252	0
Apr 06, 2020	72859	136	4288	7381
Apr 07, 2020	69559	152	5633	10219
Apr 08, 2020	64639	173	4939	6107
Apr 09, 2020	63212	302	3936	1506
Apr 10, 2020	65513	310	3281	3487
Apr 11, 2020	65171	249	2402	2900
Apr 12, 2020	64521	301	2218	4000
Apr 13, 2020	62566	187	2138	3900
Apr 14, 2020	60502	104	2543	4400
Apr 15, 2020	58335	221	2945	4400
Apr 16, 2020	56631	225	3699	6114
Apr 17, 2020	53915	230	2327	2286
Apr 18, 2020	53769	261	2018	2600
Apr 19, 2020	53083	186	1323	3500
Apr 20, 2020	50685	117	1388	3700
Apr 21, 2020	48148	99	2195	4200
Apr 22, 2020	45913	151	2481	3900
Apr 23, 2020	44233	189	1870	3500
Apr 24, 2020	42417	154	1514	3000
Apr 25, 2020	40814	157	1257	2200
Apr 26, 2020	39772	113	988	2500
Apr 27, 2020	38109	76	1154	2900
Apr 28, 2020	36174	54	1627	3000
Apr 29, 2020	34647	127	1470	3100
Apr 30, 2020	32860	0	1068	3400
May 01, 2020	30415	283	890	2100
May 02, 2020	29129	117	697	1600
May 03, 2020	28172	118	488	2100
May 04, 2020	26433	39	855	2400
May 05, 2020	24888	20	1155	2596
May 06, 2020	23164	92	1268	2204
May 07, 2020	22111	77	1158	1800
May 08, 2020	21351	123	736	1600
May 09, 2020	20448	67	555	1100
May 10, 2020	19883	73	697	1217
May 11, 2020	19271	26	595	1583
May 12, 2020	18206	22	927	1500
May 13, 2020	17510	74	877	1600
May 14, 2020	16720	70	724	1400
May 15, 2020	15971	77	545	900
May 16, 2020	15590	39	407	800
May 17, 2020	15175	43	638	1200
May 18, 2020	14539	14	538	1100
May 19, 2020	13907	5	704	1200
May 20, 2020	13334	57	490	1100
May 21, 2020	12685	70	692	1000
May 22, 2020	12334	35	273	900
May 23, 2020	11693	37	342	400
May 24, 2020	11630	24	461	900
May 25, 2020	11134	6	499	800
May 26, 2020	10763	5	607	800
May 27, 2020	10535	13	557	400
May 28, 2020	10655	56	567	900
May 29, 2020	10298	25	275	800
May 30, 2020	9767	37	200	300
May 31, 2020	9662	27	271	700
Jun 01, 2020	9220	6	326	500
Jun 02, 2020	8990	7	334	900
Jun 03, 2020	8399	7	498	500
Jun 04, 2020	8360	48	491	700
Jun 05, 2020	8124	13	282	400
Jun 06, 2020	8000	7	173	200
Jun 07, 2020	7966	12	336	500
Jun 08, 2020	7795	4	311	600
Jun 09, 2020	7458	3	0	500
Jun 10, 2020	6945	15	279	500
Jun 11, 2020	6717	25	456	400
Jun 12, 2020	6761	17	172	300
Jun 13, 2020	6629	19	248	300
Jun 14, 2020	6574	14	373	400
Jun 15, 2020	6532	1	338	500
Jun 16, 2020	6345	1	1122	500
Jun 17, 2020	6950	7	622	500
Jun 18, 2020	7053	17	534	300
Jun 19, 2020	7273	17	556	300
Jun 20, 2020	7528	9	359	200
Jun 21, 2020	7686	14	544	400
Jun 22, 2020	7823	0	659	400
Jun 23, 2020	8065	3	476	600
Jun 24, 2020	7924	12	531	500
Jun 25, 2020	7946	11	614	300
Jun 26, 2020	8246	9	290	400
Jun 27, 2020	8136	3	175	200
Jun 28, 2020	8108	9	528	400
Jun 29, 2020	8224	8	440	1000
Jun 30, 2020	7653	5	492	700
Jul 01, 2020	7436	6	393	500
Jul 02, 2020	7326	11	283	700
Jul 03, 2020	6900	12	418	300
Jul 04, 2020	7010	10	140	400
Jul 05, 2020	6745	5	499	500
Jul 06, 2020	6738	4	298	500
Jul 07, 2020	6525	0	410	0
Jul 08, 2020	6923	5	433	900
Jul 09, 2020	6446	5	390	400
Jul 10, 2020	6431	4	224	500
Jul 11, 2020	6151	9	138	100
Jul 12, 2020	6189	3	486	500
Jul 13, 2020	6170	2	330	400
Jul 14, 2020	6095	1	486	500
Jul 15, 2020	6077	10	584	400
Jul 16, 2020	6252	7	509	800
Jul 17, 2020	5958	2	227	300
Jul 18, 2020	5883	5	273	300
Jul 19, 2020	5855	14	642	0
Jul 20, 2020	6487	1	403	300
Jul 21, 2020	6583	1	580	500
Jul 22, 2020	6661	2	672	400
Jul 23, 2020	6928	2	818	1400
Jul 24, 2020	6332	5	372	200
Jul 25, 2020	6503	9	409	0
Jul 26, 2020	6911	3	638	800
Jul 27, 2020	6747	2	572	600
Jul 28, 2020	6717	0	860	0
Jul 29, 2020	7572	6	842	0
Jul 30, 2020	8405	0	1012	300
Jul 31, 2020	9114	13	412	1300
Aug 01, 2020	8224	7	385	0
Aug 02, 2020	8609	2	858	1100
Aug 03, 2020	8361	6	760	0
Aug 04, 2020	9121	0	1024	0
Aug 05, 2020	10132	5	1106	1500
Aug 06, 2020	9731	3	1105	0
Aug 07, 2020	10834	8	581	1200
Aug 08, 2020	10209	5	385	0
Aug 09, 2020	10594	8	1219	500
Aug 10, 2020	11308	1	1030	1000
Aug 11, 2020	11335	0	1320	1000
Aug 12, 2020	11647	6	1419	900
Aug 13, 2020	12161	9	1505	1750
Aug 14, 2020	11908	9	704	350
Aug 15, 2020	12261	10	519	0
Aug 16, 2020	12780	4	1689	0
Aug 17, 2020	14463	3	1419	0
Aug 18, 2020	15873	1	1595	1000
Aug 19, 2020	16459	4	1584	900
Aug 20, 2020	17133	9	1737	1000
Aug 21, 2020	17866	7	836	3150
Aug 22, 2020	15549	7	632	650
Aug 23, 2020	15530	1	1628	0
Aug 24, 2020	17154	3	1455	0
Aug 25, 2020	18600	1	1428	4633
Aug 26, 2020	15388	7	1565	1262
Aug 27, 2020	15684	10	1549	1566
Aug 28, 2020	15666	12	711	423
Aug 29, 2020	15951	6	470	358
Aug 30, 2020	16062	2	1497	2058
Aug 31, 2020	15494	0	1209	1900
Sep 01, 2020	14793	0	1390	1300
Sep 02, 2020	14871	4	1423	1500
Sep 03, 2020	14788	4	1467	0
Sep 04, 2020	16253	1	775	1608
Sep 05, 2020	15420	9	668	0
Sep 06, 2020	16088	4	1901	792
Sep 07, 2020	17193	4	1331	3600
Sep 08, 2020	14920	1	1393	1300
Sep 09, 2020	15012	8	1758	1400
Sep 10, 2020	15361	9	1618	0
Sep 11, 2020	16975	4	821	2000
Sep 12, 2020	15792	8	752	400
Sep 13, 2020	16143	7	1923	1850
Sep 14, 2020	16208	2	1623	1550
Sep 15, 2020	16272	4	2021	0
Sep 16, 2020	18289	11	2177	2200
Sep 17, 2020	18258	10	2202	1700
Sep 18, 2020	18753	17	1064	500
Sep 19, 2020	19315	11	1169	500
Sep 20, 2020	19980	11	2074	2300
Sep 21, 2020	19743	2	1625	1600
Sep 22, 2020	19758	2	2029	1600
Sep 23, 2020	20170	11	2140	0
Sep 24, 2020	22299	11	2361	0
Sep 25, 2020	24649	15	1319	0
Sep 26, 2020	25966	15	1313	1300
Sep 27, 2020	25977	10	2280	1600
Sep 28, 2020	26646	1	1848	1800
Sep 29, 2020	26683	5	2445	1800
Sep 30, 2020	27313	14	2619	1900
Oct 01, 2020	28017	19	2833	1600
Oct 02, 2020	29240	17	1665	1300
Oct 03, 2020	29604	15	1543	1100
Oct 04, 2020	30042	20	3086	1800
Oct 05, 2020	31314	4	2462	1900
Oct 06, 2020	31857	11	3994	2100
Oct 07, 2020	33734	19	4401	1800
Oct 08, 2020	36320	19	4964	2300
Oct 09, 2020	38964	31	2975	1700
Oct 10, 2020	40235	39	2838	1200
Oct 11, 2020	41862	26	4803	2200
Oct 12, 2020	44446	17	4585	2200
Oct 13, 2020	46812	13	6063	2800
Oct 14, 2020	50044	33	7074	2700
Oct 15, 2020	54379	56	7976	3000
Oct 16, 2020	59329	44	4941	2400
Oct 17, 2020	61853	45	5248	1900
Oct 18, 2020	65188	46	6750	2900
Oct 19, 2020	69005	21	7167	3500
Oct 20, 2020	72616	27	10457	3800
Oct 21, 2020	79229	44	12519	4000
Oct 22, 2020	87703	81	13476	4200
Oct 23, 2020	96933	96	10458	3800
Oct 24, 2020	103570	76	9829	3000
Oct 25, 2020	110372	88	12621	4400
Oct 26, 2020	118549	60	13161	5200
Oct 27, 2020	126429	39	16202	6200
Oct 28, 2020	136335	112	18732	6300
Oct 29, 2020	148691	150	19367	6500
Oct 30, 2020	161470	146	14070	0
Oct 31, 2020	175480	163	12556	10200
Nov 01, 2020	177797	175	16240	7300
Nov 02, 2020	186625	71	16545	8300
Nov 03, 2020	194720	70	20228	9900
Nov 04, 2020	204902	153	21757	10100
Nov 05, 2020	216396	204	22246	11100
Nov 06, 2020	227367	223	17119	9400
Nov 07, 2020	235015	195	14026	7400
Nov 08, 2020	241571	228	16465	10100
Nov 09, 2020	247783	116	16668	11700
Nov 10, 2020	252547	73	20536	13600
Nov 11, 2020	259260	200	23462	13000
Nov 12, 2020	269527	358	23184	13900
Nov 13, 2020	278583	245	16077	11400
Nov 14, 2020	283144	297	14045	9300
Nov 15, 2020	287816	289	14582	12800
Nov 16, 2020	289398	164	16206	14900
Nov 17, 2020	290346	104	20801	16400
Nov 18, 2020	294502	241	23676	16200
Nov 19, 2020	301681	383	23450	16400
Nov 20, 2020	308442	418	16612	14000
Nov 21, 2020	310890	387	13840	10700
Nov 22, 2020	313926	407	14537	15000
Nov 23, 2020	313222	206	16258	17800
Nov 24, 2020	311297	157	20825	19900
Nov 25, 2020	311804	330	21576	19600
Nov 26, 2020	313393	499	22018	20000
Nov 27, 2020	315004	455	14645	14900
Nov 28, 2020	314543	450	13637	11300
Nov 29, 2020	316723	433	14156	16700
Nov 30, 2020	313849	285	15898	19800
Dec 01, 2020	309448	185	20171	20800
Dec 02, 2020	308364	381	22910	20400
Dec 03, 2020	310424	624	23541	20600
Dec 04, 2020	312932	545	17812	15100
Dec 05, 2020	315359	531	14750	10700
Dec 06, 2020	319224	589	15161	16900
Dec 07, 2020	317104	352	18319	18600
Dec 08, 2020	316199	236	23928	20200
Dec 09, 2020	319382	483	28179	20000
Dec 10, 2020	327030	808	28344	20000
Dec 11, 2020	334785	752	21816	15400
Dec 12, 2020	340849	727	17891	10400
Dec 13, 2020	348104	841	18658	16300
Dec 14, 2020	349979	413	21377	19100
Dec 15, 2020	351448	351	28969	21700
Dec 16, 2020	357965	535	30951	22600
Dec 17, 2020	365589	948	31553	21900
Dec 18, 2020	374401	889	23970	16000
Dec 19, 2020	381958	556	20822	11900
Dec 20, 2020	390529	288	19333	18000
Dec 21, 2020	391327	190	22495	21300
Dec 22, 2020	391574	346	31297	23400
Dec 23, 2020	398582	677	26418	24300
Dec 24, 2020	400144	1249	18411	21700
Dec 25, 2020	396567	1070	10432	17600
Dec 26, 2020	389209	711	12153	13000
Dec 27, 2020	388016	326	17323	19100
Dec 28, 2020	385562	341	19118	22000
Dec 29, 2020	381431	247	28410	24900
Dec 30, 2020	383871	880	25345	25500
Dec 31, 2020	383005	1203	17007	22600
Jan 01, 2021	377086	1023	11015	17300
Jan 02, 2021	370460	1063	10620	13800
Jan 03, 2021	367033	1147	12056	19300
Jan 04, 2021	358909	662	18361	23500
Jan 05, 2021	352567	374	26651	26200
Jan 06, 2021	351995	666	28100	23100
Jan 07, 2021	355932	1110	25629	20100
Jan 08, 2021	360314	1206	20202	17800
Jan 09, 2021	362054	1092	14195	13400
Jan 10, 2021	362475	1049	11723	20200
Jan 11, 2021	353332	586	16516	24500
Jan 12, 2021	344238	320	23461	26600
Jan 13, 2021	339893	668	22957	23600
Jan 14, 2021	338158	1143	19790	21100
Jan 15, 2021	335799	1056	14871	16600
Jan 16, 2021	333484	858	11712	14100
Jan 17, 2021	330776	872	8930	19700
Jan 18, 2021	319338	518	12322	24500
Jan 19, 2021	306017	242	18559	25500
Jan 20, 2021	298020	627	18700	20500
Jan 21, 2021	295362	992	16366	18000
Jan 22, 2021	292856	972	12428	15200
Jan 23, 2021	289566	865	10083	12100
Jan 24, 2021	287307	835	6580	16000
Jan 25, 2021	277260	462	9716	20500
Jan 26, 2021	265484	266	15611	22000
Jan 27, 2021	258123	621	14915	17700
Jan 28, 2021	254473	994	12799	15100
Jan 29, 2021	251337	829	9841	13000
Jan 30, 2021	247716	676	8452	9900
Jan 31, 2021	246002	779	6630	13900
Feb 01, 2021	238111	338	7652	18400
Feb 02, 2021	226369	130	12579	19200
Feb 03, 2021	218919	471	12947	17800
Feb 04, 2021	213390	677	10877	17200
Feb 05, 2021	206288	711	8628	12700
Feb 06, 2021	201878	536	6511	8300
Feb 07, 2021	199959	525	4816	12100
Feb 08, 2021	192204	380	5725	16000
Feb 09, 2021	181252	152	9246	15800
Feb 10, 2021	173987	384	9918	14500
Feb 11, 2021	168869	589	9207	13400
Feb 12, 2021	164151	540	6483	11000
Feb 13, 2021	159254	475	4801	7100
Feb 14, 2021	156803	573	5164	9700
Feb 15, 2021	151883	226	5896	12600
Feb 16, 2021	144590	100	9618	13200
Feb 17, 2021	140468	330	9825	11300
Feb 18, 2021	138518	444	9050	10400
Feb 19, 2021	136595	397	7158	8800
Feb 20, 2021	134727	394	6167	5500
Feb 21, 2021	135294	420	4916	7400
Feb 22, 2021	132480	169	5763	9700
Feb 23, 2021	128099	98	10774	10000
Feb 24, 2021	128476	238	10782	8800
Feb 25, 2021	130064	403	9687	9300
Feb 26, 2021	130031	387	7671	7400
Feb 27, 2021	130133	297	6185	5200
Feb 28, 2021	131020	291	5207	7100
Mar 01, 2021	128889	174	6492	9100
Mar 02, 2021	125878	62	10835	9800
Mar 03, 2021	126526	167	11410	9000
Mar 04, 2021	128639	284	9581	8700
Mar 05, 2021	129229	296	8235	7300
Mar 06, 2021	129990	285	6533	4900
Mar 07, 2021	131561	231	5113	6600
Mar 08, 2021	129907	117	6841	8700
Mar 09, 2021	127764	52	12246	9100
Mar 10, 2021	130614	157	13655	8300
Mar 11, 2021	135684	317	12786	8600
Mar 12, 2021	139639	247	10554	7000
Mar 13, 2021	143076	202	8985	5400
Mar 14, 2021	146609	196	6550	7100
Mar 15, 2021	145902	123	9290	9100
Mar 16, 2021	145775	74	16094	9400
Mar 17, 2021	152222	149	17860	0
Mar 18, 2021	169880	291	16557	18100
Mar 19, 2021	168141	204	13665	7900
Mar 20, 2021	173783	206	11149	5600
Mar 21, 2021	179258	188	8262	8200
Mar 22, 2021	179171	101	10943	10400
Mar 23, 2021	179423	64	20667	11500
Mar 24, 2021	188386	131	22258	10900
Mar 25, 2021	199538	235	21872	11400
Mar 26, 2021	209822	207	18692	9900
Mar 27, 2021	218513	206	13651	7100
Mar 28, 2021	225000	178	10055	10200
Mar 29, 2021	224724	81	13110	13100
Mar 30, 2021	224499	55	20825	13900
Mar 31, 2021	231217	73	23802	13200
Apr 01, 2021	241613	233	18242	13200
Apr 02, 2021	246477	313	13641	12200
Apr 03, 2021	247837	300	9611	9000
Apr 04, 2021	248393	217	7405	12100
Apr 05, 2021	243625	170	9600	15600
Apr 06, 2021	237392	106	14936	17400
Apr 07, 2021	234615	147	24257	16900
Apr 08, 2021	241672	299	22281	16200
Apr 09, 2021	247536	407	18693	13900
Apr 10, 2021	252159	329	16738	9700
Apr 11, 2021	259091	247	11523	12700
Apr 12, 2021	257767	140	10772	16300
Apr 13, 2021	251940	65	32546	18500
Apr 14, 2021	265579	184	30634	17400
Apr 15, 2021	278484	313	21934	15900
Apr 16, 2021	284271	297	20957	13100
Apr 17, 2021	291988	312	13123	10100
Apr 18, 2021	294946	244	13417	12000
Apr 19, 2021	296179	259	16363	16400
Apr 20, 2021	295829	43	27862	20500
Apr 21, 2021	302894	107	29382	21200
Apr 22, 2021	310764	355	23710	19700
Apr 23, 2021	314530	321	24423	17300
Apr 24, 2021	321394	321	12014	11600
Apr 25, 2021	321765	205	9568	16200
Apr 26, 2021	315026	161	19009	21300
Apr 27, 2021	312380	124	24696	22600
Apr 28, 2021	314155	195	27913	21200
Apr 29, 2021	320547	266	12845	20000
Apr 30, 2021	313187	309	20141	16900
May 01, 2021	316267	219	13225	12500
May 02, 2021	316868	246	10279	16100
May 03, 2021	310852	197	12305	20800
May 04, 2021	302091	119	21266	23200
May 05, 2021	299848	110	17014	22600
May 06, 2021	294043	277	17550	21500
May 07, 2021	289847	253	15238	18300
May 08, 2021	286588	268	8290	12100
May 09, 2021	282659	206	7814	16400
May 10, 2021	273963	189	8961	21300
May 11, 2021	261347	62	13833	23400
May 12, 2021	251527	140	17496	20000
May 13, 2021	248755	279	10247	18700
May 14, 2021	240096	258	9981	16500
May 15, 2021	233388	235	7067	10900
May 16, 2021	229493	214	5353	14300
May 17, 2021	220406	108	7604	19600
May 18, 2021	208131	13	11881	20100
May 19, 2021	199654	66	10727	17600
May 20, 2021	192546	122	8096	16600
May 21, 2021	183828	319	6419	13200
May 22, 2021	176939	211	1182	9300
May 23, 2021	168808	196	5789	11700
May 24, 2021	162831	124	2578	14900
May 25, 2021	150387	43	4473	15100
May 26, 2021	139441	97	6928	11600
May 27, 2021	134558	169	6190	11300
May 28, 2021	129252	195	4513	10100
May 29, 2021	123541	95	3043	6800
May 30, 2021	119741	128	2203	8100
May 31, 2021	113747	92	2990	11600
Jun 01, 2021	104968	26	5096	11300
Jun 02, 2021	98569	114	3686	9000
Jun 03, 2021	93160	119	2995	8400
Jun 04, 2021	87627	103	2249	6900
Jun 05, 2021	82884	96	1845	4100
Jun 06, 2021	80603	115	1562	4700
Jun 07, 2021	77351	58	2254	7200
Jun 08, 2021	72286	14	3275	7700
Jun 09, 2021	67758	57	2747	6200
Jun 10, 2021	64209	111	2194	5200
Jun 11, 2021	61088	110	1484	4600
Jun 12, 2021	57914	72	999	3200
Jun 13, 2021	55699	92	907	3800
Jun 14, 2021	52749	41	1102	5400
Jun 15, 2021	48340	13	1428	4900
Jun 16, 2021	44758	41	608	3800
Jun 17, 2021	41494	75	1244	3400
Jun 18, 2021	39246	64	974	3100
Jun 19, 2021	37079	65	558	1800
Jun 20, 2021	35824	70	484	2200
Jun 21, 2021	34067	22	688	2900
Jun 22, 2021	31780	10	1114	3400
Jun 23, 2021	29430	23	444	3000
Jun 24, 2021	26809	64	797	2300
Jun 25, 2021	25236	59	494	1600
Jun 26, 2021	24108	71	336	1000
Jun 27, 2021	23434	43	340	1400
Jun 28, 2021	22351	10	570	1800
Jun 29, 2021	21057	1	841	1600
Jun 30, 2021	20239	11	717	1500
Jul 01, 2021	19385	35	671	1100
Jul 02, 2021	18913	35	429	1000
Jul 03, 2021	18332	36	411	600
Jul 04, 2021	18142	39	392	900
Jul 05, 2021	17623	19	712	1200
Jul 06, 2021	17100	8	986	1000
Jul 07, 2021	17051	7	910	1000
Jul 08, 2021	16925	25	884	800
Jul 09, 2021	16970	32	803	700
Jul 10, 2021	17054	32	575	400
Jul 11, 2021	17221	15	554	700
Jul 12, 2021	17068	16	1020	800
Jul 13, 2021	17263	2	1629	900
Jul 14, 2021	17960	12	1451	600
Jul 15, 2021	18779	30	1555	800
Jul 16, 2021	19519	15	1312	600
Jul 17, 2021	20215	37	985	500
Jul 18, 2021	20698	34	983	800
Jul 19, 2021	20869	12	1626	900
Jul 20, 2021	21565	1	1580	1000
Jul 21, 2021	22130	13	1998	600
Jul 22, 2021	23491	28	1864	700
Jul 23, 2021	24621	28	1580	800
Jul 24, 2021	25389	25	1152	800
Jul 25, 2021	25740	30	1417	1200
Jul 26, 2021	25944	10	2063	1600
Jul 27, 2021	26379	1	3059	1400
Jul 28, 2021	28010	11	2766	1800
Jul 29, 2021	28951	25	2598	1000
Jul 30, 2021	30519	32	1816	1400
Jul 31, 2021	30925	15	1555	1200
Aug 01, 2021	31279	16	1502	1800
Aug 02, 2021	30970	6	2548	2000
Aug 03, 2021	31493	4	3655	1600
Aug 04, 2021	33516	10	3460	1300
Aug 05, 2021	35661	21	3385	1500
Aug 06, 2021	37530	20	2764	1400
Aug 07, 2021	38888	16	2246	1300
Aug 08, 2021	39830	19	2212	2000
Aug 09, 2021	40032	3	3284	2200
Aug 10, 2021	41095	3	5478	2200
Aug 11, 2021	44353	11	5506	1900
Aug 12, 2021	47943	19	5529	2100
Aug 13, 2021	51353	25	4682	2000
Aug 14, 2021	54032	19	3736	1700
Aug 15, 2021	56065	18	3543	2500
Aug 16, 2021	57097	8	5382	2700
Aug 17, 2021	59760	5	8998	5700
Aug 18, 2021	63033	19	8323	3000
Aug 19, 2021	68337	42	8942	0
Aug 20, 2021	77261	33	6625	2900
Aug 21, 2021	80978	25	5948	2300
Aug 22, 2021	84621	23	5555	3500
Aug 23, 2021	86657	11	7795	4100
Aug 24, 2021	90310	12	12490	4300
Aug 25, 2021	98467	28	12081	3900
Aug 26, 2021	106623	59	11035	4500
Aug 27, 2021	113135	27	8589	4300
Aug 28, 2021	117413	37	6642	3500
Aug 29, 2021	120543	35	6805	5200
Aug 30, 2021	122120	20	8402	6100
Aug 31, 2021	124363	14	14615	6600
Sep 01, 2021	132351	39	13950	6100
Sep 02, 2021	140164	47	12633	6900
Sep 03, 2021	145862	39	8878	6000
Sep 04, 2021	148720	52	8314	4800
Sep 05, 2021	152220	55	6765	7100
Sep 06, 2021	151846	23	9276	8300
Sep 07, 2021	152775	10	14863	9200
Sep 08, 2021	158399	122	14228	8500
Sep 09, 2021	164075	69	12667	8600
Sep 10, 2021	168087	78	8539	7800
Sep 11, 2021	168803	57	6963	5600
Sep 12, 2021	170156	63	8262	8300
Sep 13, 2021	169996	38	8845	10000
Sep 14, 2021	168772	30	13047	11100
Sep 15, 2021	170641	47	11875	10100
Sep 16, 2021	172359	87	9884	10700
Sep 17, 2021	171480	51	7106	9000
Sep 18, 2021	169548	77	5682	6200
Sep 19, 2021	169000	86	5303	8900
Sep 20, 2021	165356	33	7279	11500
Sep 21, 2021	161048	13	11165	12200
Sep 22, 2021	159962	56	10076	11100
Sep 23, 2021	158861	86	8916	10600
Sep 24, 2021	157091	70	6441	8800
Sep 25, 2021	154699	59	5267	6000
Sep 26, 2021	153953	4	4814	8700
Sep 27, 2021	150011	35	7411	11500
Sep 28, 2021	145836	7	12209	11500
Sep 29, 2021	146475	46	11015	10400
Sep 30, 2021	147031	77	9289	10000
Oct 01, 2021	146316	80	4534	8400
Oct 02, 2021	142415	86	4965	5800
Oct 03, 2021	141573	78	4488	8100
Oct 04, 2021	137915	28	7768	10300
Oct 05, 2021	135306	17	11604	11900
Oct 06, 2021	134930	54	22403	10000
Oct 07, 2021	147247	96	9742	9700
Oct 08, 2021	147211	82	6932	7800
Oct 09, 2021	146315	69	5951	5600
Oct 10, 2021	146649	82	4872	8200
Oct 11, 2021	143267	28	7924	10400
Oct 12, 2021	140695	10	12309	10100
Oct 13, 2021	142822	57	11756	8700
Oct 14, 2021	145809	77	11656	9000
Oct 15, 2021	148383	80	8515	7400
Oct 16, 2021	149470	85	6807	5500
Oct 17, 2021	150767	41	6568	8000
Oct 18, 2021	149278	0	10543	9600
Oct 19, 2021	150144	0	18687	9800
Oct 20, 2021	158951	0	17838	8400
Oct 21, 2021	168304	0	8543	9200
Oct 22, 2021	167606	146	9267	8000
Oct 23, 2021	168873	122	11411	6400
Oct 24, 2021	173884	114	3988	8800
Oct 25, 2021	169072	58	20955	10700
Oct 26, 2021	179327	25	26099	11200
Oct 27, 2021	194080	38	26610	9900
Oct 28, 2021	210668	142	23758	10800
Oct 29, 2021	223512	184	16558	9700
Oct 30, 2021	230312	140	13912	8000
Oct 31, 2021	236199	178	11315	11400
Nov 01, 2021	236076	78	16285	13700
Nov 02, 2021	238519	40	26453	14500
Nov 03, 2021	250288	108	35662	13300
Nov 04, 2021	272510	188	35806	14200
Nov 05, 2021	293938	244	26389	12700
Nov 06, 2021	307549	223	20701	10200
Nov 07, 2021	318010	228	20580	14500
Nov 08, 2021	323982	109	28986	17600
Nov 09, 2021	335180	35	45416	18300
Nov 10, 2021	362052	167	50377	16700
Nov 11, 2021	395506	299	48184	17600
Nov 12, 2021	425862	248	35276	15800
Nov 13, 2021	445229	261	29048	11900
Nov 14, 2021	462342	230	30483	16400
Nov 15, 2021	476258	154	39985	21700
Nov 16, 2021	494244	60	60753	24900
Nov 17, 2021	529849	204	64164	23300
Nov 18, 2021	570452	343	59266	24000
Nov 19, 2021	605488	321	48245	22100
Nov 20, 2021	631479	315	36860	16000
Nov 21, 2021	652279	374	40489	23000
Nov 22, 2021	669564	170	54268	30700
Nov 23, 2021	692789	71	73966	32900
Nov 24, 2021	733534	241	76132	31500
Nov 25, 2021	777851	485	72159	30900
Nov 26, 2021	818736	415	49311	27800
Nov 27, 2021	840077	357	38444	20600
Nov 28, 2021	857850	399	42582	29100
Nov 29, 2021	871091	222	55880	40500
Nov 30, 2021	885986	74	71887	44300
Dec 01, 2021	913158	309	73486	42100
Dec 02, 2021	944187	448	70681	43600
Dec 03, 2021	970869	571	46379	34800
Dec 04, 2021	982226	503	35983	24400
Dec 05, 2021	993735	496	39330	37600
Dec 06, 2021	995156	277	51592	50300
Dec 07, 2021	996000	123	68832	55300
Dec 08, 2021	1008961	260	65175	52600
Dec 09, 2021	1021033	575	58969	51000
Dec 10, 2021	1028506	509	37542	39000
Dec 11, 2021	1026771	479	29633	27000
Dec 12, 2021	1029281	452	28804	40400
Dec 13, 2021	1017425	230	40795	61600
Dec 14, 2021	996045	127	55650	62400
Dec 15, 2021	988786	280	53057	58900
Dec 16, 2021	982464	516	48375	60800
Dec 17, 2021	969587	475	30953	44700
Dec 18, 2021	955610	402	24190	29200
Dec 19, 2021	950473	272	21710	48100
Dec 20, 2021	923803	117	35049	65500
Dec 21, 2021	892836	56	45858	66500
Dec 22, 2021	871719	223	39196	59400
Dec 23, 2021	851113	448	27679	56000
Dec 24, 2021	822520	381	17248	38500
Dec 25, 2021	801151	379	10158	26200
Dec 26, 2021	785053	244	18734	43000
Dec 27, 2021	760564	70	30978	61300
Dec 28, 2021	729794	52	41816	59600
Dec 29, 2021	711629	196	41820	54900
Dec 30, 2021	698170	397	33466	50700
Dec 31, 2021	680692	431	19706	35300
Jan 01, 2022	665028	305	12636	22700
Jan 02, 2022	654912	284	26345	37600
Jan 03, 2022	643461	161	43890	53300
Jan 04, 2022	633654	60	63191	49900
Jan 05, 2022	646514	175	56787	44700
Jan 06, 2022	658296	387	59393	38300
Jan 07, 2022	679105	331	42422	27900
Jan 08, 2022	693466	261	30812	20400
Jan 09, 2022	703818	232	38618	32000
Jan 10, 2022	710261	144	61205	47200
Jan 11, 2022	723879	26	80542	44300
Jan 12, 2022	759790	143	93154	41500
Jan 13, 2022	811183	199	80080	36600
Jan 14, 2022	854431	258	60916	27700
Jan 15, 2022	887503	176	45287	21300
Jan 16, 2022	911464	175	53916	36300
Jan 17, 2022	928937	104	95098	50100
Jan 18, 2022	973736	31	121952	48300
Jan 19, 2022	1047130	161	134930	41400
Jan 20, 2022	1140484	184	138634	38200
Jan 21, 2022	1240743	184	105903	28100
Jan 22, 2022	1318442	182	75280	23900
Jan 23, 2022	1369791	179	90962	43100
Jan 24, 2022	1417492	91	148408	58100
Jan 25, 2022	1507616	45	188759	56600
Jan 26, 2022	1639591	147	189363	55500
Jan 27, 2022	1773272	182	189464	50900
Jan 28, 2022	1911657	174	143518	38400
Jan 29, 2022	2016684	186	109029	31600
Jan 30, 2022	2094068	165	119696	58200
Jan 31, 2022	2155417	98	183434	82600
Feb 01, 2022	2256069	34	223322	84600
Feb 02, 2022	2394617	129	240218	79600
Feb 03, 2022	2555049	231	235511	84000
Feb 04, 2022	2706395	246	166620	62800
Feb 05, 2022	2810117	224	114424	42100
Feb 06, 2022	2882407	215	138867	84000
Feb 07, 2022	2937145	122	212724	115300
Feb 08, 2022	3034338	47	238410	116500
Feb 09, 2022	3156002	130	247128	113200
Feb 10, 2022	3289706	214	229989	110200
Feb 11, 2022	3409280	279	151871	82100
Feb 12, 2022	3478929	244	108216	57600
Feb 13, 2022	3529498	246	127449	101800
Feb 14, 2022	3555017	133	177515	150300
Feb 15, 2022	3582018	65	234886	164000
Feb 16, 2022	3652625	149	227613	167600
Feb 17, 2022	3712394	329	206037	163700
Feb 18, 2022	3754485	253	137722	110500
Feb 19, 2022	3781574	273	104131	78800
Feb 20, 2022	3806840	235	111824	155600
Feb 21, 2022	3762915	153	158507	201900
Feb 22, 2022	3719193	45	219859	202900
Feb 23, 2022	3735899	118	218431	201700
Feb 24, 2022	3752357	275	193099	193500
Feb 25, 2022	3751721	255	129360	129200
Feb 26, 2022	3751728	289	95241	83800
Feb 27, 2022	3763124	252	95396	168400
Feb 28, 2022	3690002	153	150565	228800
Mar 01, 2022	3611492	46	198457	230800
Mar 02, 2022	3578894	0	202338	226300
Mar 03, 2022	3554643	583	203972	201900
Mar 04, 2022	3556463	216	144427	135100
Mar 05, 2022	3565637	154	104548	85600
Mar 06, 2022	3584539	242	122895	168700
Mar 07, 2022	3538734	166	193013	237100
Mar 08, 2022	3494064	32	191973	228700
Mar 09, 2022	3457121	136	300270	210100
Mar 10, 2022	3547137	287	245342	189500
Mar 11, 2022	3602737	298	145267	120400
Mar 12, 2022	3627438	242	213264	76200
Mar 13, 2022	3764470	217	101872	151500
Mar 14, 2022	3714706	119	225387	212800
Mar 15, 2022	3727006	24	275807	217700
Mar 16, 2022	3784815	109	296980	210600
Mar 17, 2022	3870953	324	284050	181000
Mar 18, 2022	3973786	331	168187	124700
Mar 19, 2022	4017154	261	90525	80600
Mar 20, 2022	4027055	300	182939	151900
Mar 21, 2022	4057985	0	268357	223400
Mar 22, 2022	4102618	190	301544	217000
Mar 23, 2022	4186831	159	305592	207900
Mar 24, 2022	4284262	331	276746	189700
Mar 25, 2022	4371008	305	151665	127300
Mar 26, 2022	4395373	303	80907	72500
Mar 27, 2022	4403590	297	214035	154900
Mar 28, 2022	4462566	187	237858	219500
Mar 29, 2022	4480593	34	267367	226800
Mar 30, 2022	4520855	150	257768	227200
Mar 31, 2022	4551120	470	231910	207100
Apr 01, 2022	4575633	333	128639	132200
Apr 02, 2022	4571885	289	57761	86500
Apr 03, 2022	4543112	336	122651	183900
Apr 04, 2022	4481713	170	190104	251100
Apr 05, 2022	4420247	0	204930	268000
Apr 06, 2022	4356844	0	200547	255200
Apr 07, 2022	4301902	288	169454	237300
Apr 08, 2022	4233720	307	100037	155700
Apr 09, 2022	4177887	309	45149	90700
Apr 10, 2022	4132336	91	92639	203800
Apr 11, 2022	4021175	109	164628	274700
Apr 12, 2022	3910815	14	179888	286200
Apr 13, 2022	3804196	8	160914	265300
Apr 14, 2022	3699501	96	88188	229700
Apr 15, 2022	3557898	361	46073	128400
Apr 16, 2022	3475462	390	26716	77600
Apr 17, 2022	3424564	187	19303	205500
Apr 18, 2022	3238359	153	130759	262100
Apr 19, 2022	3106922	22	187233	261500
Apr 20, 2022	3032294	171	139849	243700
Apr 21, 2022	2928053	307	104331	204900
Apr 22, 2022	2827297	245	89665	121400
Apr 23, 2022	2795409	239	31267	63600
Apr 24, 2022	2763054	186	86980	182200
Apr 25, 2022	2667663	106	135699	240000
Apr 26, 2022	2563055	13	124863	220700
Apr 27, 2022	2466973	34	119832	202400
Apr 28, 2022	2384166	236	96523	139300
Apr 29, 2022	2341203	222	57003	80300
Apr 30, 2022	2317800	159	8995	48100
May 01, 2022	2278682	248	20595	113200
May 02, 2022	2186043	102	158213	189400
May 03, 2022	2154620	11	166960	182700
May 04, 2022	2138658	95	87201	159200
May 05, 2022	2066500	202	86026	135000
May 06, 2022	2017278	227	48406	70500
May 07, 2022	1995082	179	7361	40900
May 08, 2022	1961532	181	40350	126300
May 09, 2022	1875487	98	104449	163700
May 10, 2022	1816034	14	93102	139800
May 11, 2022	1769109	86	82652	127900
May 12, 2022	1723682	176	67670	71100
May 13, 2022	1720071	166	40929	49700
May 14, 2022	1711202	139	5761	31300
May 15, 2022	1685649	145	29394	57300
May 16, 2022	1657657	76	82591	141900
May 17, 2022	1598172	3	64582	143100
May 18, 2022	1519488	26	56446	126500
May 19, 2022	1449295	141	40651	100800
May 20, 2022	1389001	0	28383	49300
May 21, 2022	1368008	43	3300	26900
May 22, 2022	1344405	0	18011	106100
May 23, 2022	1256290	49	54198	123700
May 24, 2022	1186647	11	47176	99800
May 25, 2022	1134023	87	34639	84700
May 26, 2022	1083919	332	14483	69500
May 27, 2022	1028902	89	26097	33200
May 28, 2022	1021750	126	6667	18300
May 29, 2022	1010106	81	23406	78400
May 30, 2022	955025	47	59480	95400
May 31, 2022	918773	4	52361	79600
Jun 01, 2022	891445	0	47396	67800
Jun 02, 2022	870915	45	41297	56500
Jun 03, 2022	855631	155	29014	24700
Jun 04, 2022	859898	61	1010	14300
Jun 05, 2022	846604	106	2408	69600
Jun 06, 2022	779412	65	67073	72700
Jun 07, 2022	773740	3	42047	62200
Jun 08, 2022	753432	30	75494	44300
Jun 09, 2022	784565	79	74908	47100
Jun 10, 2022	812267	0	44642	20400
Jun 11, 2022	836444	0	359	12100
Jun 12, 2022	824700	0	38664	57000
Jun 13, 2022	806334	0	83099	59200
Jun 14, 2022	830154	0	37291	50300
Jun 15, 2022	817145	0	89151	42500
Jun 16, 2022	863796	65	28471	40200
Jun 17, 2022	852067	105	80019	17900
Jun 18, 2022	914186	98	477	11300
Jun 19, 2022	903363	90	6911	36400
Jun 20, 2022	873874	84	122597	55700
Jun 21, 2022	940706	0	119762	53300
Jun 22, 2022	1007063	113	119360	33500
Jun 23, 2022	1092825	175	108190	45400
Jun 24, 2022	1155525	83	89336	20500
Jun 25, 2022	1224277	84	800	14700
Jun 26, 2022	1210377	103	142329	59100
Jun 27, 2022	1293493	0	133950	125200
Jun 28, 2022	1302068	3	132671	43900
Jun 29, 2022	1390756	102	113099	53200
Jun 30, 2022	1450571	122	98669	23600
Jul 01, 2022	1525537	108	0	0
Jul 02, 2022	1525537	131	2366	17000
Jul 03, 2022	1510900	104	147489	143600
Jul 04, 2022	1514687	0	130728	92000
Jul 05, 2022	1553293	8	135402	0
Jul 06, 2022	1688587	165	117732	157500
Jul 07, 2022	1648688	104	95919	0
Jul 08, 2022	1744503	145	0	29200
Jul 09, 2022	1715303	115	3495	117400
Jul 10, 2022	1601390	134	154729	108200
Jul 11, 2022	1647754	0	127611	95600
Jul 12, 2022	1679661	0	152149	62600
Jul 13, 2022	1769065	102	109694	0
Jul 14, 2022	1878644	136	123046	84100
Jul 15, 2022	1917456	177	0	28800
Jul 16, 2022	1888656	113	0	20800
Jul 17, 2022	1867856	116	160691	104100
Jul 18, 2022	1924345	0	140999	119800
Jul 19, 2022	1945408	0	136624	109700
Jul 20, 2022	1972155	187	107819	98100
Jul 21, 2022	1981761	181	92009	89600
Jul 22, 2022	1984054	157	0	30500
Jul 23, 2022	1953554	153	0	21400
Jul 24, 2022	1932154	117	145474	116900
Jul 25, 2022	1960541	0	121780	132700
Jul 26, 2022	1949440	0	104126	232300
Jul 27, 2022	1821109	178	84798	0
Jul 28, 2022	1905754	210	66003	95600
Jul 29, 2022	1876040	192	0	30000
Jul 30, 2022	1846040	165	0	19900
Jul 31, 2022	1826140	141	103561	121900
Aug 01, 2022	1807623	0	87681	132900
Aug 02, 2022	1762194	0	74645	121800
Aug 03, 2022	1714847	170	59506	105700
Aug 04, 2022	1668488	213	49609	89900
Aug 05, 2022	1628056	153	0	27800
Aug 06, 2022	1600256	167	0	19500
Aug 07, 2022	1580756	137	78706	120200
Aug 08, 2022	1539092	0	72737	129700
Aug 09, 2022	1481916	0	59888	117100
Aug 10, 2022	1424551	140	49839	191300
Aug 11, 2022	1282923	192	45859	0
Aug 12, 2022	1328645	184	0	26100
Aug 13, 2022	1302545	169	0	17300
Aug 14, 2022	1285245	121	63742	113300
Aug 15, 2022	1235547	0	67390	117700
Aug 16, 2022	1185045	0	58685	100300
Aug 17, 2022	1143246	146	46724	84700
Aug 18, 2022	1105101	147	36295	75200
Aug 19, 2022	1066075	116	0	23400
Aug 20, 2022	1042675	90	0	14800
Aug 21, 2022	1027875	101	60460	99400
Aug 22, 2022	988789	0	52939	97000
Aug 23, 2022	944581	0	49201	80200
Aug 24, 2022	913466	119	37343	63200
Aug 25, 2022	887519	181	33226	55200
Aug 26, 2022	865444	90	0	18200
Aug 27, 2022	847244	148	0	12100
Aug 28, 2022	835144	120	54506	71900
Aug 29, 2022	817631	0	49303	73400
Aug 30, 2022	793353	0	39396	61600
Aug 31, 2022	771059	99	33930	51600
Sep 01, 2022	753241	120	29345	44800
Sep 02, 2022	737666	117	0	16000
Sep 03, 2022	721666	119	0	10700
Sep 04, 2022	710966	82	49709	58700
Sep 05, 2022	701876	0	46495	60600
Sep 06, 2022	687651	0	42057	49300
Sep 07, 2022	680291	90	35995	42100
Sep 08, 2022	674067	109	30166	39600
Sep 09, 2022	664551	230	0	13400
Sep 10, 2022	651151	117	0	9700
Sep 11, 2022	641451	88	54930	50100
Sep 12, 2022	646191	0	51299	55400
Sep 13, 2022	641981	0	46514	44300
Sep 14, 2022	643965	146	38749	37400
Sep 15, 2022	645197	90	36613	33000
Sep 16, 2022	648722	106	0	11800
Sep 17, 2022	636922	93	0	8900
Sep 18, 2022	628022	90	60238	45800
Sep 19, 2022	642314	0	56715	47300
Sep 20, 2022	651639	0	56978	41500
Sep 21, 2022	667011	118	50800	33500
Sep 22, 2022	684218	138	46964	30600
Sep 23, 2022	700492	94	0	11600
Sep 24, 2022	688892	140	0	8900
Sep 25, 2022	679992	116	89282	45200
Sep 26, 2022	723956	0	95811	46500
Sep 27, 2022	773129	0	78863	37600
Sep 28, 2022	814298	0	96367	32300
Sep 29, 2022	878225	128	73856	31000
Sep 30, 2022	920965	97	0	12000
Oct 01, 2022	908965	117	0	9600
Oct 02, 2022	899365	129	0	46100
Oct 03, 2022	853265	0	133532	47500
Oct 04, 2022	939169	0	132494	43000
Oct 05, 2022	1028566	185	174112	39100
Oct 06, 2022	1163461	199	122265	37500
Oct 07, 2022	1248097	176	0	15500
Oct 08, 2022	1232597	165	0	13100
Oct 09, 2022	1219497	160	172536	57900
Oct 10, 2022	1333948	0	136748	64600
Oct 11, 2022	1405897	0	145213	56800
Oct 12, 2022	1494134	209	114198	51800
Oct 13, 2022	1556367	248	91508	48600
Oct 14, 2022	1599115	223	0	19100
Oct 15, 2022	1580015	178	0	14200
Oct 16, 2022	1565815	204	150054	45100
Oct 17, 2022	1670560	0	130074	81100
Oct 18, 2022	1719286	0	116806	85200
Oct 19, 2022	1750669	273	92293	78900
Oct 20, 2022	1763884	242	74631	70700
Oct 21, 2022	1767611	196	0	26700
Oct 22, 2022	1740911	184	0	18400
Oct 23, 2022	1722511	167	115535	98600
Oct 24, 2022	1739173	0	94787	111500
Oct 25, 2022	1722218	0	78905	100100
Oct 26, 2022	1700827	150	61492	85300
Oct 27, 2022	1676835	120	47718	79600
Oct 28, 2022	1644786	281	0	29100
Oct 29, 2022	1615686	233	0	19500
Oct 30, 2022	1596186	207	48557	54900
Oct 31, 2022	1589693	0	29961	123200
Nov 01, 2022	1496334	0	78629	126500
Nov 02, 2022	1448182	250	56635	116700
Nov 03, 2022	1387884	227	38859	98000
Nov 04, 2022	1328536	175	0	28100
Nov 05, 2022	1300436	216	0	20800
Nov 06, 2022	1279636	185	61063	119900
Nov 07, 2022	1220549	0	47820	121200
Nov 08, 2022	1146942	0	38668	101900
Nov 09, 2022	1083535	219	33703	85900
Nov 10, 2022	1031122	223	28369	74800
Nov 11, 2022	984506	162	0	21600
Nov 12, 2022	962906	218	0	14600
Nov 13, 2022	948306	203	47180	93000
Nov 14, 2022	902267	0	38610	91900
Nov 15, 2022	848754	0	33306	89000
Nov 16, 2022	792898	199	27587	69600
Nov 17, 2022	750667	139	25328	58200
Nov 18, 2022	717592	163	0	16200
Nov 19, 2022	701392	274	0	11600
Nov 20, 2022	689792	107	41676	73400
Nov 21, 2022	657869	0	33290	68700
Nov 22, 2022	622320	0	38090	55000
Nov 23, 2022	605247	162	30016	44800
Nov 24, 2022	590189	134	24687	37300
Nov 25, 2022	577469	152	0	11400
Nov 26, 2022	566069	166	0	9200
Nov 27, 2022	556869	89	46553	39400
Nov 28, 2022	563860	0	43768	37800
Nov 29, 2022	569694	0	36115	48300
Nov 30, 2022	557357	188	30420	37600
Dec 01, 2022	550011	173	27841	31100
Dec 02, 2022	546663	125	0	9800
Dec 03, 2022	536863	167	0	7000
Dec 04, 2022	529863	115	46787	43200
Dec 05, 2022	533262	0	45331	40400
Dec 06, 2022	538020	0	40256	33100
Dec 07, 2022	545051	211	35826	29300
Dec 08, 2022	551410	187	32865	0
Dec 09, 2022	584160	230	0	37400
Dec 10, 2022	546760	143	0	6900
Dec 11, 2022	539860	147	53745	37700
Dec 12, 2022	555694	0	48327	37700
Dec 13, 2022	566134	0	44875	31000
Dec 14, 2022	579779	161	40701	27400
Dec 15, 2022	592937	201	34308	27100
Dec 16, 2022	599998	178	0	8900
Dec 17, 2022	591098	187	0	6400
Dec 18, 2022	584698	157	55016	37000
Dec 19, 2022	602553	0	52528	39500
Dec 20, 2022	615380	0	47988	33300
Dec 21, 2022	629890	0	41431	29200
Dec 22, 2022	641934	204	34092	27800
Dec 23, 2022	648069	161	0	9700
Dec 24, 2022	638369	188	0	7300
Dec 25, 2022	631069	144	0	41400
Dec 26, 2022	589669	0	60493	43100
Dec 27, 2022	606858	0	40810	37500
Dec 28, 2022	610007	249	32729	32300
Dec 29, 2022	610248	307	23896	29800
Dec 30, 2022	604200	235	0	11200
Dec 31, 2022	593000	262	0	7500
Jan 01, 2023	585500	170	40785	40900
Jan 02, 2023	585136	0	36145	46200
Jan 03, 2023	574774	0	28653	39200
Jan 04, 2023	563992	287	20922	35200
Jan 05, 2023	549452	269	13169	31500
Jan 06, 2023	530951	181	0	10000
Jan 07, 2023	520951	200	0	5900
Jan 08, 2023	515051	150	30533	29500
Jan 09, 2023	515797	0	22119	44400
Jan 10, 2023	493247	0	19379	40900
Jan 11, 2023	471545	190	12956	62800
Jan 12, 2023	421501	188	10609	0
Jan 13, 2023	431960	238	0	8100
Jan 14, 2023	423860	194	0	5600
Jan 15, 2023	418260	118	17222	40700
Jan 16, 2023	394592	0	15450	40500
Jan 17, 2023	369354	0	12001	34900
Jan 18, 2023	346217	141	9710	30500
Jan 19, 2023	325233	157	8866	25600
Jan 20, 2023	308381	138	0	7100
Jan 21, 2023	301281	175	0	4600
Jan 22, 2023	296681	127	16072	12300
Jan 23, 2023	300312	0	16737	35200
Jan 24, 2023	281692	0	13807	27900
Jan 25, 2023	267461	122	13155	21600
Jan 26, 2023	258841	148	11317	16300
Jan 27, 2023	253731	154	0	4900
Jan 28, 2023	248831	151	0	3200
Jan 29, 2023	245631	112	19301	26400
Jan 30, 2023	238410	0	21060	24700
Jan 31, 2023	234622	0	16957	18600
Feb 01, 2023	232825	164	13357	15100
Feb 02, 2023	230931	107	12430	10800
Feb 03, 2023	232449	127	0	3600
Feb 04, 2023	228849	134	0	2900
Feb 05, 2023	225949	103	19646	20900
Feb 06, 2023	224531	0	19480	19000
Feb 07, 2023	224904	0	18011	15200
Feb 08, 2023	227588	112	14178	12100
Feb 09, 2023	229532	124	13420	10500
Feb 10, 2023	232349	125	0	3200
Feb 11, 2023	229149	90	0	2700
Feb 12, 2023	226449	75	21632	15800
Feb 13, 2023	232169	0	20502	15800
Feb 14, 2023	236747	0	20911	12700
Feb 15, 2023	244833	98	16393	11000
Feb 16, 2023	250136	104	15861	10100
Feb 17, 2023	255822	113	0	3400
Feb 18, 2023	252422	119	0	2600
Feb 19, 2023	249822	89	15500	15200
Feb 20, 2023	250024	0	25763	16500
Feb 21, 2023	259183	0	25038	13600
Feb 22, 2023	270508	139	21177	24000
Feb 23, 2023	267566	135	20974	0
Feb 24, 2023	288451	89	0	3800
Feb 25, 2023	284651	121	0	2900
Feb 26, 2023	281751	101	32970	17900
Feb 27, 2023	296682	0	24875	19800
Feb 28, 2023	301622	0	21046	16500
Mar 01, 2023	306079	186	12617	13900
Mar 02, 2023	304675	126	8279	13200
Mar 03, 2023	299653	99	0	3900
Mar 04, 2023	295753	127	0	3100
Mar 05, 2023	292653	122	10813	17500
Mar 06, 2023	285780	0	9947	20900
Mar 07, 2023	274701	0	9621	18300
Mar 08, 2023	265923	165	7829	16700
Mar 09, 2023	256925	123	6943	15900
Mar 10, 2023	247846	115	0	4600
Mar 11, 2023	243246	119	0	3000
Mar 12, 2023	240246	82	10750	21400
Mar 13, 2023	229431	0	9437	38200
Mar 14, 2023	200545	0	7627	0
Mar 15, 2023	208057	141	7680	13400
Mar 16, 2023	202218	92	5540	11600
Mar 17, 2023	196076	180	0	2800
Mar 18, 2023	193276	157	0	2000
Mar 19, 2023	191276	100	9744	14900
Mar 20, 2023	185979	0	7082	16300
Mar 21, 2023	176669	0	7118	16100
Mar 22, 2023	167507	162	5635	15100
Mar 23, 2023	157885	134	4325	13500
Mar 24, 2023	148610	100	0	3200
Mar 25, 2023	145410	112	0	2000
Mar 26, 2023	143410	125	7357	18100
Mar 27, 2023	132505	0	5174	16400
Mar 28, 2023	121145	0	4491	12500
Mar 29, 2023	113036	95	3679	7600
Mar 30, 2023	109003	110	2984	6500
Mar 31, 2023	105362	110	0	1500
Apr 01, 2023	103862	132	0	1100
Apr 02, 2023	102762	0	4985	8500
Apr 03, 2023	99152	0	3732	8200
Apr 04, 2023	94574	0	3136	6900
Apr 05, 2023	90700	0	2412	5900
Apr 06, 2023	87080	186	0	5400
Apr 07, 2023	81680	151	0	1300
Apr 08, 2023	80380	148	0	1000
Apr 09, 2023	79380	96	0	7800
Apr 10, 2023	71580	0	5419	7100
Apr 11, 2023	69713	0	3346	5800
Apr 12, 2023	67108	94	2700	5100
Apr 13, 2023	64560	129	2030	4100
Apr 14, 2023	62394	104	0	1200
Apr 15, 2023	61194	109	0	900
Apr 16, 2023	60294	108	3140	6300
Apr 17, 2023	57040	0	2721	5700
Apr 18, 2023	53932	0	2237	4600
Apr 19, 2023	51465	99	1882	3900
Apr 20, 2023	49338	126	1626	2900
Apr 21, 2023	47956	121	0	800
Apr 22, 2023	47156	67	0	700
Apr 23, 2023	46456	95	2467	4200
Apr 24, 2023	44624	0	2422	4100
Apr 25, 2023	42820	0	1885	3400
Apr 26, 2023	41184	0	1668	3100
Apr 27, 2023	39685	66	1233	2500
Apr 28, 2023	38323	118	0	600
Apr 29, 2023	37723	79	0	500
Apr 30, 2023	37223	68	0	3700
May 01, 2023	33523	0	2462	3100
May 02, 2023	32819	0	1953	2500
May 03, 2023	32154	98	1538	2100
May 04, 2023	31513	71	1442	800
May 05, 2023	32087	84	0	500
May 06, 2023	31587	109	0	400
May 07, 2023	31187	60	2016	900
May 08, 2023	32205	0	1310	3500
May 09, 2023	29944	0	1271	2300
May 10, 2023	28831	37	1039	2000
May 11, 2023	27761	53	924	1400
May 12, 2023	27225	54	0	400
May 13, 2023	26825	0	0	400
May 14, 2023	26425	54	1277	2200
May 15, 2023	25465	0	1250	2300
May 16, 2023	24362	0	1075	1800
May 17, 2023	23583	37	0	1600
May 18, 2023	21983	78	830	1300
May 19, 2023	21459	60	0	300
May 20, 2023	21159	39	0	300
May 21, 2023	20859	38	1246	2100
May 22, 2023	19968	0	1137	1700
May 23, 2023	19327	0	739	1400
May 24, 2023	18606	0	635	1100
May 25, 2023	18102	45	497	1000
May 26, 2023	17561	31	0	100
May 27, 2023	17461	29	0	300
May 28, 2023	17161	0	0	2400
May 29, 2023	14761	39	936	1300
May 30, 2023	14352	0	799	1000
May 31, 2023	14120	0	642	1000
Jun 01, 2023	13733	22	0	0
Jun 02, 2023	13733	31	551	0
Jun 03, 2023	14245	24	0	0
Jun 04, 2023	14245	18	0	0
Jun 05, 2023	14245	26	732	0
Jun 06, 2023	14955	0	559	0
Jun 07, 2023	15483	0	459	0
Jun 08, 2023	15918	35	222	0
Jun 09, 2023	16122	41	488	0
Jun 10, 2023	16584	31	0	0
Jun 11, 2023	16584	31	0	0
Jun 12, 2023	16584	21	579	0
Jun 13, 2023	17128	0	512	0
Jun 14, 2023	17599	0	413	0
Jun 15, 2023	17981	20	378	0
Jun 16, 2023	18328	26	259	0
Jun 17, 2023	18566	24	0	0
Jun 18, 2023	18566	22	0	0
Jun 19, 2023	18566	34	472	0
Jun 20, 2023	19018	0	428	0
Jun 21, 2023	19420	0	331	0
Jun 22, 2023	19727	26	341	0
Jun 23, 2023	20046	29	365	0
Jun 24, 2023	20377	36	0	0
Jun 25, 2023	20377	18	0	0
Jun 26, 2023	20377	33	404	0
Jun 27, 2023	20755	0	337	0
Jun 28, 2023	21063	0	314	0
Jun 29, 2023	21341	13	248	0
Jun 30, 2023	21571	17	221	0
Jul 01, 2023	21759	18	0	0
Jul 02, 2023	21759	20	0	0
Jul 03, 2023	21759	20	429	0
Jul 04, 2023	22175	0	400	0
Jul 05, 2023	22558	0	243	0
Jul 06, 2023	22783	6	199	0
Jul 07, 2023	22962	12	365	0
Jul 08, 2023	23307	24	0	0
Jul 09, 2023	23307	15	0	0
Jul 10, 2023	23307	23	353	0
Jul 11, 2023	23654	0	476	0
Jul 12, 2023	24118	0	272	0
Jul 13, 2023	24366	8	273	0
Jul 14, 2023	24624	36	220	0
Jul 15, 2023	24821	15	0	0
Jul 16, 2023	24821	7	0	0
Jul 17, 2023	24821	10	343	0
Jul 18, 2023	25156	0	372	0
Jul 19, 2023	25492	0	294	0
Jul 20, 2023	25771	21	261	0
Jul 21, 2023	26025	9	201	0
Jul 22, 2023	26216	18	0	0
Jul 23, 2023	26216	8	0	0
Jul 24, 2023	26216	10	353	0
Jul 25, 2023	26548	0	305	0
Jul 26, 2023	26844	0	401	0
Jul 27, 2023	27227	5	442	0
Jul 28, 2023	27661	24	316	0
Jul 29, 2023	27967	10	0	0
Jul 30, 2023	27967	3	0	0
Jul 31, 2023	27967	22	499	0
Aug 01, 2023	28461	0	451	0
Aug 02, 2023	28888	0	370	0
Aug 03, 2023	29248	8	345	0
Aug 04, 2023	29590	9	348	0
Aug 05, 2023	29916	5	0	0
Aug 06, 2023	29916	7	0	0
Aug 07, 2023	29916	6	513	0
Aug 08, 2023	30421	0	553	0
Aug 09, 2023	30965	0	503	0
Aug 10, 2023	31463	13	471	0
Aug 11, 2023	31927	5	458	0
Aug 12, 2023	32379	11	0	0
Aug 13, 2023	32379	4	0	0
Aug 14, 2023	32379	9	801	0
Aug 15, 2023	33167	0	715	0
Aug 16, 2023	33877	0	879	0
Aug 17, 2023	34745	13	778	0
Aug 18, 2023	35519	15	741	0
Aug 19, 2023	36251	12	0	0
Aug 20, 2023	36251	0	0	0
Aug 21, 2023	36251	0	1138	0
Aug 22, 2023	37376	0	1103	0
Aug 23, 2023	38464	0	930	0
Aug 24, 2023	39382	50	0	0
Aug 25, 2023	39382	17	0	0
Aug 26, 2023	39382	13	0	0
Aug 27, 2023	39382	28	0	0
Aug 28, 2023	39382	17	3131	0
Aug 29, 2023	42463	0	1109	0
Aug 30, 2023	43555	0	1070	0
Aug 31, 2023	44612	14	1015	0
Sep 01, 2023	45599	14	974	0
Sep 02, 2023	46556	25	0	0
Sep 03, 2023	46556	19	0	0
Sep 04, 2023	46556	16	1274	0
Sep 05, 2023	47816	0	1445	0
Sep 06, 2023	49247	0	1421	0
Sep 07, 2023	50643	27	1314	0
Sep 08, 2023	51938	75	1330	0
Sep 09, 2023	53252	32	0	0
Sep 10, 2023	53252	53	0	0
Sep 11, 2023	53252	35	1846	0
Sep 12, 2023	55071	0	1747	0
Sep 13, 2023	56743	0	1934	0
Sep 14, 2023	58645	27	1387	0
Sep 15, 2023	59979	25	1364	0
Sep 16, 2023	61308	23	0	0
Sep 17, 2023	61308	17	0	0
Sep 18, 2023	61308	32	1714	0
Sep 19, 2023	62995	0	1969	0
Sep 20, 2023	64939	0	1703	0
Sep 21, 2023	66619	12	1763	0
Sep 22, 2023	68365	30	1338	0
Sep 23, 2023	69671	27	0	0
Sep 24, 2023	69671	13	0	0
Sep 25, 2023	69671	30	1856	0
Sep 26, 2023	71515	0	1970	0
Sep 27, 2023	73455	0	1610	0
Sep 28, 2023	75038	21	1510	0
Sep 29, 2023	76535	0	1583	0
Sep 30, 2023	78088	23	0	0
Oct 01, 2023	78088	30	0	0
Oct 02, 2023	78088	25	2081	0
Oct 03, 2023	80148	0	0	0
Oct 04, 2023	80148	0	2758	0
Oct 05, 2023	82883	28	2542	0
Oct 06, 2023	85395	32	2360	0
Oct 07, 2023	87730	29	0	0
Oct 08, 2023	87730	25	0	0
Oct 09, 2023	87730	37	3019	0
Oct 10, 2023	90721	0	2614	0
Oct 11, 2023	93303	0	2473	0
Oct 12, 2023	95747	22	2129	0
Oct 13, 2023	97851	42	2526	0
Oct 14, 2023	100340	44	0	0
Oct 15, 2023	100340	26	0	0
Oct 16, 2023	100340	43	3226	0
Oct 17, 2023	103544	0	2734	0
Oct 18, 2023	106236	0	2781	0
Oct 19, 2023	108973	41	2305	0
Oct 20, 2023	111252	45	2423	0
Oct 21, 2023	113632	53	0	0
Oct 22, 2023	113632	30	0	0
Oct 23, 2023	113632	40	3999	0
Oct 24, 2023	117590	0	3836	0
Oct 25, 2023	121381	0	3431	0
Oct 26, 2023	124759	56	3036	0
Oct 27, 2023	127765	44	3164	0
Oct 28, 2023	130889	23	0	0
Oct 29, 2023	130889	68	0	0
Oct 30, 2023	130889	60	4876	0
Oct 31, 2023	135709	0	2489	0
Nov 01, 2023	138154	0	2576	0
Nov 02, 2023	140707	73	4654	0
Nov 03, 2023	145293	74	4221	0
Nov 04, 2023	149454	70	0	0
Nov 05, 2023	149454	88	0	0
Nov 06, 2023	149454	67	5313	0
Nov 07, 2023	154694	0	4144	0
Nov 08, 2023	158764	0	4553	0
Nov 09, 2023	163247	64	4932	0
Nov 10, 2023	168091	86	3734	0
Nov 11, 2023	171758	66	0	0
Nov 12, 2023	171758	61	0	0
Nov 13, 2023	171758	98	5122	0
Nov 14, 2023	176816	0	4582	0
Nov 15, 2023	181312	0	4536	0
Nov 16, 2023	185782	68	4227	0
Nov 17, 2023	189948	75	4277	0
Nov 18, 2023	194127	64	0	0
Nov 19, 2023	194127	68	0	0
Nov 20, 2023	194127	74	5852	0
Nov 21, 2023	199911	0	5005	0
Nov 22, 2023	204841	0	4093	0
Nov 23, 2023	208870	78	4382	0
Nov 24, 2023	213184	74	4084	0
Nov 25, 2023	217194	63	0	0
Nov 26, 2023	217194	78	0	0
Nov 27, 2023	217194	60	6108	0
Nov 28, 2023	223224	0	5010	0
Nov 29, 2023	228160	0	5266	0
Nov 30, 2023	233363	58	4625	0
Dec 01, 2023	237910	122	4208	0
Dec 02, 2023	242058	87	0	0
Dec 03, 2023	242058	65	0	0
Dec 04, 2023	242058	90	5191	0
Dec 05, 2023	247191	0	5425	0
Dec 06, 2023	252494	0	6566	0
Dec 07, 2023	258973	84	5505	0
Dec 08, 2023	264413	116	4852	0
Dec 09, 2023	269175	94	0	0
Dec 10, 2023	269175	71	0	0
Dec 11, 2023	269175	70	7922	0
Dec 12, 2023	277013	0	6845	0
Dec 13, 2023	283742	0	7185	0
Dec 14, 2023	290833	103	5897	0
Dec 15, 2023	296659	116	5511	0
Dec 16, 2023	302100	97	0	0
Dec 17, 2023	302100	106	0	0
Dec 18, 2023	302100	138	8007	0
Dec 19, 2023	310004	0	6374	0
Dec 20, 2023	316262	0	5777	0
Dec 21, 2023	321942	0	4805	0
Dec 22, 2023	326641	0	4342	0
Dec 23, 2023	330845	83	0	0
Dec 24, 2023	330845	93	1	0
Dec 25, 2023	330846	79	0	0
Dec 26, 2023	330846	0	0	0
Dec 27, 2023	330846	0	6705	0
Dec 28, 2023	337468	0	4413	0
Dec 29, 2023	341788	106	3238	0
Dec 30, 2023	344947	124	1	0
Dec 31, 2023	344948	123	2	0
Jan 01, 2024	344950	116	0	0
Jan 02, 2024	344950	0	5551	0
Jan 03, 2024	350395	0	4486	0
Jan 04, 2024	354757	79	2989	0
Jan 05, 2024	357623	132	2236	0
Jan 06, 2024	359743	86	0	0
Jan 07, 2024	359743	81	0	0
Jan 08, 2024	359743	88	3573	0
Jan 09, 2024	363237	0	2102	0
Jan 10, 2024	365207	0	2100	0
Jan 11, 2024	367221	81	1560	0
Jan 12, 2024	368700	80	1471	0
Jan 13, 2024	370083	79	0	0
Jan 14, 2024	370083	141	0	0
Jan 15, 2024	370083	0	2009	0
Jan 16, 2024	372011	0	1616	0
Jan 17, 2024	373547	0	1250	0
Jan 18, 2024	374718	52	2112	0
Jan 19, 2024	376689	60	0	0
Jan 20, 2024	376689	51	0	0
Jan 21, 2024	376689	58	0	0
Jan 22, 2024	376689	54	1647	0
Jan 23, 2024	378284	0	1435	0
Jan 24, 2024	379659	0	861	0
Jan 25, 2024	380469	50	1215	0
Jan 26, 2024	381626	52	1316	0
Jan 27, 2024	382888	43	0	0
Jan 28, 2024	382888	73	0	0
Jan 29, 2024	382888	38	1390	0
Jan 30, 2024	384228	0	1195	0
Jan 31, 2024	385371	0	998	0
Feb 01, 2024	386326	70	844	0
Feb 02, 2024	387097	11	804	0
Feb 03, 2024	387863	98	0	0
Feb 04, 2024	387863	33	0	0
Feb 05, 2024	387863	46	1213	0
Feb 06, 2024	389006	0	325	0
Feb 07, 2024	389320	0	1485	0
Feb 08, 2024	390707	29	621	0
Feb 09, 2024	391295	39	762	0
Feb 10, 2024	392011	27	0	0
Feb 11, 2024	392011	49	0	0
Feb 12, 2024	392011	17	697	0
Feb 13, 2024	392679	0	726	0
Feb 14, 2024	393366	0	627	0
Feb 15, 2024	393966	36	606	0
Feb 16, 2024	394523	28	477	0
Feb 17, 2024	394983	31	0	0
Feb 18, 2024	394983	38	0	0
Feb 19, 2024	394983	33	752	0
Feb 20, 2024	395699	0	574	0
Feb 21, 2024	396245	0	366	0
Feb 22, 2024	396580	6	408	0
Feb 23, 2024	396950	40	431	0
Feb 24, 2024	397348	14	0	0
Feb 25, 2024	397348	0	0	0
Feb 26, 2024	397348	29	496	0
Feb 27, 2024	397838	19	433	0
Feb 28, 2024	398231	0	218	0
Feb 29, 2024	398435	20	0	0
Mar 01, 2024	398435	25	549	0
Mar 02, 2024	398955	25	289	0
Mar 03, 2024	399225	17	0	0
Mar 04, 2024	399225	0	452	0
Mar 05, 2024	399657	0	360	0
Mar 06, 2024	399992	0	292	0
Mar 07, 2024	400259	13	269	0
Mar 08, 2024	400511	28	0	0
Mar 09, 2024	400511	20	0	0
Mar 10, 2024	400511	12	0	0
Mar 11, 2024	400511	19	546	0
Mar 12, 2024	401044	0	244	0
Mar 13, 2024	401260	0	237	0
Mar 14, 2024	401477	10	204	0
Mar 15, 2024	401669	17	203	0
Mar 16, 2024	401853	12	0	0
Mar 17, 2024	401853	17	0	0
Mar 18, 2024	401853	7	285	0
Mar 19, 2024	402128	0	252	0
Mar 20, 2024	402363	NA	185	0
Mar 21, 2024	402536	NA	184	0
Mar 22, 2024	402703	NA	117	0
Mar 23, 2024	402813	NA	0	0
Mar 24, 2024	402813	NA	NA	NA
