Dates	Active	Deaths	Newcases	recover
Feb 15, 2020	5	0	0	0
Feb 16, 2020	5	0	0	0
Feb 17, 2020	5	0	0	0
Feb 18, 2020	5	0	0	0
Feb 19, 2020	5	0	2	1
Feb 20, 2020	6	0	2	0
Feb 21, 2020	8	0	2	0
Feb 22, 2020	10	0	1	0
Feb 23, 2020	11	0	0	0
Feb 24, 2020	11	0	0	4
Feb 25, 2020	7	1	1	0
Feb 26, 2020	8	0	0	0
Feb 27, 2020	8	0	2	0
Feb 28, 2020	10	1	0	0
Feb 29, 2020	10	0	4	0
Mar 01, 2020	13	0	4	0
Mar 02, 2020	17	1	6	6
Mar 03, 2020	17	0	14	0
Mar 04, 2020	30	0	7	1
Mar 05, 2020	36	0	3	0
Mar 06, 2020	39	0	11	0
Mar 07, 2020	49	0	9	0
Mar 08, 2020	58	0	10	0
Mar 09, 2020	68	0	23	0
Mar 10, 2020	91	2	12	2
Mar 11, 2020	101	0	28	2
Mar 12, 2020	127	0	42	0
Mar 13, 2020	169	1	47	1
Mar 14, 2020	215	1	50	0
Mar 15, 2020	263	0	99	0
Mar 16, 2020	362	0	52	0
Mar 17, 2020	414	0	137	16
Mar 18, 2020	534	0	156	3
Mar 19, 2020	686	1	168	0
Mar 20, 2020	854	3	140	0
Mar 21, 2020	994	2	522	41
Mar 22, 2020	1475	0	270	30
Mar 23, 2020	1715	1	418	0
Mar 24, 2020	2132	3	349	0
Mar 25, 2020	2478	2	364	50
Mar 26, 2020	2790	1	319	0
Mar 27, 2020	3109	3	250	0
Mar 28, 2020	3358	2	513	72
Mar 29, 2020	3796	3	289	0
Mar 30, 2020	4083	2	295	99
Mar 31, 2020	4278	7	277	0
Apr 01, 2020	4552	8	258	234
Apr 02, 2020	4574	4	136	0
Apr 03, 2020	4707	1	94	0
Apr 04, 2020	4799	1	194	483
Apr 05, 2020	4503	3	141	1319
Apr 06, 2020	3317	2	91	112
Apr 07, 2020	3292	3	62	285
Apr 08, 2020	3068	2	98	192
Apr 09, 2020	2973	0	84	126
Apr 10, 2020	2928	2	63	101
Apr 11, 2020	2888	0	10	58
Apr 12, 2020	2837	2	45	161
Apr 13, 2020	2719	5	40	95
Apr 14, 2020	2664	1	45	99
Apr 15, 2020	2608	0	21	49
Apr 16, 2020	2580	0	63	85
Apr 17, 2020	2556	3	51	347
Apr 18, 2020	2255	1	26	45
Apr 19, 2020	2235	4	13	45
Apr 20, 2020	2203	1	20	411
Apr 21, 2020	1812	3	4	230
Apr 22, 2020	1583	0	18	119
Apr 23, 2020	1481	5	8	79
Apr 24, 2020	1406	1	20	236
Apr 25, 2020	1189	3	21	165
Apr 26, 2020	1042	1	4	41
Apr 27, 2020	1005	0	18	48
Apr 28, 2020	970	2	8	33
Apr 29, 2020	944	0	8	45
Apr 30, 2020	904	1	13	31
May 01, 2020	885	1	14	45
May 02, 2020	854	0	20	23
May 03, 2020	849	0	24	45
May 04, 2020	828	0	24	28
May 05, 2020	823	0	26	93
May 06, 2020	755	0	21	50
May 07, 2020	726	0	18	42
May 08, 2020	702	1	15	55
May 09, 2020	662	0	12	29
May 10, 2020	645	0	7	16
May 11, 2020	636	0	16	44
May 12, 2020	608	0	16	45
May 13, 2020	578	1	9	20
May 14, 2020	567	1	30	37
May 15, 2020	560	0	17	29
May 16, 2020	548	0	9	4
May 17, 2020	553	1	15	32
May 18, 2020	535	1	8	19
May 19, 2020	523	0	11	34
May 20, 2020	500	0	2	25
May 21, 2020	477	0	14	9
May 22, 2020	481	0	16	19
May 23, 2020	477	0	3	10
May 24, 2020	470	0	4	23
May 25, 2020	451	0	15	21
May 26, 2020	445	0	6	15
May 27, 2020	436	0	11	8
May 28, 2020	439	0	23	9
May 29, 2020	453	0	12	26
May 30, 2020	439	0	10	5
May 31, 2020	444	0	9	5
Jun 01, 2020	448	0	17	5
Jun 02, 2020	460	0	8	16
Jun 03, 2020	452	0	11	27
Jun 04, 2020	436	0	11	16
Jun 05, 2020	431	0	4	10
Jun 06, 2020	425	0	5	12
Jun 07, 2020	418	0	5	2
Jun 08, 2020	421	0	2	13
Jun 09, 2020	410	0	9	24
Jun 10, 2020	395	0	9	116
Jun 11, 2020	288	0	5	168
Jun 12, 2020	125	0	12	19
Jun 13, 2020	118	0	18	27
Jun 14, 2020	109	0	15	12
Jun 15, 2020	112	0	12	7
Jun 16, 2020	117	0	23	5
Jun 17, 2020	135	0	21	7
Jun 18, 2020	149	0	18	5
Jun 19, 2020	162	1	27	8
Jun 20, 2020	181	1	25	9
Jun 21, 2020	197	0	13	7
Jun 22, 2020	203	0	18	14
Jun 23, 2020	207	0	29	8
Jun 24, 2020	227	0	37	105
Jun 25, 2020	158	0	37	16
Jun 26, 2020	179	0	45	24
Jun 27, 2020	200	0	44	17
Jun 28, 2020	227	0	79	22
Jun 29, 2020	284	0	67	36
Jun 30, 2020	315	0	82	35
Jul 01, 2020	362	2	79	36
Jul 02, 2020	405	0	247	222
Jul 03, 2020	430	0	105	41
Jul 04, 2020	494	0	85	45
Jul 05, 2020	534	0	134	30
Jul 06, 2020	636	1	165	41
Jul 07, 2020	760	1	128	39
Jul 08, 2020	849	0	168	97
Jul 09, 2020	920	0	292	52
Jul 10, 2020	1160	3	188	110
Jul 11, 2020	1237	2	236	4
Jul 12, 2020	1468	3	179	46
Jul 13, 2020	1601	2	262	65
Jul 14, 2020	1798	4	230	86
Jul 15, 2020	1939	1	315	118
Jul 16, 2020	2134	3	413	82
Jul 17, 2020	2462	2	200	48
Jul 18, 2020	2612	5	351	115
Jul 19, 2020	2844	6	259	176
Jul 20, 2020	2926	6	349	113
Jul 21, 2020	3159	11	456	185
Jul 22, 2020	3428	6	400	168
Jul 23, 2020	3655	6	281	168
Jul 24, 2020	3762	10	345	84
Jul 25, 2020	4017	14	441	189
Jul 26, 2020	4258	8	517	206
Jul 27, 2020	4563	4	359	113
Jul 28, 2020	4803	7	270	180
Jul 29, 2020	4883	14	701	138
Jul 30, 2020	5432	12	586	216
Jul 31, 2020	5794	16	367	178
Aug 01, 2020	5979	8	624	213
Aug 02, 2020	6383	12	385	201
Aug 03, 2020	6553	13	402	173
Aug 04, 2020	6770	18	695	169
Aug 05, 2020	7280	19	406	175
Aug 06, 2020	7503	19	400	202
Aug 07, 2020	7689	22	414	241
Aug 08, 2020	7849	10	376	315
Aug 09, 2020	7892	15	305	271
Aug 10, 2020	7907	4	308	269
Aug 11, 2020	7927	18	404	383
Aug 12, 2020	7926	26	225	233
Aug 13, 2020	7908	18	375	352
Aug 14, 2020	7916	13	284	286
Aug 15, 2020	7910	14	246	437
Aug 16, 2020	7701	10	263	439
Aug 17, 2020	7499	14	208	400
Aug 18, 2020	7289	18	214	322
Aug 19, 2020	7168	16	236	2472
Aug 20, 2020	4918	8	167	600
Aug 21, 2020	4475	25	189	297
Aug 22, 2020	4353	24	204	474
Aug 23, 2020	4065	12	102	371
Aug 24, 2020	3780	18	134	218
Aug 25, 2020	3688	12	147	295
Aug 26, 2020	3515	44	115	279
Aug 27, 2020	3327	5	123	278
Aug 28, 2020	3160	6	97	221
Aug 29, 2020	3018	16	120	258
Aug 30, 2020	2868	63	74	247
Aug 31, 2020	2651	12	71	163
Sep 01, 2020	2554	5	102	201
Sep 02, 2020	2449	10	123	229
Sep 03, 2020	2327	8	85	266
Sep 04, 2020	2083	12	69	161
Sep 05, 2020	1979	7	70	149
Sep 06, 2020	1895	10	42	136
Sep 07, 2020	1791	6	50	132
Sep 08, 2020	1701	7	89	145
Sep 09, 2020	1633	6	46	174
Sep 10, 2020	1498	0	50	184
Sep 11, 2020	1354	8	41	116
Sep 12, 2020	1273	8	43	125
Sep 13, 2020	1184	5	40	114
Sep 14, 2020	1104	7	45	81
Sep 15, 2020	1068	5	39	80
Sep 16, 2020	1019	2	34	69
Sep 17, 2020	976	3	46	74
Sep 18, 2020	943	5	24	110
Sep 19, 2020	850	2	13	102
Sep 20, 2020	756	8	14	100
Sep 21, 2020	668	1	30	70
Sep 22, 2020	625	2	32	111
Sep 23, 2020	541	3	9	35
Sep 24, 2020	513	7	17	66
Sep 25, 2020	456	4	16	55
Sep 26, 2020	416	2	24	68
Sep 27, 2020	370	2	4	49
Sep 28, 2020	322	3	19	156
Sep 29, 2020	178	1	15	9
Sep 30, 2020	180	0	18	12
Oct 01, 2020	184	1	17	28
Oct 02, 2020	171	2	8	29
Oct 03, 2020	147	0	15	8
Oct 04, 2020	153	0	13	17
Oct 05, 2020	149	0	25	15
Oct 06, 2020	158	1	8	22
Oct 07, 2020	142	0	24	4
Oct 08, 2020	162	1	23	19
Oct 09, 2020	166	5	15	15
Oct 10, 2020	166	0	21	17
Oct 11, 2020	169	0	21	17
Oct 12, 2020	173	0	31	7
Oct 13, 2020	196	0	24	10
Oct 14, 2020	205	1	21	13
Oct 15, 2020	213	0	9	25
Oct 16, 2020	197	0	12	8
Oct 17, 2020	201	0	8	24
Oct 18, 2020	185	0	8	22
Oct 19, 2020	170	0	30	15
Oct 20, 2020	185	0	15	21
Oct 21, 2020	179	0	22	21
Oct 22, 2020	180	0	18	31
Oct 23, 2020	167	2	15	24
Oct 24, 2020	158	0	21	21
Oct 25, 2020	158	0	7	9
Oct 26, 2020	156	0	14	12
Oct 27, 2020	158	0	13	6
Oct 28, 2020	163	0	15	8
Oct 29, 2020	170	0	13	30
Oct 30, 2020	153	0	8	15
Oct 31, 2020	146	0	5	22
Nov 01, 2020	129	0	7	18
Nov 02, 2020	118	0	8	15
Nov 03, 2020	111	0	12	21
Nov 04, 2020	102	0	12	7
Nov 05, 2020	107	0	11	14
Nov 06, 2020	104	0	7	13
Nov 07, 2020	98	0	6	15
Nov 08, 2020	89	0	10	13
Nov 09, 2020	86	0	10	8
Nov 10, 2020	88	0	8	5
Nov 11, 2020	91	0	13	7
Nov 12, 2020	97	0	4	8
Nov 13, 2020	93	0	8	12
Nov 14, 2020	89	0	17	12
Nov 15, 2020	94	0	22	11
Nov 16, 2020	105	0	10	7
Nov 17, 2020	108	0	17	6
Nov 18, 2020	119	0	7	10
Nov 19, 2020	116	0	8	10
Nov 20, 2020	114	0	14	8
Nov 21, 2020	120	0	15	13
Nov 22, 2020	122	0	14	4
Nov 23, 2020	132	0	14	8
Nov 24, 2020	138	0	7	17
Nov 25, 2020	128	1	11	22
Nov 26, 2020	117	0	7	10
Nov 27, 2020	114	0	11	17
Nov 28, 2020	108	0	8	7
Nov 29, 2020	109	0	11	7
Nov 30, 2020	112	0	8	14
Dec 01, 2020	106	0	11	15
Dec 02, 2020	102	0	16	14
Dec 03, 2020	104	0	10	14
Dec 04, 2020	100	0	7	7
Dec 05, 2020	100	0	9	11
Dec 06, 2020	98	0	7	7
Dec 07, 2020	98	0	15	11
Dec 08, 2020	102	0	6	8
Dec 09, 2020	100	0	7	11
Dec 10, 2020	96	0	12	8
Dec 11, 2020	100	0	13	11
Dec 12, 2020	102	0	6	16
Dec 13, 2020	92	0	8	10
Dec 14, 2020	90	0	9	7
Dec 15, 2020	92	0	11	9
Dec 16, 2020	94	0	12	7
Dec 17, 2020	99	0	23	15
Dec 18, 2020	107	0	34	6
Dec 19, 2020	135	0	43	7
Dec 20, 2020	171	0	26	12
Dec 21, 2020	185	0	21	13
Dec 22, 2020	193	0	19	6
Dec 23, 2020	206	1	24	8
Dec 24, 2020	222	0	14	9
Dec 25, 2020	227	0	21	11
Dec 26, 2020	237	0	15	12
Dec 27, 2020	240	0	25	22
Dec 28, 2020	242	0	13	34
Dec 29, 2020	221	0	31	43
Dec 30, 2020	209	0	24	26
Dec 31, 2020	207	0	22	21
Jan 01, 2021	208	0	42	19
Jan 02, 2021	231	0	13	24
Jan 03, 2021	220	0	21	14
Jan 04, 2021	227	0	19	21
Jan 05, 2021	225	0	13	15
Jan 06, 2021	223	0	10	25
Jan 07, 2021	208	0	25	13
Jan 08, 2021	220	0	12	31
Jan 09, 2021	201	0	12	24
Jan 10, 2021	189	0	19	22
Jan 11, 2021	186	0	19	42
Jan 12, 2021	163	0	17	13
Jan 13, 2021	167	0	8	21
Jan 14, 2021	154	0	7	19
Jan 15, 2021	142	0	24	13
Jan 16, 2021	153	0	19	10
Jan 17, 2021	162	0	13	25
Jan 18, 2021	150	0	9	12
Jan 19, 2021	147	0	10	12
Jan 20, 2021	145	0	10	19
Jan 21, 2021	136	0	5	19
Jan 22, 2021	122	0	6	17
Jan 23, 2021	111	0	5	8
Jan 24, 2021	108	0	11	7
Jan 25, 2021	112	0	3	24
Jan 26, 2021	91	0	5	19
Jan 27, 2021	77	0	8	13
Jan 28, 2021	72	0	7	9
Jan 29, 2021	70	0	6	10
Jan 30, 2021	66	0	5	10
Jan 31, 2021	61	0	7	5
Feb 01, 2021	63	0	6	6
Feb 02, 2021	63	0	5	5
Feb 03, 2021	63	0	9	11
Feb 04, 2021	61	0	4	3
Feb 05, 2021	62	0	6	5
Feb 06, 2021	63	0	2	8
Feb 07, 2021	57	0	7	7
Feb 08, 2021	57	0	3	6
Feb 09, 2021	54	0	11	5
Feb 10, 2021	60	0	6	7
Feb 11, 2021	59	0	10	6
Feb 12, 2021	63	0	5	5
Feb 13, 2021	63	0	6	9
Feb 14, 2021	60	0	2	4
Feb 15, 2021	58	0	5	6
Feb 16, 2021	57	0	6	2
Feb 17, 2021	61	0	1	7
Feb 18, 2021	55	0	6	3
Feb 19, 2021	58	0	2	11
Feb 20, 2021	49	0	6	6
Feb 21, 2021	49	0	4	10
Feb 22, 2021	43	0	7	5
Feb 23, 2021	45	0	2	6
Feb 24, 2021	41	0	8	2
Feb 25, 2021	47	0	11	5
Feb 26, 2021	53	0	7	6
Feb 27, 2021	54	0	5	1
Feb 28, 2021	58	0	5	6
Mar 01, 2021	57	0	11	2
Mar 02, 2021	66	0	10	6
Mar 03, 2021	70	0	11	4
Mar 04, 2021	77	0	14	7
Mar 05, 2021	84	0	9	2
Mar 06, 2021	91	0	7	8
Mar 07, 2021	90	0	9	11
Mar 08, 2021	88	0	15	7
Mar 09, 2021	96	0	13	5
Mar 10, 2021	104	0	16	5
Mar 11, 2021	115	0	12	11
Mar 12, 2021	116	0	10	10
Mar 13, 2021	116	0	5	11
Mar 14, 2021	110	0	13	14
Mar 15, 2021	109	0	7	9
Mar 16, 2021	107	0	17	7
Mar 17, 2021	117	0	12	9
Mar 18, 2021	120	0	15	15
Mar 19, 2021	120	0	10	13
Mar 20, 2021	117	0	5	16
Mar 21, 2021	106	0	9	12
Mar 22, 2021	103	0	6	10
Mar 23, 2021	99	0	7	5
Mar 24, 2021	101	0	10	13
Mar 25, 2021	98	0	10	7
Mar 26, 2021	101	0	11	17
Mar 27, 2021	95	0	6	12
Mar 28, 2021	89	0	18	15
Mar 29, 2021	92	0	20	10
Mar 30, 2021	102	0	11	5
Mar 31, 2021	108	0	15	9
Apr 01, 2021	114	0	14	6
Apr 02, 2021	122	0	8	7
Apr 03, 2021	123	0	3	10
Apr 04, 2021	116	0	13	10
Apr 05, 2021	119	0	7	11
Apr 06, 2021	115	0	13	6
Apr 07, 2021	122	0	5	18
Apr 08, 2021	109	1	6	20
Apr 09, 2021	95	0	8	11
Apr 10, 2021	92	0	6	15
Apr 11, 2021	83	0	17	14
Apr 12, 2021	86	0	18	7
Apr 13, 2021	96	0	14	3
Apr 14, 2021	107	0	18	13
Apr 15, 2021	112	0	15	7
Apr 16, 2021	120	0	21	13
Apr 17, 2021	128	0	14	5
Apr 18, 2021	137	0	24	6
Apr 19, 2021	155	0	16	8
Apr 20, 2021	163	0	19	6
Apr 21, 2021	176	0	24	17
Apr 22, 2021	183	0	37	18
Apr 23, 2021	202	0	19	14
Apr 24, 2021	207	0	8	18
Apr 25, 2021	197	0	29	15
Apr 26, 2021	211	0	30	21
Apr 27, 2021	220	0	24	14
Apr 28, 2021	230	0	30	24
Apr 29, 2021	236	0	22	16
Apr 30, 2021	242	0	11	19
May 01, 2021	234	0	14	24
May 02, 2021	224	0	15	37
May 03, 2021	202	0	11	19
May 04, 2021	194	0	13	8
May 05, 2021	199	0	21	29
May 06, 2021	191	0	11	30
May 07, 2021	172	0	9	24
May 08, 2021	157	0	10	30
May 09, 2021	137	0	15	22
May 10, 2021	130	0	7	11
May 11, 2021	126	0	9	14
May 12, 2021	121	0	8	15
May 13, 2021	114	0	2	11
May 14, 2021	105	0	10	13
May 15, 2021	102	0	8	21
May 16, 2021	89	0	3	11
May 17, 2021	81	0	10	9
May 18, 2021	82	0	3	10
May 19, 2021	75	0	6	15
May 20, 2021	66	0	3	7
May 21, 2021	62	0	4	9
May 22, 2021	57	0	7	8
May 23, 2021	56	0	8	2
May 24, 2021	62	0	11	10
May 25, 2021	63	0	18	8
May 26, 2021	73	0	15	3
May 27, 2021	85	0	10	10
May 28, 2021	85	0	10	3
May 29, 2021	92	0	15	6
May 30, 2021	101	0	8	3
May 31, 2021	106	0	12	4
Jun 01, 2021	114	0	12	7
Jun 02, 2021	119	0	7	8
Jun 03, 2021	118	0	13	11
Jun 04, 2021	120	0	8	18
Jun 05, 2021	110	0	17	15
Jun 06, 2021	112	0	19	10
Jun 07, 2021	121	0	10	10
Jun 08, 2021	121	0	6	15
Jun 09, 2021	112	0	15	8
Jun 10, 2021	119	0	4	12
Jun 11, 2021	111	0	8	12
Jun 12, 2021	107	0	11	7
Jun 13, 2021	111	0	14	13
Jun 14, 2021	112	0	10	8
Jun 15, 2021	114	0	19	17
Jun 16, 2021	116	0	11	19
Jun 17, 2021	108	0	11	10
Jun 18, 2021	109	0	9	6
Jun 19, 2021	112	0	9	15
Jun 20, 2021	106	0	25	4
Jun 21, 2021	127	0	10	8
Jun 22, 2021	129	0	12	11
Jun 23, 2021	130	0	30	14
Jun 24, 2021	146	0	14	10
Jun 25, 2021	150	0	34	19
Jun 26, 2021	165	0	42	11
Jun 27, 2021	196	0	30	11
Jun 28, 2021	215	0	33	9
Jun 29, 2021	239	0	47	9
Jun 30, 2021	277	0	33	25
Jul 01, 2021	285	0	40	10
Jul 02, 2021	315	0	47	12
Jul 03, 2021	350	0	23	30
Jul 04, 2021	343	0	45	14
Jul 05, 2021	374	0	29	34
Jul 06, 2021	369	1	29	42
Jul 07, 2021	356	0	43	30
Jul 08, 2021	369	1	45	33
Jul 09, 2021	381	0	62	47
Jul 10, 2021	396	0	86	32
Jul 11, 2021	449	0	118	40
Jul 12, 2021	527	1	97	46
Jul 13, 2021	577	1	106	23
Jul 14, 2021	660	1	83	45
Jul 15, 2021	698	0	113	29
Jul 16, 2021	782	0	135	28
Jul 17, 2021	888	0	126	42
Jul 18, 2021	971	1	115	44
Jul 19, 2021	1041	0	110	62
Jul 20, 2021	1089	2	136	86
Jul 21, 2021	1139	0	153	118
Jul 22, 2021	1174	2	152	96
Jul 23, 2021	1229	1	168	106
Jul 24, 2021	1291	2	158	81
Jul 25, 2021	1366	0	161	113
Jul 26, 2021	1414	1	181	133
Jul 27, 2021	1460	0	200	125
Jul 28, 2021	1534	1	251	113
Jul 29, 2021	1670	0	172	110
Jul 30, 2021	1732	2	215	135
Jul 31, 2021	1811	5	247	153
Aug 01, 2021	1905	1	223	151
Aug 02, 2021	1976	6	214	168
Aug 03, 2021	2022	1	246	156
Aug 04, 2021	2110	0	290	156
Aug 05, 2021	2239	3	296	180
Aug 06, 2021	2354	2	347	194
Aug 07, 2021	2501	2	282	250
Aug 08, 2021	2532	2	287	172
Aug 09, 2021	2647	4	373	212
Aug 10, 2021	2805	4	355	245
Aug 11, 2021	2913	10	366	221
Aug 12, 2021	3056	1	404	212
Aug 13, 2021	3246	4	478	242
Aug 14, 2021	3478	1	433	286
Aug 15, 2021	3621	3	498	286
Aug 16, 2021	3823	3	470	346
Aug 17, 2021	3946	3	659	278
Aug 18, 2021	4323	3	727	286
Aug 19, 2021	4763	0	689	370
Aug 20, 2021	5079	2	865	352
Aug 21, 2021	5589	3	884	363
Aug 22, 2021	6107	2	867	401
Aug 23, 2021	6570	2	808	478
Aug 24, 2021	6900	6	951	431
Aug 25, 2021	7418	3	1082	495
Aug 26, 2021	8002	4	949	468
Aug 27, 2021	8481	6	1092	657
Aug 28, 2021	8914	7	1283	721
Aug 29, 2021	9470	14	1319	686
Aug 30, 2021	10100	4	1206	861
Aug 31, 2021	10441	3	1209	878
Sep 01, 2021	10766	5	1433	860
Sep 02, 2021	11332	10	1600	794
Sep 03, 2021	12124	7	1694	947
Sep 04, 2021	12867	6	1613	1079
Sep 05, 2021	13398	11	1504	944
Sep 06, 2021	13953	8	1435	1082
Sep 07, 2021	14296	7	1645	1276
Sep 08, 2021	14658	7	1676	1313
Sep 09, 2021	15015	4	1821	1195
Sep 10, 2021	15630	15	1988	1201
Sep 11, 2021	16409	13	1610	1426
Sep 12, 2021	16586	14	1668	1593
Sep 13, 2021	16654	7	1528	1690
Sep 14, 2021	16488	15	1605	1598
Sep 15, 2021	16480	5	1808	1491
Sep 16, 2021	16784	12	1750	1421
Sep 17, 2021	17099	8	1807	1638
Sep 18, 2021	17261	11	1530	1661
Sep 19, 2021	17115	13	1433	1816
Sep 20, 2021	16727	13	1566	1976
Sep 21, 2021	16305	12	1617	1602
Sep 22, 2021	16312	15	1759	1657
Sep 23, 2021	16403	12	1717	1515
Sep 24, 2021	16592	24	1814	1592
Sep 25, 2021	16801	13	1686	1796
Sep 26, 2021	16679	19	1452	1735
Sep 27, 2021	16381	13	1837	1795
Sep 28, 2021	16411	14	1756	1506
Sep 29, 2021	16637	13	2335	1420
Sep 30, 2021	17539	12	1993	1547
Oct 01, 2021	17966	23	2087	1604
Oct 02, 2021	18436	11	2022	1745
Oct 03, 2021	18699	17	1964	1704
Oct 04, 2021	18946	17	2324	1802
Oct 05, 2021	19456	12	1971	1663
Oct 06, 2021	19741	17	2158	1441
Oct 07, 2021	20447	14	2442	1820
Oct 08, 2021	21052	18	2461	1739
Oct 09, 2021	21757	19	2310	2323
Oct 10, 2021	21732	12	2056	1976
Oct 11, 2021	21795	10	1764	2073
Oct 12, 2021	21472	17	2011	2004
Oct 13, 2021	21461	12	2616	1945
Oct 14, 2021	22113	16	2518	2312
Oct 15, 2021	22307	20	2250	1961
Oct 16, 2021	22586	14	2045	2141
Oct 17, 2021	22473	22	2071	2430
Oct 18, 2021	22102	12	1957	2445
Oct 19, 2021	21598	16	2066	2290
Oct 20, 2021	21354	12	2477	2042
Oct 21, 2021	21775	5	2307	1742
Oct 22, 2021	22318	17	2003	1999
Oct 23, 2021	22310	30	2117	2600
Oct 24, 2021	21811	13	1638	2506
Oct 25, 2021	20931	15	1738	2245
Oct 26, 2021	20419	13	1706	2028
Oct 27, 2021	20080	10	2078	2041
Oct 28, 2021	20087	14	1836	1944
Oct 29, 2021	19966	13	1522	2051
Oct 30, 2021	19422	14	1073	2464
Oct 31, 2021	18018	15	1529	2297
Nov 01, 2021	17240	11	1105	1989
Nov 02, 2021	16342	11	1081	2104
Nov 03, 2021	15306	13	1496	1624
Nov 04, 2021	15164	15	1537	1723
Nov 05, 2021	14963	18	1494	1695
Nov 06, 2021	14751	4	1342	2067
Nov 07, 2021	14015	12	1236	1823
Nov 08, 2021	13415	4	1257	1507
Nov 09, 2021	13150	5	1170	1055
Nov 10, 2021	13247	6	1512	1525
Nov 11, 2021	13230	11	1364	1093
Nov 12, 2021	13489	10	1427	1077
Nov 13, 2021	13835	16	1065	1491
Nov 14, 2021	13404	12	989	1531
Nov 15, 2021	12856	5	983	1483
Nov 16, 2021	12345	6	1193	1332
Nov 17, 2021	12196	4	1244	1220
Nov 18, 2021	12204	21	1459	1245
Nov 19, 2021	12406	5	1323	1165
Nov 20, 2021	12559	5	1427	1506
Nov 21, 2021	12474	7	1175	1360
Nov 22, 2021	12285	5	976	1406
Nov 23, 2021	11834	4	1414	1060
Nov 24, 2021	12183	3	1502	984
Nov 25, 2021	12696	10	1578	976
Nov 26, 2021	13291	5	1438	1188
Nov 27, 2021	13536	11	1201	1240
Nov 28, 2021	13493	12	1129	1456
Nov 29, 2021	13163	11	1068	1313
Nov 30, 2021	12908	8	1377	1422
Dec 01, 2021	12858	6	1661	1164
Dec 02, 2021	13344	10	1485	964
Dec 03, 2021	13853	7	1646	1403
Dec 04, 2021	14085	11	1231	1494
Dec 05, 2021	13814	2	1241	1572
Dec 06, 2021	13477	17	1402	1428
Dec 07, 2021	13441	4	1657	1194
Dec 08, 2021	13897	2	1606	1118
Dec 09, 2021	14374	7	1681	1066
Dec 10, 2021	14987	4	1701	1360
Dec 11, 2021	15311	10	1501	1657
Dec 12, 2021	15151	8	1774	1483
Dec 13, 2021	15440	8	1957	1639
Dec 14, 2021	15751	4	2722	1227
Dec 15, 2021	17242	0	3315	1231
Dec 16, 2021	19316	8	3696	1394
Dec 17, 2021	21610	8	3922	1649
Dec 18, 2021	23875	12	3826	1602
Dec 19, 2021	26095	10	3851	1681
Dec 20, 2021	28265	6	4400	1693
Dec 21, 2021	30964	2	5556	1493
Dec 22, 2021	35019	7	8393	1762
Dec 23, 2021	41638	5	8804	1947
Dec 24, 2021	48485	8	9680	2716
Dec 25, 2021	55443	17	9171	3313
Dec 26, 2021	61299	14	9781	3689
Dec 27, 2021	67384	15	10964	3917
Dec 28, 2021	74426	6	17671	3818
Dec 29, 2021	88271	7	20669	3834
Dec 30, 2021	105089	5	31945	4386
Dec 31, 2021	132634	19	34262	5541
Jan 01, 2022	161340	13	31351	8387
Jan 02, 2022	184298	19	36036	8797
Jan 03, 2022	211530	26	46414	9675
Jan 04, 2022	248264	24	62721	9152
Jan 05, 2022	301814	23	70183	9768
Jan 06, 2022	362216	30	75611	10945
Jan 07, 2022	426863	53	108457	17645
Jan 08, 2022	517649	61	76660	20645
Jan 09, 2022	573640	60	62850	31922
Jan 10, 2022	604545	59	88407	34232
Jan 11, 2022	658690	38	100904	31298
Jan 12, 2022	728243	34	146653	35975
Jan 13, 2022	838860	82	126550	46354
Jan 14, 2022	918996	70	98513	62662
Jan 15, 2022	954788	59	83839	70145
Jan 16, 2022	968444	100	71835	75577
Jan 17, 2022	964668	79	70903	108375
Jan 18, 2022	927114	43	77418	76590
Jan 19, 2022	927872	55	73635	62791
Jan 20, 2022	938657	76	62789	88307
Jan 21, 2022	913039	113	53643	100825
Jan 22, 2022	865778	77	47665	146610
Jan 23, 2022	766790	145	39590	126495
Jan 24, 2022	679830	103	45586	98437
Jan 25, 2022	626903	91	51161	83726
Jan 26, 2022	594225	45	44366	71758
Jan 27, 2022	566756	82	39904	70758
Jan 28, 2022	535757	74	39662	77315
Jan 29, 2022	498001	92	35870	73544
Jan 30, 2022	460236	91	31471	62744
Jan 31, 2022	428918	90	32444	53561
Feb 01, 2022	407719	49	39808	47591
Feb 02, 2022	399862	50	36335	39498
Feb 03, 2022	396607	60	30811	45495
Feb 04, 2022	381832	68	28700	51071
Feb 05, 2022	359371	70	22888	44317
Feb 06, 2022	337893	52	22326	39854
Feb 07, 2022	320315	72	27120	39602
Feb 08, 2022	307773	51	29931	35802
Feb 09, 2022	301834	26	28378	31401
Feb 10, 2022	298741	55	28861	32392
Feb 11, 2022	295158	68	19126	39736
Feb 12, 2022	274476	71	22840	36284
Feb 13, 2022	260981	40	18957	30785
Feb 14, 2022	249127	49	24021	28645
Feb 15, 2022	244448	36	28091	22820
Feb 16, 2022	249651	17	26944	22255
Feb 17, 2022	254269	39	24940	27080
Feb 18, 2022	252089	65	21363	29882
Feb 19, 2022	243521	45	16945	28342
Feb 20, 2022	232088	32	16876	28844
Feb 21, 2022	220103	38	24035	19087
Feb 22, 2022	225012	30	26288	22775
Feb 23, 2022	228460	13	25039	18912
Feb 24, 2022	234542	44	23871	23989
Feb 25, 2022	234392	64	21531	28053
Feb 26, 2022	227832	49	17957	26914
Feb 27, 2022	218845	41	18601	24927
Feb 28, 2022	212506	52	24345	21319
Mar 01, 2022	215488	14	24577	16881
Mar 02, 2022	223120	35	34891	16827
Mar 03, 2022	241135	17	23853	23994
Mar 04, 2022	240953	37	22286	26236
Mar 05, 2022	236951	23	19035	25025
Mar 06, 2022	230947	32	21218	23836
Mar 07, 2022	228294	23	42036	21514
Mar 08, 2022	248799	16	32582	17920
Mar 09, 2022	263424	5	37051	18578
Mar 10, 2022	281874	26	33949	24313
Mar 11, 2022	291478	24	30749	24554
Mar 12, 2022	297650	27	28461	34875
Mar 13, 2022	291220	32	25708	23848
Mar 14, 2022	293075	30	33132	22260
Mar 15, 2022	303921	10	57107	19011
Mar 16, 2022	341993	6	50935	21191
Mar 17, 2022	371710	30	47369	42004
Mar 18, 2022	377043	27	45230	32552
Mar 19, 2022	389691	38	38927	37041
Mar 20, 2022	391567	31	39054	33943
Mar 21, 2022	396672	33	52294	30719
Mar 22, 2022	418217	10	60310	28434
Mar 23, 2022	450066	6	61487	25670
Mar 24, 2022	485845	34	57123	33101
Mar 25, 2022	509836	37	50621	57074
Mar 26, 2022	503350	35	45227	50925
Mar 27, 2022	497642	17	45696	47363
Mar 28, 2022	495969	26	58629	45196
Mar 29, 2022	509368	17	65569	38890
Mar 30, 2022	536010	14	58666	39019
Mar 31, 2022	555622	38	62674	52277
Apr 01, 2022	566002	27	53199	60284
Apr 02, 2022	558891	34	46261	61470
Apr 03, 2022	543665	32	45431	57109
Apr 04, 2022	531973	24	56615	50583
Apr 05, 2022	537967	14	60379	45200
Apr 06, 2022	553119	5	62281	45662
Apr 07, 2022	569704	41	57444	58597
Apr 08, 2022	568519	40	47820	65545
Apr 09, 2022	550770	46	43783	58652
Apr 10, 2022	535887	35	41578	62669
Apr 11, 2022	514791	36	44772	53158
Apr 12, 2022	506364	15	51855	46221
Apr 13, 2022	511958	9	53896	45385
Apr 14, 2022	520423	21	46691	56580
Apr 15, 2022	510499	36	40530	60343
Apr 16, 2022	490650	52	32301	62266
Apr 17, 2022	460670	47	33350	57435
Apr 18, 2022	436576	32	37571	47799
Apr 19, 2022	426327	19	49946	43747
Apr 20, 2022	432490	13	53092	41526
Apr 21, 2022	444004	68	47668	44725
Apr 22, 2022	446900	45	40632	51823
Apr 23, 2022	435677	51	33835	53877
Apr 24, 2022	415616	26	29924	46678
Apr 25, 2022	398849	35	35374	40462
Apr 26, 2022	393693	8	43535	32256
Apr 27, 2022	404927	40	44899	33299
Apr 28, 2022	416476	42	40575	37545
Apr 29, 2022	419480	57	38203	49911
Apr 30, 2022	407737	58	31664	53084
May 01, 2022	386309	31	30463	47628
May 02, 2022	369104	42	36717	40590
May 03, 2022	365189	18	44765	33778
May 04, 2022	376119	3	53393	29866
May 05, 2022	399588	50	37087	35343
May 06, 2022	401301	49	43745	43493
May 07, 2022	401511	58	34342	44881
May 08, 2022	390954	52	36761	40572
May 09, 2022	387140	53	46658	38153
May 10, 2022	395595	21	55555	31615
May 11, 2022	419486	13	56098	30405
May 12, 2022	445121	67	50684	36665
May 13, 2022	459088	54	48642	44712
May 14, 2022	462965	51	41038	53372
May 15, 2022	450610	52	40726	37074
May 16, 2022	454249	51	65833	43678
May 17, 2022	476337	20	54747	34288
May 18, 2022	496742	13	52892	36710
May 19, 2022	512873	69	48580	46606
May 20, 2022	514795	88	45373	55504
May 21, 2022	504613	72	37480	56078
May 22, 2022	485995	40	33121	50671
May 23, 2022	468432	57	41610	48573
May 24, 2022	461400	31	44586	40950
May 25, 2022	464948	9	44785	40654
May 26, 2022	469007	53	37907	65793
May 27, 2022	441081	36	31928	54690
May 28, 2022	418262	57	25561	52861
May 29, 2022	390931	51	26480	48571
May 30, 2022	368831	61	32408	45320
May 31, 2022	355866	31	33839	37444
Jun 01, 2022	352225	3	34046	33064
Jun 02, 2022	353150	48	30779	41559
Jun 03, 2022	342319	60	26502	44525
Jun 04, 2022	324235	59	21319	44754
Jun 05, 2022	300769	39	17286	37904
Jun 06, 2022	280148	68	30364	31880
Jun 07, 2022	278584	23	32316	25501
Jun 08, 2022	285339	11	31892	26421
Jun 09, 2022	290751	32	29199	32369
Jun 10, 2022	287542	58	22297	33771
Jun 11, 2022	276000	72	20305	34023
Jun 12, 2022	262259	52	19033	30768
Jun 13, 2022	250513	65	24902	26470
Jun 14, 2022	248913	43	30161	21261
Jun 15, 2022	257755	13	31477	17214
Jun 16, 2022	271946	59	29316	30312
Jun 17, 2022	270898	63	26204	32251
Jun 18, 2022	264786	52	21528	31849
Jun 19, 2022	254422	42	19664	29186
Jun 20, 2022	244887	58	30704	22238
Jun 21, 2022	253294	26	31892	20242
Jun 22, 2022	264881	22	31320	18981
Jun 23, 2022	277168	74	30094	24860
Jun 24, 2022	282360	61	27247	30103
Jun 25, 2022	279446	61	23013	31451
Jun 26, 2022	270982	34	23317	29294
Jun 27, 2022	264983	55	27011	26130
Jun 28, 2022	265790	31	37677	21467
Jun 29, 2022	281939	25	33519	19603
Jun 30, 2022	295794	48	33988	30670
Jul 01, 2022	299078	46	31811	31837
Jul 02, 2022	298997	60	29469	31289
Jul 03, 2022	297146	36	28864	30069
Jul 04, 2022	295916	77	35578	27199
Jul 05, 2022	304247	13	42289	22967
Jul 06, 2022	323523	12	41971	23257
Jul 07, 2022	342177	60	40567	26975
Jul 08, 2022	355733	53	36159	37600
Jul 09, 2022	354215	82	30562	33506
Jul 10, 2022	351258	65	31266	33976
Jul 11, 2022	348536	78	40150	31751
Jul 12, 2022	356875	31	43054	29416
Jul 13, 2022	370460	31	45937	28782
Jul 14, 2022	387533	76	42108	35513
Jul 15, 2022	394063	87	38331	42211
Jul 16, 2022	390105	91	36880	41940
Jul 17, 2022	385014	65	38055	40536
Jul 18, 2022	382502	104	49140	36083
Jul 19, 2022	395483	39	47655	30475
Jul 20, 2022	412576	29	53512	31175
Jul 21, 2022	434822	106	51817	40085
Jul 22, 2022	446489	85	43684	42950
Jul 23, 2022	447119	127	36679	45898
Jul 24, 2022	437861	160	35526	42079
Jul 25, 2022	431279	139	45376	38225
Jul 26, 2022	438324	42	48247	36795
Jul 27, 2022	449691	18	45081	37928
Jul 28, 2022	456717	99	44029	48980
Jul 29, 2022	451606	66	48735	47516
Jul 30, 2022	452686	95	29489	53470
Jul 31, 2022	428663	82	32154	51799
Aug 01, 2022	409000	91	34515	43585
Aug 02, 2022	399831	33	39866	36613
Aug 03, 2022	403018	14	36290	35431
Aug 04, 2022	403782	104	31705	45294
Aug 05, 2022	390111	133	27714	48156
Aug 06, 2022	369578	87	19899	45048
Aug 07, 2022	344396	88	21605	44015
Aug 08, 2022	321972	91	25817	48631
Aug 09, 2022	299054	32	26595	29356
Aug 10, 2022	296160	27	24560	32067
Aug 11, 2022	288566	74	22336	34427
Aug 12, 2022	276387	63	19585	39775
Aug 13, 2022	256106	137	15246	36258
Aug 14, 2022	235062	74	14105	31678
Aug 15, 2022	217462	93	19321	27640
Aug 16, 2022	209069	37	20148	19836
Aug 17, 2022	209318	6	19188	21468
Aug 18, 2022	206901	100	16493	25743
Aug 19, 2022	197577	47	14693	26502
Aug 20, 2022	185675	90	9823	24523
Aug 21, 2022	170938	55	11230	22330
Aug 22, 2022	159832	88	9229	19485
Aug 23, 2022	149476	15	14939	15199
Aug 24, 2022	149169	10	13601	14015
Aug 25, 2022	148665	76	13013	19266
Aug 26, 2022	142357	70	11022	20060
Aug 27, 2022	133231	55	9006	19173
Aug 28, 2022	123049	58	8454	16483
Aug 29, 2022	115010	40	11737	14617
Aug 30, 2022	112054	14	12877	9753
Aug 31, 2022	115108	10	11396	11175
Sep 01, 2022	115274	76	9134	9171
Sep 02, 2022	115179	63	8431	14899
Sep 03, 2022	108671	75	5662	13587
Sep 04, 2022	100732	135	8778	13003
Sep 05, 2022	96497	5	9043	10946
Sep 06, 2022	94518	0	9639	8943
Sep 07, 2022	95151	6	8399	8379
Sep 08, 2022	95096	25	7932	11602
Sep 09, 2022	91291	1	1671	12872
Sep 10, 2022	80085	31	1327	11396
Sep 11, 2022	70016	262	4275	9128
Sep 12, 2022	65157	4	1753	8406
Sep 13, 2022	58479	10	1821	5661
Sep 14, 2022	54638	5	5070	8747
Sep 15, 2022	50930	19	27053	8781
Sep 16, 2022	68940	4	1392	9635
Sep 17, 2022	60693	34	1099	8389
Sep 18, 2022	53393	107	1137	7927
Sep 19, 2022	46598	41	1584	1652
Sep 20, 2022	46511	42	1525	1323
Sep 21, 2022	46709	40	1452	4241
Sep 22, 2022	43886	42	35389	1646
Sep 23, 2022	77522	40	5409	1780
Sep 24, 2022	81110	44	5409	5028
Sep 25, 2022	81449	40	5409	27013
Sep 26, 2022	59805	14	5409	1350
Sep 27, 2022	63822	19	5409	1059
Sep 28, 2022	68132	19	5409	1093
Sep 29, 2022	72404	19	5410	1544
Sep 30, 2022	76230	19	3096	1511
Oct 01, 2022	77801	19	4406	1433
Oct 02, 2022	80755	43	4406	35370
Oct 03, 2022	49772	25	4406	5390
Oct 04, 2022	48769	14	4406	5390
Oct 05, 2022	47766	14	4406	5390
Oct 06, 2022	46763	14	8840	5366
Oct 07, 2022	50194	14	5535	5384
Oct 08, 2022	50320	15	4365	5395
Oct 09, 2022	49276	13	4365	5396
Oct 10, 2022	48231	12	4365	3082
Oct 11, 2022	49500	12	4365	4392
Oct 12, 2022	49459	12	4365	4391
Oct 13, 2022	49418	12	4364	4393
Oct 14, 2022	49376	14	5600	4394
Oct 15, 2022	50570	13	4709	4394
Oct 16, 2022	50873	11	4365	8828
Oct 17, 2022	46398	18	4537	5523
Oct 18, 2022	45400	14	4537	4351
Oct 19, 2022	45572	18	4537	4352
Oct 20, 2022	45744	16	4537	4354
Oct 21, 2022	45916	13	4594	4347
Oct 22, 2022	46145	10	4594	4351
Oct 23, 2022	46374	15	4594	4346
Oct 24, 2022	46604	10	4594	5584
Oct 25, 2022	45598	10	4594	4696
Oct 26, 2022	45483	10	4594	4355
Oct 27, 2022	45712	10	4863	4522
Oct 28, 2022	46038	10	4159	4527
Oct 29, 2022	45660	10	4159	4527
Oct 30, 2022	45282	60	4159	4527
Oct 31, 2022	44904	12	4159	4584
Nov 01, 2022	44469	12	4159	4584
Nov 02, 2022	44034	12	4159	4584
Nov 03, 2022	43599	12	15199	4534
Nov 04, 2022	54204	12	8163	4582
Nov 05, 2022	57773	12	8163	4582
Nov 06, 2022	61342	11	8163	4851
Nov 07, 2022	64642	16	8163	4147
Nov 08, 2022	68646	15	8163	4147
Nov 09, 2022	72650	16	8163	4147
Nov 10, 2022	76654	16	10230	4148
Nov 11, 2022	82725	16	10628	4143
Nov 12, 2022	89194	15	10628	4144
Nov 13, 2022	95663	14	10628	15183
Nov 14, 2022	91092	18	10628	8147
Nov 15, 2022	93557	17	10628	8147
Nov 16, 2022	96022	18	10628	8148
Nov 17, 2022	98487	17	10631	8149
Nov 18, 2022	100955	18	11694	8145
Nov 19, 2022	104486	17	11694	8146
Nov 20, 2022	108017	18	11694	10212
Nov 21, 2022	109481	16	11693	10611
Nov 22, 2022	110546	16	11694	10610
Nov 23, 2022	111612	16	11694	10611
Nov 24, 2022	112678	17	11694	10610
Nov 25, 2022	113744	16	14344	10612
Nov 26, 2022	117460	16	14345	10612
Nov 27, 2022	121177	38	14344	10615
Nov 28, 2022	124890	32	14345	11677
Nov 29, 2022	127541	31	14344	11678
Nov 30, 2022	130191	32	14345	11678
Dec 01, 2022	132842	31	18192	11655
Dec 02, 2022	139341	32	14812	11662
Dec 03, 2022	142459	31	14812	11663
Dec 04, 2022	145577	35	14812	11662
Dec 05, 2022	148695	30	14813	14313
Dec 06, 2022	149164	33	14812	14313
Dec 07, 2022	149631	33	14812	14313
Dec 08, 2022	150099	34	18126	14310
Dec 09, 2022	153880	33	12207	14314
Dec 10, 2022	151743	33	15520	14312
Dec 11, 2022	152918	43	15521	18159
Dec 12, 2022	150247	35	15521	14778
Dec 13, 2022	150956	36	15521	14779
Dec 14, 2022	151665	35	15520	14779
Dec 15, 2022	152373	35	19495	14770
Dec 16, 2022	157055	35	14158	14777
Dec 17, 2022	156401	36	14158	14776
Dec 18, 2022	155747	37	14158	18091
Dec 19, 2022	151779	15	14159	12172
Dec 20, 2022	153731	16	14158	15485
Dec 21, 2022	152369	17	14158	15485
Dec 22, 2022	151006	16	18120	15484
Dec 23, 2022	153605	17	4415	15506
Dec 24, 2022	142499	16	8376	15504
Dec 25, 2022	135355	17	8377	19478
Dec 26, 2022	124237	40	8377	14142
Dec 27, 2022	118456	41	8377	14141
Dec 28, 2022	112675	40	8376	14142
Dec 29, 2022	106893	40	8377	14142
Dec 30, 2022	101111	40	10734	14118
Dec 31, 2022	97687	41	10733	14117
Jan 01, 2023	94262	40	10734	18080
Jan 02, 2023	86876	59	10734	4375
Jan 03, 2023	93195	59	10734	8336
Jan 04, 2023	95553	59	10733	8336
Jan 05, 2023	97909	60	10734	8337
Jan 06, 2023	100266	59	5824	8318
Jan 07, 2023	97713	59	5823	8317
Jan 08, 2023	95160	60	5824	8318
Jan 09, 2023	92607	45	5823	10674
Jan 10, 2023	87696	45	5824	10674
Jan 11, 2023	82787	46	5823	10675
Jan 12, 2023	77876	45	5824	10674
Jan 13, 2023	72966	46	2473	10689
Jan 14, 2023	64705	45	2473	10688
Jan 15, 2023	56445	116	2473	10688
Jan 16, 2023	48184	13	2472	5779
Jan 17, 2023	44832	84	2473	5777
Jan 18, 2023	41482	84	2473	5779
Jan 19, 2023	38131	82	11299	5707
Jan 20, 2023	43607	84	2567	5811
Jan 21, 2023	40350	84	2567	5739
Jan 22, 2023	37094	103	2567	5740
Jan 23, 2023	33837	14	2568	2391
Jan 24, 2023	33932	34	2567	2389
Jan 25, 2023	34026	34	2567	2389
Jan 26, 2023	34120	35	5210	2369
Jan 27, 2023	36858	34	161	2459
Jan 28, 2023	34546	34	2805	2439
Jan 29, 2023	34878	34	2805	11265
Jan 30, 2023	26384	36	2806	2532
Jan 31, 2023	26623	35	2805	2533
Feb 01, 2023	26861	36	2805	2533
Feb 02, 2023	27099	35	2805	2534
Feb 03, 2023	27336	36	2424	2531
Feb 04, 2023	27193	35	2424	2532
Feb 05, 2023	27050	36	2424	5174
Feb 06, 2023	24264	27	2424	126
Feb 07, 2023	26527	27	2423	2769
Feb 08, 2023	26145	27	2423	2770
Feb 09, 2023	25763	26	2420	2770
Feb 10, 2023	25377	47	2119	2778
Feb 11, 2023	24691	20	2118	2778
Feb 12, 2023	24004	22	2119	2778
Feb 13, 2023	23318	9	2119	2398
Feb 14, 2023	23013	17	4092	2377
Feb 15, 2023	24681	16	2317	2404
Feb 16, 2023	24574	17	1979	2402
Feb 17, 2023	24129	16	849	2414
Feb 18, 2023	22555	17	2883	2406
Feb 19, 2023	23015	16	2883	2404
Feb 20, 2023	23478	12	2882	2102
Feb 21, 2023	24241	13	2883	2102
Feb 22, 2023	25006	12	2883	2102
Feb 23, 2023	25770	12	2883	2103
Feb 24, 2023	26534	12	2664	4080
Feb 25, 2023	25106	13	2664	2304
Feb 26, 2023	25453	12	2664	1967
Feb 27, 2023	26138	19	2664	837
Feb 28, 2023	27953	19	2664	2871
Mar 01, 2023	27734	19	2664	2870
Mar 02, 2023	27515	19	2664	2870
Mar 03, 2023	27297	19	2801	2864
Mar 04, 2023	27215	19	2800	2864
Mar 05, 2023	27132	18	2800	2864
Mar 06, 2023	27049	15	2800	2645
Mar 07, 2023	27185	14	2800	2645
Mar 08, 2023	27321	14	2800	2645
Mar 09, 2023	27457	14	2800	2646
Mar 10, 2023	27593	14	3148	2649
Mar 11, 2023	28077	14	3148	2650
Mar 12, 2023	28561	14	3148	2650
Mar 13, 2023	29045	10	3148	2787
Mar 14, 2023	29392	10	3148	2786
Mar 15, 2023	29740	10	3148	2786
Mar 16, 2023	30088	10	3147	2786
Mar 17, 2023	30435	10	3325	2790
Mar 18, 2023	30960	10	3326	2790
Mar 19, 2023	31486	10	3325	2790
Mar 20, 2023	32011	14	3325	3138
Mar 21, 2023	32188	13	3325	3138
Mar 22, 2023	32365	14	3326	3138
Mar 23, 2023	32543	14	3325	3138
Mar 24, 2023	32720	14	3741	3134
Mar 25, 2023	33313	13	3742	3135
Mar 26, 2023	33907	14	3741	3133
Mar 27, 2023	34501	11	3742	3311
Mar 28, 2023	34918	11	3741	3312
Mar 29, 2023	35333	11	3742	3312
Mar 30, 2023	35750	11	3741	3311
Mar 31, 2023	36166	11	3544	3314
Apr 01, 2023	36385	11	3544	3315
Apr 02, 2023	36603	11	3544	3314
Apr 03, 2023	36822	17	3543	3730
Apr 04, 2023	36624	16	3544	3731
Apr 05, 2023	36426	17	3544	3730
Apr 06, 2023	36229	16	3544	3731
Apr 07, 2023	36031	17	4066	3724
Apr 08, 2023	36356	16	4067	3726
Apr 09, 2023	36681	17	4066	3724
Apr 10, 2023	37006	15	4066	3528
Apr 11, 2023	37528	15	4066	3527
Apr 12, 2023	38050	15	4067	3528
Apr 13, 2023	38573	15	4066	3526
Apr 14, 2023	39096	15	4153	3529
Apr 15, 2023	39705	15	4152	3529
Apr 16, 2023	40313	15	4153	3529
Apr 17, 2023	40922	17	4152	4051
Apr 18, 2023	41008	17	4153	4052
Apr 19, 2023	41094	17	4152	4051
Apr 20, 2023	41180	16	4153	4051
Apr 21, 2023	41267	17	4314	4049
Apr 22, 2023	41515	17	4315	4050
Apr 23, 2023	41763	17	4314	4049
Apr 24, 2023	42011	20	4314	4137
Apr 25, 2023	42172	19	4314	4135
Apr 26, 2023	42334	20	4315	4136
Apr 27, 2023	42496	20	4314	4135
Apr 28, 2023	42658	20	4273	4133
Apr 29, 2023	42778	19	4272	4133
Apr 30, 2023	42898	20	4273	4133
May 01, 2023	43018	21	4272	4294
May 02, 2023	42976	21	4273	4295
May 03, 2023	42934	21	4272	4295
May 04, 2023	42892	21	4273	4294
May 05, 2023	42851	21	4649	4293
May 06, 2023	43186	21	4650	4294
May 07, 2023	43521	21	4649	4293
May 08, 2023	43856	15	4649	4252
May 09, 2023	44232	14	4649	4251
May 10, 2023	44609	15	4650	4252
May 11, 2023	44986	15	4649	4251
May 12, 2023	45363	15	5447	4258
May 13, 2023	46537	14	5446	4258
May 14, 2023	47711	15	5447	4258
May 15, 2023	48885	32	5446	4634
May 16, 2023	49682	33	5447	4635
May 17, 2023	50479	32	5446	4635
May 18, 2023	51276	32	5447	4634
May 19, 2023	52074	32	5832	4617
May 20, 2023	53257	33	5832	4617
May 21, 2023	54439	32	5832	4617
May 22, 2023	55622	26	5833	5415
May 23, 2023	56008	26	5832	5414
May 24, 2023	56394	26	5832	5414
May 25, 2023	56779	27	5832	5414
May 26, 2023	57165	26	5220	5421
May 27, 2023	56938	26	5220	5420
May 28, 2023	56712	26	5220	5421
May 29, 2023	56485	29	5221	5805
May 30, 2023	55874	29	5220	5806
May 31, 2023	55262	29	5220	5806
Jun 01, 2023	54650	29	5220	5807
Jun 02, 2023	54037	29	4331	5803
Jun 03, 2023	52536	29	4332	5803
Jun 04, 2023	51036	29	4331	5803
Jun 05, 2023	49535	30	4331	5191
Jun 06, 2023	48646	31	4331	5191
Jun 07, 2023	47757	30	4332	5191
Jun 08, 2023	46869	30	4331	5192
Jun 09, 2023	45979	30	2772	5190
Jun 10, 2023	43531	31	2772	5189
Jun 11, 2023	41083	30	2772	5190
Jun 12, 2023	38635	21	2771	4301
Jun 13, 2023	37075	22	2772	4302
Jun 14, 2023	35515	21	2772	4300
Jun 15, 2023	33956	21	2772	4301
Jun 16, 2023	32397	21	2437	4310
Jun 17, 2023	30503	22	2437	4310
Jun 18, 2023	28608	21	2437	4310
Jun 19, 2023	26714	30	2437	2751
Jun 20, 2023	26379	31	2437	2751
Jun 21, 2023	26044	30	2437	2750
Jun 22, 2023	25709	30	2437	2750
Jun 23, 2023	25375	30	1482	2742
Jun 24, 2023	24085	31	1482	2741
Jun 25, 2023	22795	30	1482	2742
Jun 26, 2023	21505	20	1481	2407
Jun 27, 2023	20549	19	1482	2407
Jun 28, 2023	19594	19	1482	2406
Jun 29, 2023	18639	18	1482	2407
Jun 30, 2023	17684	19	1965	2417
Jul 01, 2023	17212	18	1964	2418
Jul 02, 2023	16739	19	1965	2418
Jul 03, 2023	16267	16	1964	1464
Jul 04, 2023	16749	16	1965	1463
Jul 05, 2023	17232	16	1964	1464
Jul 06, 2023	17714	17	1965	1462
Jul 07, 2023	18198	16	543	1466
Jul 08, 2023	17259	16	544	1466
Jul 09, 2023	16321	16	543	1466
Jul 10, 2023	15382	14	543	1948
Jul 11, 2023	13960	14	543	1948
Jul 12, 2023	12539	14	544	1949
Jul 13, 2023	11118	13	543	1948
Jul 14, 2023	9697	14	972	1951
Jul 15, 2023	8704	14	971	1950
Jul 16, 2023	7711	14	972	1951
Jul 17, 2023	6718	24	971	530
Jul 18, 2023	7146	24	972	530
Jul 19, 2023	7574	24	971	529
Jul 20, 2023	8002	24	972	529
Jul 21, 2023	8431	24	861	519
Jul 22, 2023	8749	24	860	520
Jul 23, 2023	9065	24	861	519
Jul 24, 2023	9383	5	861	948
Jul 25, 2023	9272	6	861	947
Jul 26, 2023	9162	5	860	948
Jul 27, 2023	9050	5	861	947
Jul 28, 2023	8940	5	722	967
Jul 29, 2023	8690	6	722	965
Jul 30, 2023	8441	5	722	967
Jul 31, 2023	8191	15	722	856
Aug 01, 2023	8052	15	722	855
Aug 02, 2023	7914	15	722	855
Aug 03, 2023	7775	14	722	856
Aug 04, 2023	7636	15	185	846
Aug 05, 2023	6960	15	184	845
Aug 06, 2023	6284	15	185	846
Aug 07, 2023	5608	7	184	708
Aug 08, 2023	5070	6	185	707
Aug 09, 2023	4533	7	184	707
Aug 10, 2023	3995	6	185	707
Aug 11, 2023	3458	7	744	715
Aug 12, 2023	3480	6	745	716
Aug 13, 2023	3503	7	744	715
Aug 14, 2023	3525	10	744	179
Aug 15, 2023	4084	10	744	177
Aug 16, 2023	4644	10	745	179
Aug 17, 2023	5204	9	744	177
Aug 18, 2023	5764	10	631	175
Aug 19, 2023	6210	10	630	174
Aug 20, 2023	6656	10	631	175
Aug 21, 2023	7102	9	631	735
Aug 22, 2023	6989	10	631	735
Aug 23, 2023	6875	9	630	734
Aug 24, 2023	6761	9	631	734
Aug 25, 2023	6648	9	826	735
Aug 26, 2023	6730	10	826	735
Aug 27, 2023	6811	9	826	735
Aug 28, 2023	6893	6	825	622
Aug 29, 2023	7087	6	826	621
Aug 30, 2023	7283	6	826	621
Aug 31, 2023	7478	5	826	622
Sep 01, 2023	7673	6	739	625
Sep 02, 2023	7781	6	738	624
Sep 03, 2023	7889	6	739	625
Sep 04, 2023	7997	6	739	821
Sep 05, 2023	7910	5	739	820
Sep 06, 2023	7823	6	738	820
Sep 07, 2023	7735	6	739	819
Sep 08, 2023	7649	6	781	820
Sep 09, 2023	7604	5	782	821
Sep 10, 2023	7560	6	781	820
Sep 11, 2023	7515	4	781	733
Sep 12, 2023	7557	4	781	732
Sep 13, 2023	7600	4	782	734
Sep 14, 2023	7643	3	781	733
Sep 15, 2023	7685	4	612	735
Sep 16, 2023	7558	4	612	734
Sep 17, 2023	7432	4	612	735
Sep 18, 2023	7305	8	611	778
Sep 19, 2023	7135	8	612	778
Sep 20, 2023	6965	8	612	777
Sep 21, 2023	6796	8	612	777
Sep 22, 2023	6627	8	794	773
Sep 23, 2023	6640	8	794	774
Sep 24, 2023	6652	8	794	773
Sep 25, 2023	6665	7	794	604
Sep 26, 2023	6847	6	794	604
Sep 27, 2023	7029	6	794	604
Sep 28, 2023	7211	6	794	603
Sep 29, 2023	7394	6	345	605
Sep 30, 2023	7127	6	345	606
Oct 01, 2023	6860	6	345	606
Oct 02, 2023	6593	5	345	788
Oct 03, 2023	6144	5	345	788
Oct 04, 2023	5695	5	345	788
Oct 05, 2023	5246	5	345	788
Oct 06, 2023	4797	5	701	789
Oct 07, 2023	4704	5	701	789
Oct 08, 2023	4611	5	701	789
Oct 09, 2023	4518	7	701	340
Oct 10, 2023	4874	7	701	340
Oct 11, 2023	5230	7	701	340
Oct 12, 2023	5586	7	701	340
Oct 13, 2023	5942	7	766	338
Oct 14, 2023	6363	7	765	338
Oct 15, 2023	6783	6	766	338
Oct 16, 2023	7204	5	766	694
Oct 17, 2023	7269	5	766	694
Oct 18, 2023	7334	5	765	694
Oct 19, 2023	7398	5	766	695
Oct 20, 2023	7463	5	974	696
Oct 21, 2023	7736	5	975	696
Oct 22, 2023	8010	4	974	696
Oct 23, 2023	8283	6	974	761
Oct 24, 2023	8491	6	974	760
Oct 25, 2023	8700	6	975	761
Oct 26, 2023	8909	6	1386	762
Oct 27, 2023	9529	6	413	760
Oct 28, 2023	9176	6	412	759
Oct 29, 2023	8823	5	412	760
Oct 30, 2023	8469	8	412	968
Oct 31, 2023	7907	8	413	969
Nov 01, 2023	7345	8	412	968
Nov 02, 2023	6783	8	496	969
Nov 03, 2023	6305	8	496	966
Nov 04, 2023	5827	8	495	967
Nov 05, 2023	5347	8	495	1378
Nov 06, 2023	4456	9	495	405
Nov 07, 2023	4538	9	495	404
Nov 08, 2023	4621	9	495	404
Nov 09, 2023	4704	9	495	404
Nov 10, 2023	4787	9	1606	404
Nov 11, 2023	5980	8	638	403
Nov 12, 2023	6206	8	818	487
Nov 13, 2023	6528	8	1946	487
Nov 14, 2023	7978	8	1867	486
Nov 15, 2023	9350	8	2500	487
Nov 16, 2023	11355	8	1539	487
Nov 17, 2023	12399	7	1467	487
Nov 18, 2023	13371	7	851	487
Nov 19, 2023	13727	7	670	487
Nov 20, 2023	13902	11	1569	1598
Nov 21, 2023	13865	11	1681	631
Nov 22, 2023	14908	11	2138	811
Nov 23, 2023	16228	11	1528	1939
Nov 24, 2023	15810	11	1382	1856
Nov 25, 2023	15325	11	864	2489
Nov 26, 2023	13689	10	436	1528
Nov 27, 2023	12586	11	1793	1456
Nov 28, 2023	12912	11	1645	840
Nov 29, 2023	13706	11	2071	659
Nov 30, 2023	15107	11	1470	1559
Dec 01, 2023	15008	10	1377	1670
Dec 02, 2023	14704	10	982	2127
Dec 03, 2023	13548	15	645	1517
Dec 04, 2023	12665	11	1641	1371
Dec 05, 2023	12924	11	1810	854
Dec 06, 2023	13870	11	2189	426
Dec 07, 2023	15623	11	1593	1778
Dec 08, 2023	15423	11	1015	1634
Dec 09, 2023	14793	11	1011	2060
Dec 10, 2023	13733	10	701	1459
Dec 11, 2023	12964	8	2068	1366
Dec 12, 2023	13655	8	1815	971
Dec 13, 2023	14488	8	1746	634
Dec 14, 2023	15589	8	2153	1631
Dec 15, 2023	16101	8	1466	1802
Dec 16, 2023	15757	8	857	2181
Dec 17, 2023	14425	8	862	1585
Dec 18, 2023	13694	9	1459	1007
Dec 19, 2023	14138	9	2436	1003
Dec 20, 2023	15563	9	2376	693
Dec 21, 2023	17238	9	2261	2060
Dec 22, 2023	17431	9	1404	1806
Dec 23, 2023	17020	9	976	1737
Dec 24, 2023	16250	8	717	2144
Dec 25, 2023	14814	4	628	1457
Dec 26, 2023	13976	4	742	848
Dec 27, 2023	13861	3	1101	853
Dec 28, 2023	14100	3	1742	1451
Dec 29, 2023	14383	3	1285	2432
Dec 30, 2023	13232	3	1101	2372
Dec 31, 2023	11957	3	816	2258
Jan 01, 2024	10512	6	583	1401
Jan 02, 2024	9691	6	3888	973
Jan 03, 2024	12603	6	2750	714
Jan 04, 2024	14636	6	1578	625
Jan 05, 2024	15586	6	1863	736
Jan 06, 2024	16707	5	1073	1095
Jan 07, 2024	16679	5	784	1736
Jan 08, 2024	15721	11	2196	1279
Jan 09, 2024	16632	10	1978	1095
Jan 10, 2024	17509	10	2564	811
Jan 11, 2024	19257	10	1728	578
Jan 12, 2024	20402	10	1612	3877
Jan 13, 2024	18126	10	1029	2740
Jan 14, 2024	16405	10	713	1568
Jan 15, 2024	15540	13	1568	1853
Jan 16, 2024	15245	13	0	1063
Jan 17, 2024	14172	13	1961	774
Jan 18, 2024	15349	12	1373	8753
Jan 19, 2024	7959	12	246	0
Jan 20, 2024	8192	12	0	0
Jan 21, 2024	8179	12	0	0
Jan 22, 2024	8166	6	3915	0
Jan 23, 2024	12069	6	1475	0
Jan 24, 2024	13532	5	1835	0
Jan 25, 2024	15355	5	1188	8497
Jan 26, 2024	8034	5	798	0
Jan 27, 2024	8826	5	527	0
Jan 28, 2024	9347	5	650	0
Jan 29, 2024	9992	6	1649	0
Jan 30, 2024	11636	6	1561	0
Jan 31, 2024	13192	6	907	0
Feb 01, 2024	14094	6	38166	44254
Feb 02, 2024	8001	5	718	0
Feb 03, 2024	8713	5	423	0
Feb 04, 2024	9130	5	1154	0
Feb 05, 2024	10278	9	1347	0
Feb 06, 2024	11619	9	1306	0
Feb 07, 2024	12920	9	1392	0
Feb 08, 2024	14307	9	1214	7502
Feb 09, 2024	8014	9	996	0
Feb 10, 2024	9001	8	710	0
Feb 11, 2024	9702	8	545	0
Feb 12, 2024	10238	6	1257	0
Feb 13, 2024	11486	6	870	0
Feb 14, 2024	12347	6	1932	0
Feb 15, 2024	14271	6	1105	7350
Feb 16, 2024	8018	6	966	0
Feb 17, 2024	8978	6	534	0
Feb 18, 2024	9506	5	697	0
Feb 19, 2024	10197	4	1144	0
Feb 20, 2024	11335	4	1345	0
Feb 21, 2024	12674	4	1180	0
Feb 22, 2024	13848	4	1484	7315
Feb 23, 2024	8012	4	783	0
Feb 24, 2024	8791	3	434	0
Feb 25, 2024	9221	3	995	0
Feb 26, 2024	10212	4	1049	0
Feb 27, 2024	11257	4	1235	0
Feb 28, 2024	12488	4	1324	0
Feb 29, 2024	13809	4	1001	6790
Mar 01, 2024	8017	4	806	0
Mar 02, 2024	8819	3	688	0
Mar 03, 2024	9503	3	441	0
Mar 04, 2024	9940	0	1104	0
Mar 05, 2024	11040	0	1142	0
Mar 06, 2024	12178	0	1188	0
Mar 07, 2024	13363	0	874	5340
Mar 08, 2024	8894	0	863	871
Mar 09, 2024	8886	0	537	0
Mar 10, 2024	9423	0	325	0
Mar 11, 2024	9748	3	577	0
Mar 12, 2024	10325	0	1004	0
Mar 13, 2024	11329	0	1258	0
Mar 14, 2024	12587	2	849	4535
Mar 15, 2024	8901	0	785	846
Mar 16, 2024	8837	0	480	0
Mar 17, 2024	9317	0	343	0
Mar 18, 2024	9660	0	784	0
Mar 19, 2024	10442	0	953	0
Mar 20, 2024	11395	NA	1030	0
Mar 21, 2024	12425	NA	765	4373
Mar 22, 2024	8817	NA	0	0
Mar 23, 2024	8817	NA	388	0
Mar 24, 2024	9205	NA	NA	NA
