Dates	Active	Deaths	Newcases	recover
Feb 15, 2020	0	0	3	0
Feb 16, 2020	0	2	13	0
Feb 17, 2020	0	2	11	0
Feb 18, 2020	0	2	14	0
Feb 19, 2020	0	4	18	0
Feb 20, 2020	0	4	34	0
Feb 21, 2020	0	3	44	0
Feb 22, 2020	0	7	106	1
Feb 23, 2020	0	8	143	2
Feb 24, 2020	0	9	205	22
Feb 25, 2020	0	11	385	0
Feb 26, 2020	0	12	523	29
Feb 27, 2020	0	11	835	19
Feb 28, 2020	0	15	586	50
Feb 29, 2020	0	16	591	52
Mar 01, 2020	0	16	1234	116
Mar 02, 2020	0	21	1076	144
Mar 03, 2020	0	49	743	117
Mar 04, 2020	0	43	595	187
Mar 05, 2020	0	54	881	174
Mar 06, 2020	0	63	958	756
Mar 07, 2020	0	75	1075	465
Mar 08, 2020	0	85	1289	260
Mar 09, 2020	0	97	1365	337
Mar 10, 2020	1	113	1209	228
Mar 11, 2020	13	129	1053	317
Mar 12, 2020	13	135	1178	253
Mar 13, 2020	26	147	1192	810
Mar 14, 2020	42	149	1046	251
Mar 15, 2020	54	149	1237	406
Mar 16, 2020	68	123	966	393
Mar 17, 2020	68	129	1028	321
Mar 18, 2020	108	127	1411	269
Mar 19, 2020	135	122	1762	766
Mar 20, 2020	198	143	2206	890
Mar 21, 2020	241	157	2389	278
Mar 22, 2020	309	144	2926	463
Mar 23, 2020	338	139	3076	537
Mar 24, 2020	436	123	2901	712
Mar 25, 2020	548	117	3186	832
Mar 26, 2020	663	141	3110	676
Mar 27, 2020	770	138	2988	546
Mar 28, 2020	880	124	2875	712
Mar 29, 2020	961	134	2715	1520
Mar 30, 2020	1039	158	2560	745
Mar 31, 2020	1142	151	2483	817
Apr 01, 2020	1276	136	2274	1238
Apr 02, 2020	1429	133	2089	1224
Apr 03, 2020	1622	121	1997	1801
Apr 04, 2020	1742	117	1634	2275
Apr 05, 2020	1742	122	1972	2225
Apr 06, 2020	2031	125	1837	2803
Apr 07, 2020	2031	117	1657	2773
Apr 08, 2020	2449	111	1617	2497
Apr 09, 2020	2670	98	1574	3156
Apr 10, 2020	2883	94	1512	6482
Apr 11, 2020	3132	92	1606	1947
Apr 12, 2020	3284	89	1499	2089
Apr 13, 2020	3317	73	1374	2146
Apr 14, 2020	3407	87	1343	1804
Apr 15, 2020	3573	91	1294	2296
Apr 16, 2020	3573	88	1297	1835
Apr 17, 2020	3809	94	1194	1923
Apr 18, 2020	3972	90	1030	1036
Apr 19, 2020	4013	93	1168	2250
Apr 20, 2020	4176	76	1134	1692
Apr 21, 2020	4318	60	1153	2148
Apr 22, 2020	4449	96	991	1730
Apr 23, 2020	4593	71	1112	1756
Apr 24, 2020	4749	80	1073	1594
Apr 25, 2020	4865	71	983	1464
Apr 26, 2020	5041	63	1006	1276
Apr 27, 2020	5245	65	802	1506
Apr 28, 2020	5399	47	976	1352
Apr 29, 2020	5540	74	1223	1312
Apr 30, 2020	5673	63	1323	1215
May 01, 2020	5768	78	1680	1032
May 02, 2020	5906	68	1485	1072
May 03, 2020	6252	55	1556	957
May 04, 2020	6356	48	1529	1096
May 05, 2020	6458	51	1383	1112
May 06, 2020	6490	45	1683	1157
May 07, 2020	6654	48	1481	1093
May 08, 2020	6757	50	1958	1227
May 09, 2020	6953	71	1808	1079
May 10, 2020	3544	48	2102	1279
May 11, 2020	3517	35	1757	935
May 12, 2020	3680	51	1806	1071
May 13, 2020	2510	69	2294	1111
May 14, 2020	2621	62	2111	1297
May 15, 2020	2778	64	2346	1311
May 16, 2020	2922	66	2392	1317
May 17, 2020	3100	51	2311	1197
May 18, 2020	3250	59	1869	1512
May 19, 2020	3392	58	2180	1635
May 20, 2020	3496	34	2023	1756
May 21, 2020	3580	57	1787	1712
May 22, 2020	3697	56	2080	1796
May 23, 2020	3999	63	2258	1729
May 24, 2020	4341	50	2819	1912
May 25, 2020	4594	57	2282	1724
May 26, 2020	4755	63	2516	1739
May 27, 2020	4034	81	2979	1812
May 28, 2020	4432	64	3117	1943
May 29, 2020	4665	70	3134	1896
May 30, 2020	3274	59	3574	2021
May 31, 2020	3613	63	2886	2156
Jun 01, 2020	3979	75	2269	2073
Jun 02, 2020	4229	72	2364	2129
Jun 03, 2020	4733	70	2043	2279
Jun 04, 2020	5062	74	2095	2256
Jun 05, 2020	5374	81	2011	2297
Jun 06, 2020	5500	78	2218	2311
Jun 07, 2020	5814	75	2389	2011
Jun 08, 2020	6055	71	2410	2097
Jun 09, 2020	6269	107	2472	2133
Jun 10, 2020	6499	113	2449	2073
Jun 11, 2020	7191	115	2563	1986
Jun 12, 2020	5031	120	2612	2099
Jun 13, 2020	5871	87	2596	1926
Jun 14, 2020	6483	120	2615	1916
Jun 15, 2020	7208	115	2322	2085
Jun 16, 2020	7731	116	2368	2137
Jun 17, 2020	8353	119	2573	2179
Jun 18, 2020	9094	121	2445	2201
Jun 19, 2020	9430	133	2531	2192
Jun 20, 2020	10370	134	2595	2207
Jun 21, 2020	11170	109	2628	2836
Jun 22, 2020	11567	125	2456	2733
Jun 23, 2020	12084	144	2489	2936
Jun 24, 2020	12689	162	2536	3007
Jun 25, 2020	13673	147	2457	2749
Jun 26, 2020	14060	141	2549	2809
Jun 27, 2020	14696	148	2652	2649
Jun 28, 2020	15612	154	2566	2870
Jun 29, 2020	16570	148	2449	2578
Jun 30, 2020	17174	163	2560	2729
Jul 01, 2020	17873	160	2613	2611
Jul 02, 2020	18125	200	2637	2348
Jul 03, 2020	18352	153	2691	2503
Jul 04, 2020	18502	221	2079	2381
Jul 05, 2020	19416	142	2262	2753
Jul 06, 2020	20528	188	2397	2917
Jul 07, 2020	20766	194	2186	2463
Jul 08, 2020	20963	203	2349	2713
Jul 09, 2020	20940	179	2521	2839
Jul 10, 2020	20968	199	2388	2651
Jul 11, 2020	21269	198	2500	2327
Jul 12, 2020	21685	183	2379	2546
Jul 13, 2020	22322	188	2166	2731
Jul 14, 2020	22473	209	2182	2291
Jul 15, 2020	22844	217	2414	3047
Jul 16, 2020	23531	229	2625	2265
Jul 17, 2020	23850	219	2586	2427
Jul 18, 2020	23696	221	2621	2488
Jul 19, 2020	23890	215	2489	2299
Jul 20, 2020	24135	195	2316	2264
Jul 21, 2020	23919	216	2333	2489
Jul 22, 2020	23604	212	2434	2390
Jul 23, 2020	23780	235	2667	1982
Jul 24, 2020	24039	196	2636	2107
Jul 25, 2020	24161	226	2621	1894
Jul 26, 2020	24871	197	2674	1931
Jul 27, 2020	25034	216	2548	1875
Jul 28, 2020	24693	208	2685	2097
Jul 29, 2020	24579	215	2598	2084
Jul 30, 2020	24576	212	2751	2319
Jul 31, 2020	24669	185	2697	2311
Aug 01, 2020	24853	174	2634	2272
Aug 02, 2020	24944	156	2450	2126
Aug 03, 2020	24866	132	2125	2307
Aug 04, 2020	24572	163	2020	2397
Aug 05, 2020	23886	189	2132	2531
Aug 06, 2020	24186	184	2345	2261
Aug 07, 2020	24294	188	2510	2398
Aug 08, 2020	24558	174	2625	2249
Aug 09, 2020	24105	169	2501	2271
Aug 10, 2020	24220	161	2245	1978
Aug 11, 2020	24119	147	2133	1624
Aug 12, 2020	24077	165	2247	1814
Aug 13, 2020	24514	168	2385	1753
Aug 14, 2020	24782	153	2444	1819
Aug 15, 2020	25062	139	2279	1856
Aug 16, 2020	25172	112	2206	1671
Aug 17, 2020	24910	126	2028	1724
Aug 18, 2020	23790	141	2113	1647
Aug 19, 2020	23653	133	2245	1708
Aug 20, 2020	22837	125	2213	1630
Aug 21, 2020	22811	119	2243	1836
Aug 22, 2020	23074	117	2190	1762
Aug 23, 2020	23588	112	2115	1901
Aug 24, 2020	23394	110	1905	1693
Aug 25, 2020	23703	103	1754	1812
Aug 26, 2020	23555	109	1642	1768
Aug 27, 2020	24038	101	1682	1632
Aug 28, 2020	24056	125	1858	1577
Aug 29, 2020	24235	129	1994	1574
Aug 30, 2020	24323	118	2026	1812
Aug 31, 2020	24807	110	1894	1891
Sep 01, 2020	24560	139	1992	1677
Sep 02, 2020	24567	117	2152	1794
Sep 03, 2020	24670	132	2302	1713
Sep 04, 2020	24791	127	2313	1823
Sep 05, 2020	25007	129	2063	1769
Sep 06, 2020	25296	115	2313	1672
Sep 07, 2020	25232	116	2139	1842
Sep 08, 2020	25549	128	2089	1697
Sep 09, 2020	25507	156	2619	1731
Sep 10, 2020	25385	140	2705	1697
Sep 11, 2020	25332	179	2981	1977
Sep 12, 2020	25410	176	2815	1726
Sep 13, 2020	25472	144	3049	1771
Sep 14, 2020	25249	166	2845	1971
Sep 15, 2020	25053	183	3097	2035
Sep 16, 2020	24481	177	3341	1829
Sep 17, 2020	24044	178	3712	1657
Sep 18, 2020	23557	184	3605	2127
Sep 19, 2020	23164	175	3521	1938
Sep 20, 2020	22581	207	3563	1953
Sep 21, 2020	22218	172	3204	2214
Sep 22, 2020	21681	195	3362	2109
Sep 23, 2020	21262	190	3512	1983
Sep 24, 2020	20935	207	3677	2013
Sep 25, 2020	20962	183	3582	2209
Sep 26, 2020	20989	211	3825	2119
Sep 27, 2020	21000	187	3552	2361
Sep 28, 2020	21234	179	3523	2196
Sep 29, 2020	21287	211	3653	2229
Sep 30, 2020	21162	235	3902	2412
Oct 01, 2020	21052	227	4151	1896
Oct 02, 2020	20784	239	4019	2411
Oct 03, 2020	21044	230	4392	2291
Oct 04, 2020	21054	210	4142	2327
Oct 05, 2020	21066	195	3875	2507
Oct 06, 2020	21212	251	3822	2309
Oct 07, 2020	21242	272	4206	2191
Oct 08, 2020	21200	254	4108	2079
Oct 09, 2020	21405	279	4830	2571
Oct 10, 2020	21632	256	4616	2439
Oct 11, 2020	21658	265	4552	2732
Oct 12, 2020	21625	253	4103	2719
Oct 13, 2020	21488	252	3890	2991
Oct 14, 2020	21690	337	4251	3223
Oct 15, 2020	21683	322	5039	2856
Oct 16, 2020	21666	312	5616	3011
Oct 17, 2020	21202	304	5471	3479
Oct 18, 2020	21140	335	6134	3960
Oct 19, 2020	21062	335	5814	3316
Oct 20, 2020	21126	296	6191	4033
Oct 21, 2020	21113	337	5960	3965
Oct 22, 2020	21217	346	6968	4011
Oct 23, 2020	21259	415	6824	4206
Oct 24, 2020	21325	399	8293	4163
Oct 25, 2020	21336	365	8011	4196
Oct 26, 2020	21403	386	7820	4361
Oct 27, 2020	21332	434	7719	4306
Oct 28, 2020	21193	440	8289	4681
Oct 29, 2020	21025	422	8932	4702
Oct 30, 2020	20810	419	8452	4630
Oct 31, 2020	20346	406	8772	4761
Nov 01, 2020	19996	424	8864	4556
Nov 02, 2020	19630	423	9450	4226
Nov 03, 2020	19482	459	9236	4927
Nov 04, 2020	19073	458	10463	4887
Nov 05, 2020	18733	453	10339	4665
Nov 06, 2020	19000	462	11780	5201
Nov 07, 2020	18902	457	11517	5176
Nov 08, 2020	18959	461	11737	5312
Nov 09, 2020	18812	452	11203	5053
Nov 10, 2020	18778	459	12543	5411
Nov 11, 2020	18819	486	13053	5461
Nov 12, 2020	18452	482	13352	5076
Nov 13, 2020	18392	480	13421	6105
Nov 14, 2020	18171	476	13223	6071
Nov 15, 2020	18410	479	13260	5881
Nov 16, 2020	18040	431	12931	6075
Nov 17, 2020	17586	475	13053	6209
Nov 18, 2020	17171	453	12460	6721
Nov 19, 2020	16852	483	13721	5321
Nov 20, 2020	16609	469	13843	7111
Nov 21, 2020	16271	482	13961	7309
Nov 22, 2020	15864	406	14051	6961
Nov 23, 2020	15681	390	13402	7309
Nov 24, 2020	15937	390	12950	7891
Nov 25, 2020	16174	371	13321	7669
Nov 26, 2020	16293	382	13881	6790
Nov 27, 2020	16668	362	13621	8766
Nov 28, 2020	17542	358	13922	9461
Nov 29, 2020	18053	347	13341	9859
Nov 30, 2020	18265	321	12151	9812
Dec 01, 2020	18695	294	11561	10091
Dec 02, 2020	19649	284	10827	11261
Dec 03, 2020	19682	323	11023	8791
Dec 04, 2020	20402	295	10223	11602
Dec 05, 2020	21487	283	10403	11090
Dec 06, 2020	21636	233	9594	12157
Dec 07, 2020	21688	221	8201	11269
Dec 08, 2020	22055	247	7451	11415
Dec 09, 2020	22843	251	7501	12528
Dec 10, 2020	24249	223	7704	9686
Dec 11, 2020	25400	213	7603	13000
Dec 12, 2020	26613	212	7453	11417
Dec 13, 2020	27546	178	7121	10961
Dec 14, 2020	27903	175	6421	10045
Dec 15, 2020	28721	177	6312	11154
Dec 16, 2020	29908	191	6151	12083
Dec 17, 2020	31576	187	6208	8961
Dec 18, 2020	32636	153	6261	10469
Dec 19, 2020	34312	152	6178	9111
Dec 20, 2020	35265	132	6021	9312
Dec 21, 2020	35490	134	5760	9632
Dec 22, 2020	37142	119	5502	10196
Dec 23, 2020	38457	121	5908	10491
Dec 24, 2020	39914	132	6108	9051
Dec 25, 2020	41155	149	6271	8812
Dec 26, 2020	41403	128	6391	9312
Dec 27, 2020	41551	114	6286	8891
Dec 28, 2020	42261	101	6045	8657
Dec 29, 2020	44582	102	5960	9306
Dec 30, 2020	46168	110	6073	10119
Dec 31, 2020	47630	98	6113	6737
Jan 01, 2021	47741	82	6283	8756
Jan 02, 2021	47967	103	6360	8692
Jan 03, 2021	47780	85	6251	7719
Jan 04, 2021	48345	82	5924	8291
Jan 05, 2021	49445	71	5968	11493
Jan 06, 2021	52053	91	6208	10032
Jan 07, 2021	52114	98	6408	8101
Jan 08, 2021	53313	97	6317	8812
Jan 09, 2021	54822	81	6471	7421
Jan 10, 2021	55597	83	6485	6849
Jan 11, 2021	56020	96	6100	6729
Jan 12, 2021	56897	86	6016	5923
Jan 13, 2021	56673	83	5806	7211
Jan 14, 2021	55932	87	5917	5412
Jan 15, 2021	54608	84	6182	6213
Jan 16, 2021	54577	93	6231	5913
Jan 17, 2021	54233	75	6278	6362
Jan 18, 2021	53405	69	6207	6384
Jan 19, 2021	53513	89	5945	5929
Jan 20, 2021	52413	98	6309	6737
Jan 21, 2021	50593	79	6420	7127
Jan 22, 2021	49310	91	6608	6799
Jan 23, 2021	48220	85	6527	6319
Jan 24, 2021	47086	71	6573	6276
Jan 25, 2021	45769	82	6317	6297
Jan 26, 2021	45202	70	6268	6096
Jan 27, 2021	43690	79	6597	6512
Jan 28, 2021	41975	72	6820	6399
Jan 29, 2021	40852	79	6870	6519
Jan 30, 2021	39403	67	7033	7158
Jan 31, 2021	38692	80	7068	6254
Feb 01, 2021	37365	76	6983	6892
Feb 02, 2021	36035	57	7065	6194
Feb 03, 2021	34718	67	7321	6190
Feb 04, 2021	33608	89	7640	5739
Feb 05, 2021	32215	61	7585	6054
Feb 06, 2021	30885	65	7474	6180
Feb 07, 2021	29309	58	7298	6491
Feb 08, 2021	27738	74	7120	6473
Feb 09, 2021	25295	62	7390	5769
Feb 10, 2021	23207	83	7760	6570
Feb 11, 2021	20893	89	8011	6157
Feb 12, 2021	18756	67	8042	6712
Feb 13, 2021	16775	80	8066	6297
Feb 14, 2021	14760	77	8017	6307
Feb 15, 2021	13254	68	7922	6491
Feb 16, 2021	12799	74	7931	6791
Feb 17, 2021	12035	89	8263	6619
Feb 18, 2021	11337	91	8330	6931
Feb 19, 2021	10833	73	8270	6715
Feb 20, 2021	10489	94	8206	6914
Feb 21, 2021	10111	69	8103	6599
Feb 22, 2021	9892	81	7975	7151
Feb 23, 2021	9795	93	8010	6712
Feb 24, 2021	9629	108	8510	7055
Feb 25, 2021	9417	86	8495	7614
Feb 26, 2021	9125	86	8525	6612
Feb 27, 2021	9123	78	8404	6591
Feb 28, 2021	8857	81	8367	6809
Mar 01, 2021	8245	82	8212	6911
Mar 02, 2021	8048	93	8010	6872
Mar 03, 2021	7912	99	8313	7241
Mar 04, 2021	7677	81	8554	7050
Mar 05, 2021	7362	61	8603	7349
Mar 06, 2021	7334	88	8308	6841
Mar 07, 2021	7149	53	8088	7152
Mar 08, 2021	7083	73	7802	7409
Mar 09, 2021	6810	88	7593	7509
Mar 10, 2021	6669	100	7980	6911
Mar 11, 2021	6547	97	8380	6409
Mar 12, 2021	6450	65	7802	7591
Mar 13, 2021	6252	89	7530	7309
Mar 14, 2021	6075	68	7620	6813
Mar 15, 2021	5873	75	7540	7059
Mar 16, 2021	5561	73	7260	7701
Mar 17, 2021	5372	80	7357	7316
Mar 18, 2021	5299	74	7290	7317
Mar 19, 2021	5440	94	7605	7912
Mar 20, 2021	5384	97	7506	6513
Mar 21, 2021	5382	81	7980	6530
Mar 22, 2021	5200	85	8120	6117
Mar 23, 2021	5114	89	8751	6943
Mar 24, 2021	5043	81	9310	6988
Mar 25, 2021	5030	91	10250	7711
Mar 26, 2021	5030	96	10330	7706
Mar 27, 2021	5028	94	11750	8105
Mar 28, 2021	4965	117	11660	7269
Mar 29, 2021	4925	123	11420	8319
Mar 30, 2021	4994	161	11680	8526
Mar 31, 2021	5033	172	13890	8811
Apr 01, 2021	5053	174	17430	7805
Apr 02, 2021	5023	193	20954	8469
Apr 03, 2021	4822	185	22586	8151
Apr 04, 2021	4749	155	22478	8409
Apr 05, 2021	4699	193	19666	8101
Apr 06, 2021	4614	258	21063	8812
Apr 07, 2021	4518	274	23311	8679
Apr 08, 2021	4492	291	24760	8435
Apr 09, 2021	4459	304	25582	9057
Apr 10, 2021	4320	321	25078	8912
Apr 11, 2021	4217	328	25261	9110
Apr 12, 2021	4071	319	21312	9209
Apr 13, 2021	3995	405	21644	9709
Apr 14, 2021	4021	398	24346	10039
Apr 15, 2021	3929	395	25492	12456
Apr 16, 2021	3930	388	24886	11191
Apr 17, 2021	4063	453	24092	12670
Apr 18, 2021	4043	380	22904	11961
Apr 19, 2021	4020	374	18230	13212
Apr 20, 2021	3899	454	19165	13427
Apr 21, 2021	3900	496	21026	13632
Apr 22, 2021	3845	462	20963	13201
Apr 23, 2021	3903	434	21713	12614
Apr 24, 2021	3966	385	19899	14112
Apr 25, 2021	3925	407	19272	14712
Apr 26, 2021	3906	332	17080	14961
Apr 27, 2021	3814	394	18698	15891
Apr 28, 2021	3899	391	20732	14983
Apr 29, 2021	3897	344	20150	16257
Apr 30, 2021	3959	349	15872	16743
May 01, 2021	3896	338	18409	17101
May 02, 2021	3892	335	17076	16784
May 03, 2021	3868	283	13576	17637
May 04, 2021	3872	386	14141	16841
May 05, 2021	3895	351	18408	18265
May 06, 2021	3965	307	18133	16397
May 07, 2021	3984	366	16409	18292
May 08, 2021	4153	297	14246	17321
May 09, 2021	4284	202	10145	17490
May 10, 2021	4278	200	7723	17005
May 11, 2021	4372	303	11291	17890
May 12, 2021	4601	286	14319	17803
May 13, 2021	4809	310	13930	16307
May 14, 2021	5081	233	12789	14654
May 15, 2021	5299	229	12428	15271
May 16, 2021	5367	200	11250	15901
May 17, 2021	5367	187	8005	16023
May 18, 2021	5536	216	8631	14673
May 19, 2021	5662	251	11005	17894
May 20, 2021	5821	208	11873	14211
May 21, 2021	5876	163	10468	14922
May 22, 2021	5914	165	9994	14043
May 23, 2021	5887	184	10253	13963
May 24, 2021	5833	173	7107	14676
May 25, 2021	5819	198	8876	16711
May 26, 2021	5961	217	11042	17401
May 27, 2021	6058	171	10687	13712
May 28, 2021	6192	161	11620	14781
May 29, 2021	6276	170	9657	16495
May 30, 2021	6281	155	9209	17156
May 31, 2021	6327	128	6442	18912
Jun 01, 2021	6412	122	5612	16512
Jun 02, 2021	6617	120	4907	14799
Jun 03, 2021	6812	179	8846	13795
Jun 04, 2021	7184	157	10598	14390
Jun 05, 2021	7563	153	12398	15309
Jun 06, 2021	7708	124	9966	13571
Jun 07, 2021	7794	115	7444	12291
Jun 08, 2021	8052	187	8195	12419
Jun 09, 2021	8242	119	10715	21409
Jun 10, 2021	8449	134	10216	12711
Jun 11, 2021	8827	129	10487	15479
Jun 12, 2021	9091	139	10291	12511
Jun 13, 2021	9414	127	10100	13809
Jun 14, 2021	9533	108	6448	16609
Jun 15, 2021	9651	111	8161	13224
Jun 16, 2021	9868	136	10485	12309
Jun 17, 2021	10029	116	11716	13869
Jun 18, 2021	10214	112	11059	13401
Jun 19, 2021	10461	144	11734	12307
Jun 20, 2021	10491	115	10820	11909
Jun 21, 2021	10521	123	7034	11476
Jun 22, 2021	10857	134	9758	12309
Jun 23, 2021	11081	140	12351	13091
Jun 24, 2021	11369	142	12717	12490
Jun 25, 2021	11653	137	11748	13109
Jun 26, 2021	11814	125	14303	12929
Jun 27, 2021	11988	127	13836	12409
Jun 28, 2021	12132	111	8341	14219
Jun 29, 2021	12389	165	13781	14567
Jun 30, 2021	12530	157	16025	13111
Jul 01, 2021	12760	146	16080	12201
Jul 02, 2021	12832	166	17212	12690
Jul 03, 2021	13146	136	23391	11436
Jul 04, 2021	13256	146	16596	14608
Jul 05, 2021	12711	151	11664	12712
Jul 06, 2021	13501	165	17664	14235
Jul 07, 2021	13540	182	20829	13198
Jul 08, 2021	13600	166	22750	14176
Jul 09, 2021	13635	184	23371	14895
Jul 10, 2021	13555	201	23655	15821
Jul 11, 2021	13539	199	21885	15630
Jul 12, 2021	13637	175	15139	14619
Jul 13, 2021	13281	195	22184	13783
Jul 14, 2021	13643	213	25441	16074
Jul 15, 2021	13684	250	27444	15601
Jul 16, 2021	13636	213	27379	16731
Jul 17, 2021	13502	226	20313	16711
Jul 18, 2021	13424	210	21814	17593
Jul 19, 2021	13448	259	18632	16181
Jul 20, 2021	13133	268	27146	17112
Jul 21, 2021	13065	322	31814	18190
Jul 22, 2021	13064	357	34951	16309
Jul 23, 2021	13089	303	33817	18727
Jul 24, 2021	13117	292	34433	17684
Jul 25, 2021	13195	270	24715	17490
Jul 26, 2021	12998	286	19846	17633
Jul 27, 2021	12828	366	32511	18184
Jul 28, 2021	12738	411	37189	18902
Jul 29, 2021	12629	378	39019	19298
Jul 30, 2021	12387	409	39357	18909
Jul 31, 2021	12569	434	38674	17923
Aug 01, 2021	12505	458	34913	19338
Aug 02, 2021	12260	387	26439	20117
Aug 03, 2021	11958	542	39619	20148
Aug 04, 2021	11808	588	40808	22967
Aug 05, 2021	11461	508	39139	24703
Aug 06, 2021	11142	536	42541	22795
Aug 07, 2021	10903	568	39049	23772
Aug 08, 2021	11228	527	39119	26540
Aug 09, 2021	11194	466	29700	25738
Aug 10, 2021	11006	620	36736	26911
Aug 11, 2021	10992	655	41194	28792
Aug 12, 2021	10964	625	50228	27513
Aug 13, 2021	10729	583	39174	26299
Aug 14, 2021	10654	564	31266	28112
Aug 15, 2021	10555	555	28833	28217
Aug 16, 2021	10397	544	24179	29331
Aug 17, 2021	9964	684	36419	27639
Aug 18, 2021	9843	610	38657	26441
Aug 19, 2021	9803	709	40623	27628
Aug 20, 2021	9539	665	39983	34612
Aug 21, 2021	9378	694	36758	29664
Aug 22, 2021	9304	571	36279	28552
Aug 23, 2021	9105	614	26034	32187
Aug 24, 2021	8686	581	31516	27633
Aug 25, 2021	8582	669	33780	32178
Aug 26, 2021	8245	643	31319	31969
Aug 27, 2021	8081	599	33170	32107
Aug 28, 2021	8026	595	30279	29644
Aug 29, 2021	7965	561	27621	28663
Aug 30, 2021	7890	515	20404	30522
Aug 31, 2021	7479	610	25870	31388
Sep 01, 2021	7354	583	27579	32193
Sep 02, 2021	7093	635	27138	32503
Sep 03, 2021	6797	538	26854	30881
Sep 04, 2021	6537	505	26821	29922
Sep 05, 2021	6371	445	21114	31269
Sep 06, 2021	6182	444	16654	28657
Sep 07, 2021	5934	487	20219	30911
Sep 08, 2021	5680	448	22541	28163
Sep 09, 2021	5490	408	22329	28091
Sep 10, 2021	5270	452	19731	28514
Sep 11, 2021	4685	453	18021	29817
Sep 12, 2021	4893	364	17605	28979
Sep 13, 2021	4865	355	12847	29812
Sep 14, 2021	4642	391	15975	27531
Sep 15, 2021	4461	344	17397	28146
Sep 16, 2021	4327	379	17564	25491
Sep 17, 2021	4199	286	17433	28701
Sep 18, 2021	4059	317	16362	28102
Sep 19, 2021	4307	284	15294	27119
Sep 20, 2021	4455	280	10843	27106
Sep 21, 2021	3890	288	13792	27548
Sep 22, 2021	3887	289	14470	26094
Sep 23, 2021	3558	239	11701	25011
Sep 24, 2021	3763	272	13271	23102
Sep 25, 2021	3673	268	14078	23109
Sep 26, 2021	3573	235	14525	22011
Sep 27, 2021	3564	217	10135	22011
Sep 28, 2021	3420	229	12428	21564
Sep 29, 2021	3314	238	14607	22019
Sep 30, 2021	3295	216	13226	21859
Oct 01, 2021	3214	216	10497	21931
Oct 02, 2021	3137	233	11625	20145
Oct 03, 2021	3095	185	9897	20169
Oct 04, 2021	3032	173	7654	20091
Oct 05, 2021	2925	222	11256	17161
Oct 06, 2021	2822	276	13504	16951
Oct 07, 2021	2781	213	13391	16097
Oct 08, 2021	2717	194	12298	15419
Oct 09, 2021	2688	223	11964	16484
Oct 10, 2021	2605	197	11857	16011
Oct 11, 2021	2709	181	7515	15946
Oct 12, 2021	2508	199	11396	14819
Oct 13, 2021	2443	181	11844	15849
Oct 14, 2021	2440	167	13308	14357
Oct 15, 2021	2430	162	11770	15011
Oct 16, 2021	2368	178	11788	14116
Oct 17, 2021	2306	165	11064	9196
Oct 18, 2021	2315	124	7081	14179
Oct 19, 2021	2256	171	9174	13706
Oct 20, 2021	2319	140	7516	14286
Oct 21, 2021	2316	156	9096	13021
Oct 22, 2021	2324	197	10644	14369
Oct 23, 2021	2277	159	11409	13826
Oct 24, 2021	2276	123	9893	13291
Oct 25, 2021	2299	128	6809	13261
Oct 26, 2021	2283	177	8427	12086
Oct 27, 2021	2257	153	9857	13291
Oct 28, 2021	2202	160	10104	13117
Oct 29, 2021	2183	147	10363	12952
Oct 30, 2021	2174	158	9862	14126
Oct 31, 2021	2304	132	8633	13116
Nov 01, 2021	2100	120	6803	12736
Nov 02, 2021	2020	126	7554	12682
Nov 03, 2021	1913	140	8341	13602
Nov 04, 2021	1776	112	8305	13295
Nov 05, 2021	1700	135	7948	14299
Nov 06, 2021	1651	123	7539	13219
Nov 07, 2021	1634	109	7322	13696
Nov 08, 2021	1641	124	4306	14136
Nov 09, 2021	1627	125	6143	13785
Nov 10, 2021	1642	105	7494	13066
Nov 11, 2021	1582	134	6430	14209
Nov 12, 2021	1665	125	6251	12802
Nov 13, 2021	1756	103	5882	12491
Nov 14, 2021	1805	100	5784	12304
Nov 15, 2021	1848	118	3539	12640
Nov 16, 2021	1918	104	4340	13288
Nov 17, 2021	2155	89	5427	12306
Nov 18, 2021	2357	140	5144	12891
Nov 19, 2021	2244	95	4813	11985
Nov 20, 2021	2403	96	4850	12062
Nov 21, 2021	2428	86	4384	11635
Nov 22, 2021	2455	87	3045	12029
Nov 23, 2021	2468	80	3781	11936
Nov 24, 2021	2541	82	4310	11628
Nov 25, 2021	2603	119	4253	11217
Nov 26, 2021	2664	82	4312	11196
Nov 27, 2021	2660	76	3839	10182
Nov 28, 2021	2693	78	3603	10193
Nov 29, 2021	2648	58	2157	10029
Nov 30, 2021	2551	76	3109	9104
Dec 01, 2021	2623	77	3356	8958
Dec 02, 2021	2704	79	3514	7369
Dec 03, 2021	2756	90	3309	7298
Dec 04, 2021	2797	78	3228	7117
Dec 05, 2021	2841	79	2971	7186
Dec 06, 2021	3018	58	1681	6473
Dec 07, 2021	2995	61	2289	6492
Dec 08, 2021	3089	42	2706	6958
Dec 09, 2021	3018	67	2784	6592
Dec 10, 2021	2927	52	2651	6356
Dec 11, 2021	3078	63	2500	6218
Dec 12, 2021	3110	46	2196	5813
Dec 13, 2021	3270	41	1361	5162
Dec 14, 2021	3486	50	1968	5169
Dec 15, 2021	3610	41	2390	5163
Dec 16, 2021	3694	43	2413	4836
Dec 17, 2021	3866	44	2103	4126
Dec 18, 2021	3987	51	1932	4417
Dec 19, 2021	4094	44	1967	5212
Dec 20, 2021	4149	42	1121	3206
Dec 21, 2021	4322	52	1857	3629
Dec 22, 2021	4657	34	1967	3019
Dec 23, 2021	5232	40	2128	2807
Dec 24, 2021	5858	53	1905	2061
Dec 25, 2021	6365	45	1936	2167
Dec 26, 2021	6632	34	1703	2117
Dec 27, 2021	6946	33	1002	2137
Dec 28, 2021	7858	41	1510	1983
Dec 29, 2021	8789	22	1677	2206
Dec 30, 2021	11064	34	1706	2269
Dec 31, 2021	12868	42	1171	2081
Jan 01, 2022	14363	24	1579	1726
Jan 02, 2022	14825	19	1178	1692
Jan 03, 2022	16046	26	701	1658
Jan 04, 2022	18673	31	1480	1643
Jan 05, 2022	22352	37	1932	1638
Jan 06, 2022	26157	25	1961	1429
Jan 07, 2022	30285	32	2089	1526
Jan 08, 2022	34178	30	2394	1329
Jan 09, 2022	37578	24	2539	1429
Jan 10, 2022	39824	18	1421	1429
Jan 11, 2022	34013	31	2292	1963
Jan 12, 2022	38932	20	3163	1953
Jan 13, 2022	45743	18	3653	2094
Jan 14, 2022	55069	19	4060	1953
Jan 15, 2022	54768	20	4658	2013
Jan 16, 2022	56965	20	5276	2173
Jan 17, 2022	57203	30	3503	2164
Jan 18, 2022	62918	28	5144	2234
Jan 19, 2022	69369	21	7691	2195
Jan 20, 2022	77438	23	9378	2318
Jan 21, 2022	84113	29	11851	2294
Jan 22, 2022	85828	30	14285	2319
Jan 23, 2022	83343	23	16757	2416
Jan 24, 2022	79281	24	11731	2314
Jan 25, 2022	78914	44	21996	3294
Jan 26, 2022	81848	30	28995	3513
Jan 27, 2022	83933	50	35070	3534
Jan 28, 2022	79445	59	38160	3261
Jan 29, 2022	75079	61	37395	3615
Jan 30, 2022	68736	57	36908	4152
Jan 31, 2022	61407	64	23130	4173
Feb 01, 2022	57436	85	35429	4519
Feb 02, 2022	53444	104	39819	6219
Feb 03, 2022	56199	114	38757	9213
Feb 04, 2022	50800	116	39085	8126
Feb 05, 2022	46023	130	33681	14216
Feb 06, 2022	41091	143	31247	18679
Feb 07, 2022	36499	133	18598	20159
Feb 08, 2022	33763	148	25812	24163
Feb 09, 2022	32521	168	28956	22174
Feb 10, 2022	31723	167	25034	22157
Feb 11, 2022	28256	185	16310	21034
Feb 12, 2022	25127	182	17545	17453
Feb 13, 2022	21713	187	19317	28473
Feb 14, 2022	19012	191	12058	24342
Feb 15, 2022	17596	242	16967	22136
Feb 16, 2022	10786	236	19110	29143
Feb 17, 2022	11241	223	22073	24567
Feb 18, 2022	12190	227	15340	31241
Feb 19, 2022	12288	226	12957	31291
Feb 20, 2022	11402	214	11972	27516
Feb 21, 2022	9882	224	7039	22317
Feb 22, 2022	9152	241	9524	21623
Feb 23, 2022	8715	207	10962	18392
Feb 24, 2022	8596	226	9312	22649
Feb 25, 2022	7749	203	6234	14216
Feb 26, 2022	7108	172	6772	17493
Feb 27, 2022	6370	154	6470	18062
Feb 28, 2022	5559	154	4089	13514
Mar 01, 2022	4988	201	5586	12376
Mar 02, 2022	4603	168	6426	18416
Mar 03, 2022	4536	144	5841	12637
Mar 04, 2022	4221	173	5008	9873
Mar 05, 2022	3912	139	6424	11314
Mar 06, 2022	3308	120	3953	9493
Mar 07, 2022	3113	139	2219	7259
Mar 08, 2022	3030	118	3330	7164
Mar 09, 2022	3005	114	3813	7658
Mar 10, 2022	3066	117	3223	6379
Mar 11, 2022	3065	109	3010	5926
Mar 12, 2022	3036	98	2580	5752
Mar 13, 2022	2710	91	2175	5984
Mar 14, 2022	2420	72	1323	5921
Mar 15, 2022	2386	60	1814	6496
Mar 16, 2022	2435	52	1258	6731
Mar 17, 2022	2557	73	1120	6924
Mar 18, 2022	2449	67	1123	5167
Mar 19, 2022	2474	63	1345	5349
Mar 20, 2022	2407	52	1530	6193
Mar 21, 2022	2265	54	1382	4637
Mar 22, 2022	2412	50	2299	4370
Mar 23, 2022	2595	42	2915	4382
Mar 24, 2022	2754	46	2743	4127
Mar 25, 2022	2725	49	2987	4295
Mar 26, 2022	2677	46	2487	4291
Mar 27, 2022	2550	36	2264	3956
Mar 28, 2022	2414	37	1887	4526
Mar 29, 2022	2436	38	1275	5137
Mar 30, 2022	2523	53	3519	5207
Mar 31, 2022	2607	39	4615	4192
Apr 01, 2022	2523	44	4228	4196
Apr 02, 2022	2414	41	3800	4912
Apr 03, 2022	2240	36	3184	3826
Apr 04, 2022	2108	49	1757	5193
Apr 05, 2022	2209	39	2894	4136
Apr 06, 2022	2000	34	3125	4636
Apr 07, 2022	2110	28	2737	5234
Apr 08, 2022	2328	33	2356	3967
Apr 09, 2022	2287	33	2194	4926
Apr 10, 2022	2019	33	1994	3769
Apr 11, 2022	2086	23	1015	4413
Apr 12, 2022	2236	29	1895	3467
Apr 13, 2022	2467	25	2009	4155
Apr 14, 2022	2648	23	1820	3816
Apr 15, 2022	2569	19	1607	3740
Apr 16, 2022	2469	23	1413	3624
Apr 17, 2022	2395	11	1096	3102
Apr 18, 2022	2302	32	608	3061
Apr 19, 2022	2519	13	528	2934
Apr 20, 2022	3037	21	1077	3104
Apr 21, 2022	3133	28	1307	2925
Apr 22, 2022	3328	17	1009	3021
Apr 23, 2022	3472	17	969	2963
Apr 24, 2022	3438	14	719	2516
Apr 25, 2022	3438	11	532	2816
Apr 26, 2022	4008	13	655	2861
Apr 27, 2022	4617	18	697	2613
Apr 28, 2022	5242	17	571	2723
Apr 29, 2022	5635	7	252	3019
Apr 30, 2022	6066	7	228	3014
May 01, 2022	6766	12	375	2842
May 02, 2022	6303	8	270	2643
May 03, 2022	6483	12	488	2856
May 04, 2022	7939	12	570	2193
May 05, 2022	9669	3	460	2659
May 06, 2022	10766	6	453	2549
May 07, 2022	12566	3	371	3162
May 08, 2022	13326	8	385	2811
May 09, 2022	13732	7	255	2467
May 10, 2022	16104	8	368	2072
May 11, 2022	18644	8	383	2013
May 12, 2022	21413	4	352	1894
May 13, 2022	23654	8	288	2191
May 14, 2022	24653	9	280	1967
May 15, 2022	24617	9	228	2076
May 16, 2022	24129	9	159	1876
May 17, 2022	25630	3	312	1946
May 18, 2022	27343	7	268	1758
May 19, 2022	29478	7	268	1864
May 20, 2022	29289	5	293	1857
May 21, 2022	29133	3	217	1774
May 22, 2022	28014	6	185	1812
May 23, 2022	26614	4	103	1738
May 24, 2022	27455	2	175	1806
May 25, 2022	29029	2	240	1783
May 26, 2022	30857	5	232	1746
May 27, 2022	30613	3	234	1628
May 28, 2022	30164	0	175	1637
May 29, 2022	28740	3	171	1681
May 30, 2022	27280	7	64	1625
May 31, 2022	27994	3	53	1582
Jun 01, 2022	29106	1	59	1253
Jun 02, 2022	30813	7	139	1212
Jun 03, 2022	29962	3	188	1103
Jun 04, 2022	29395	1	202	901
Jun 05, 2022	27709	0	153	713
Jun 06, 2022	26026	6	56	710
Jun 07, 2022	26583	1	160	511
Jun 08, 2022	27476	2	192	511
Jun 09, 2022	28046	1	162	411
Jun 10, 2022	26819	4	179	316
Jun 11, 2022	25692	3	146	307
Jun 12, 2022	23615	1	156	281
Jun 13, 2022	21621	2	74	274
Jun 14, 2022	21050	0	160	211
Jun 15, 2022	21130	3	231	196
Jun 16, 2022	21230	4	187	163
Jun 17, 2022	19220	3	265	186
Jun 18, 2022	18298	4	256	163
Jun 19, 2022	16825	2	232	176
Jun 20, 2022	15328	4	136	191
Jun 21, 2022	15285	2	297	176
Jun 22, 2022	15887	1	352	159
Jun 23, 2022	16758	0	443	204
Jun 24, 2022	16095	0	441	164
Jun 25, 2022	15828	3	529	211
Jun 26, 2022	15141	1	463	234
Jun 27, 2022	14153	0	251	237
Jun 28, 2022	14520	6	717	211
Jun 29, 2022	15188	8	1007	248
Jun 30, 2022	15780	4	1084	194
Jul 01, 2022	15080	5	1271	198
Jul 02, 2022	14513	7	1775	237
Jul 03, 2022	13537	7	2013	193
Jul 04, 2022	14221	2	894	173
Jul 05, 2022	15954	10	2375	194
Jul 06, 2022	17711	5	1453	193
Jul 07, 2022	19404	7	3588	203
Jul 08, 2022	13426	5	5000	188
Jul 09, 2022	13137	8	5234	654
Jul 10, 2022	12561	13	4772	0
Jul 11, 2022	11783	9	2704	389
Jul 12, 2022	12138	13	5751	516
Jul 13, 2022	12509	14	5687	486
Jul 14, 2022	12533	19	5377	693
Jul 15, 2022	11928	32	7093	526
Jul 16, 2022	11375	29	7915	643
Jul 17, 2022	10536	31	7851	653
Jul 18, 2022	9625	26	6921	673
Jul 19, 2022	9468	34	8831	716
Jul 20, 2022	9764	33	9775	626
Jul 21, 2022	9927	41	11035	643
Jul 22, 2022	9154	37	10526	711
Jul 23, 2022	8732	42	9456	783
Jul 24, 2022	8616	54	7849	1024
Jul 25, 2022	8497	46	4505	829
Jul 26, 2022	8377	61	9727	924
Jul 27, 2022	8261	62	9699	938
Jul 28, 2022	8141	74	9350	1245
Jul 29, 2022	8024	75	8540	1137
Jul 30, 2022	7906	81	7415	1342
Jul 31, 2022	7905	47	5455	1659
Aug 01, 2022	7905	61	3460	2419
Aug 02, 2022	7905	63	5477	2619
Aug 03, 2022	7905	54	3379	3954
Aug 04, 2022	7905	49	2343	4628
Aug 05, 2022	7905	90	5635	4619
Aug 06, 2022	7906	84	7396	5973
Aug 07, 2022	7454	68	6404	6438
Aug 08, 2022	7040	55	3315	8197
Aug 09, 2022	7433	83	6279	9648
Aug 10, 2022	8048	71	7348	9537
Aug 11, 2022	8565	78	5972	10597
Aug 12, 2022	8450	67	4824	10714
Aug 13, 2022	8551	62	4527	10241
Aug 14, 2022	8492	66	3690	9258
Aug 15, 2022	8433	44	1835	9248
Aug 16, 2022	8374	55	3245	11420
Aug 17, 2022	8315	62	4087	8824
Aug 18, 2022	8257	56	3228	8134
Aug 19, 2022	8198	45	2667	7649
Aug 20, 2022	8139	62	2378	7291
Aug 21, 2022	8038	35	2019	8163
Aug 22, 2022	7937	37	976	7647
Aug 23, 2022	7836	44	1693	7437
Aug 24, 2022	7735	48	1966	7016
Aug 25, 2022	7634	44	1871	7113
Aug 26, 2022	7533	47	1462	6634
Aug 27, 2022	7431	27	1364	6419
Aug 28, 2022	7949	23	1067	4673
Aug 29, 2022	8467	30	532	3816
Aug 30, 2022	8985	48	1163	4117
Aug 31, 2022	9504	24	1095	3286
Sep 01, 2022	10023	29	1090	2813
Sep 02, 2022	10542	37	945	2394
Sep 03, 2022	5234	23	864	2116
Sep 04, 2022	5577	27	700	2135
Sep 05, 2022	5920	19	344	1319
Sep 06, 2022	6263	24	696	1091
Sep 07, 2022	6606	21	877	984
Sep 08, 2022	6949	22	618	917
Sep 09, 2022	7292	22	646	943
Sep 10, 2022	3449	15	624	882
Sep 11, 2022	3674	15	644	881
Sep 12, 2022	3899	14	303	846
Sep 13, 2022	4125	14	289	821
Sep 14, 2022	4350	18	726	743
Sep 15, 2022	4589	25	992	707
Sep 16, 2022	4815	14	811	743
Sep 17, 2022	2260	6	504	637
Sep 18, 2022	2395	3	421	517
Sep 19, 2022	2532	15	397	514
Sep 20, 2022	2687	12	416	411
Sep 21, 2022	2813	8	308	429
Sep 22, 2022	3007	7	309	394
Sep 23, 2022	3131	7	262	388
Sep 24, 2022	1496	5	352	389
Sep 25, 2022	1496	5	328	377
Sep 26, 2022	1496	3	538	382
Sep 27, 2022	1496	10	400	317
Sep 28, 2022	1496	9	435	311
Sep 29, 2022	1496	10	380	281
Sep 30, 2022	1496	8	290	311
Oct 01, 2022	1496	3	165	284
Oct 02, 2022	1496	2	166	262
Oct 03, 2022	1072	7	335	249
Oct 04, 2022	1072	8	323	210
Oct 05, 2022	1072	4	724	188
Oct 06, 2022	1072	8	408	194
Oct 07, 2022	1072	4	357	184
Oct 08, 2022	1072	4	285	192
Oct 09, 2022	1072	4	155	204
Oct 10, 2022	872	6	397	223
Oct 11, 2022	872	3	327	194
Oct 12, 2022	872	4	370	211
Oct 13, 2022	872	4	307	201
Oct 14, 2022	872	4	345	186
Oct 15, 2022	872	5	200	199
Oct 16, 2022	872	4	139	201
Oct 17, 2022	872	3	209	196
Oct 18, 2022	929	1	194	188
Oct 19, 2022	929	4	535	190
Oct 20, 2022	929	7	222	184
Oct 21, 2022	929	4	170	176
Oct 22, 2022	929	3	110	179
Oct 23, 2022	929	3	106	211
Oct 24, 2022	929	6	124	183
Oct 25, 2022	819	0	73	194
Oct 26, 2022	819	5	213	196
Oct 27, 2022	819	4	155	191
Oct 28, 2022	819	0	115	163
Oct 29, 2022	819	3	42	172
Oct 30, 2022	819	4	40	183
Oct 31, 2022	1006	5	76	173
Nov 01, 2022	1006	4	64	0
Nov 02, 2022	1006	4	360	364
Nov 03, 2022	1006	4	91	166
Nov 04, 2022	1006	1	97	166
Nov 05, 2022	1006	2	72	143
Nov 06, 2022	1006	2	50	177
Nov 07, 2022	1140	1	81	152
Nov 08, 2022	1140	2	57	159
Nov 09, 2022	1140	1	51	152
Nov 10, 2022	1140	0	54	141
Nov 11, 2022	1140	2	74	136
Nov 12, 2022	1140	2	35	134
Nov 13, 2022	1140	3	47	121
Nov 14, 2022	1594	5	47	116
Nov 15, 2022	1594	1	38	114
Nov 16, 2022	1594	1	72	113
Nov 17, 2022	1594	3	48	102
Nov 18, 2022	1594	2	30	82
Nov 19, 2022	1594	1	21	71
Nov 20, 2022	1594	0	25	71
Nov 21, 2022	3502	0	34	71
Nov 22, 2022	3502	0	63	53
Nov 23, 2022	3502	0	45	41
Nov 24, 2022	3502	0	30	35
Nov 25, 2022	3502	0	42	31
Nov 26, 2022	3502	1	31	38
Nov 27, 2022	3502	0	23	42
Nov 28, 2022	3502	3	39	33
Nov 29, 2022	7754	3	56	31
Nov 30, 2022	7754	5	69	29
Dec 01, 2022	7754	3	34	28
Dec 02, 2022	7754	1	41	31
Dec 03, 2022	7754	2	49	35
Dec 04, 2022	7754	1	19	29
Dec 05, 2022	9626	6	38	27
Dec 06, 2022	9626	0	57	26
Dec 07, 2022	9626	0	55	32
Dec 08, 2022	9626	0	30	29
Dec 09, 2022	9626	0	47	24
Dec 10, 2022	9626	1	29	33
Dec 11, 2022	9626	0	49	36
Dec 12, 2022	9342	2	17	0
Dec 13, 2022	9342	3	55	60
Dec 14, 2022	9342	0	75	27
Dec 15, 2022	9342	3	62	0
Dec 16, 2022	9342	5	48	59
Dec 17, 2022	9342	0	38	27
Dec 18, 2022	9342	1	21	33
Dec 19, 2022	6761	0	43	36
Dec 20, 2022	6761	1	61	29
Dec 21, 2022	6761	1	60	27
Dec 22, 2022	6761	2	35	33
Dec 23, 2022	6761	0	60	33
Dec 24, 2022	6761	5	51	37
Dec 25, 2022	6761	0	60	26
Dec 26, 2022	6761	3	82	33
Dec 27, 2022	4076	3	73	36
Dec 28, 2022	4076	5	96	38
Dec 29, 2022	4076	3	119	34
Dec 30, 2022	4076	0	113	41
Dec 31, 2022	4076	3	83	33
Jan 01, 2023	4076	5	77	41
Jan 02, 2023	4076	2	107	38
Jan 03, 2023	2999	2	117	36
Jan 04, 2023	2999	2	135	30
Jan 05, 2023	2999	7	109	42
Jan 06, 2023	2999	3	106	41
Jan 07, 2023	2999	2	96	36
Jan 08, 2023	2999	1	75	46
Jan 09, 2023	2999	1	49	35
Jan 10, 2023	2086	3	115	51
Jan 11, 2023	2086	0	145	42
Jan 12, 2023	2086	1	113	38
Jan 13, 2023	2086	0	130	36
Jan 14, 2023	2086	2	98	48
Jan 15, 2023	2086	2	71	52
Jan 16, 2023	1538	2	106	39
Jan 17, 2023	1538	1	112	54
Jan 18, 2023	1538	2	120	46
Jan 19, 2023	1538	4	118	49
Jan 20, 2023	1538	3	105	38
Jan 21, 2023	1538	0	97	47
Jan 22, 2023	1538	0	98	42
Jan 23, 2023	1122	0	123	53
Jan 24, 2023	1122	3	100	46
Jan 25, 2023	1122	0	106	63
Jan 26, 2023	1122	2	98	63
Jan 27, 2023	1122	2	117	48
Jan 28, 2023	1122	1	84	54
Jan 29, 2023	1122	2	63	63
Jan 30, 2023	1122	2	49	53
Jan 31, 2023	899	1	93	64
Feb 01, 2023	899	7	125	54
Feb 02, 2023	899	4	144	56
Feb 03, 2023	899	3	119	46
Feb 04, 2023	899	4	109	57
Feb 05, 2023	899	4	114	43
Feb 06, 2023	747	0	24	63
Feb 07, 2023	747	2	161	64
Feb 08, 2023	747	2	126	63
Feb 09, 2023	747	5	187	64
Feb 10, 2023	747	1	178	0
Feb 11, 2023	747	4	222	122
Feb 12, 2023	747	0	0	61
Feb 13, 2023	617	4	46	71
Feb 14, 2023	617	7	159	72
Feb 15, 2023	617	8	333	71
Feb 16, 2023	617	5	358	0
Feb 17, 2023	617	7	260	0
Feb 18, 2023	617	4	52	214
Feb 19, 2023	617	4	87	70
Feb 20, 2023	617	3	59	61
Feb 21, 2023	617	7	83	73
Feb 22, 2023	617	3	122	68
Feb 23, 2023	525	0	82	66
Feb 24, 2023	525	13	997	57
Feb 25, 2023	525	6	358	76
Feb 26, 2023	525	3	222	78
Feb 27, 2023	370	11	286	82
Feb 28, 2023	370	15	463	92
Mar 01, 2023	370	9	511	61
Mar 02, 2023	370	5	609	54
Mar 03, 2023	370	15	644	69
Mar 04, 2023	370	19	763	63
Mar 05, 2023	370	15	569	92
Mar 06, 2023	598	13	686	73
Mar 07, 2023	598	12	957	94
Mar 08, 2023	598	12	956	124
Mar 09, 2023	598	16	976	96
Mar 10, 2023	598	16	990	96
Mar 11, 2023	598	11	815	0
Mar 12, 2023	598	18	363	0
Mar 13, 2023	598	18	845	0
Mar 14, 2023	697	19	942	0
Mar 15, 2023	697	22	743	0
Mar 16, 2023	697	20	781	0
Mar 17, 2023	697	63	2149	0
Mar 18, 2023	697	0	0	0
Mar 19, 2023	697	0	0	2211
Mar 20, 2023	888	24	0	0
Mar 21, 2023	888	0	0	0
Mar 22, 2023	888	29	891	0
Mar 23, 2023	888	25	0	0
Mar 24, 2023	888	0	1036	0
Mar 25, 2023	888	0	1073	0
Mar 26, 2023	888	22	1009	0
Mar 27, 2023	888	0	0	0
Mar 28, 2023	888	0	0	0
Mar 29, 2023	888	0	0	0
Mar 30, 2023	1093	95	3715	0
Mar 31, 2023	1093	45	1666	0
Apr 01, 2023	1093	30	1103	0
Apr 02, 2023	1093	0	0	0
Apr 03, 2023	1093	68	2074	0
Apr 04, 2023	1093	37	884	0
Apr 05, 2023	951	0	0	0
Apr 06, 2023	951	0	0	0
Apr 07, 2023	951	116	2710	0
Apr 08, 2023	951	32	829	0
Apr 09, 2023	951	28	888	0
Apr 10, 2023	951	34	358	0
Apr 11, 2023	951	27	324	0
Apr 12, 2023	951	29	606	0
Apr 13, 2023	548	0	0	0
Apr 14, 2023	548	28	553	0
Apr 15, 2023	548	26	452	0
Apr 16, 2023	548	23	403	0
Apr 17, 2023	548	0	0	0
Apr 18, 2023	548	0	0	0
Apr 19, 2023	548	72	1136	0
Apr 20, 2023	614	36	836	0
Apr 21, 2023	614	19	326	0
Apr 22, 2023	614	17	341	0
Apr 23, 2023	614	0	0	0
Apr 24, 2023	614	0	0	0
Apr 25, 2023	614	0	0	0
Apr 26, 2023	614	39	724	0
Apr 27, 2023	558	11	219	0
Apr 28, 2023	558	10	247	0
Apr 29, 2023	558	11	187	0
Apr 30, 2023	558	0	0	0
May 01, 2023	558	0	0	0
May 02, 2023	558	36	801	0
May 03, 2023	521	8	138	0
May 04, 2023	521	7	139	0
May 05, 2023	521	8	134	0
May 06, 2023	521	0	0	0
May 07, 2023	521	0	0	0
May 08, 2023	521	12	254	0
May 09, 2023	521	4	89	0
May 10, 2023	583	0	0	0
May 11, 2023	583	0	0	0
May 12, 2023	583	0	0	0
May 13, 2023	583	0	0	0
May 14, 2023	583	0	0	0
May 15, 2023	583	26	462	0
May 16, 2023	583	6	86	0
May 17, 2023	585	6	59	0
May 18, 2023	585	3	90	0
May 19, 2023	585	4	71	22259
May 20, 2023	585	1	46	121
May 21, 2023	585	1	26	106
May 22, 2023	585	2	67	129
May 23, 2023	585	2	82	113
May 24, 2023	585	1	38	123
May 25, 2023	585	1	40	135
May 26, 2023	585	0	0	137
May 27, 2023	585	1	24	139
May 28, 2023	585	5	122	135
May 29, 2023	585	4	42	127
May 30, 2023	585	0	0	0
May 31, 2023	751	2	24	124
Jun 01, 2023	751	4	46	0
Jun 02, 2023	751	5	64	354
Jun 03, 2023	751	2	48	0
Jun 04, 2023	751	1	17	0
Jun 05, 2023	751	1	35	330
Jun 06, 2023	751	2	17	126
Jun 07, 2023	1123	4	29	143
Jun 08, 2023	1123	1	23	0
Jun 09, 2023	1123	1	29	227
Jun 10, 2023	1123	0	17	132
Jun 11, 2023	1123	0	0	92
Jun 12, 2023	1123	0	0	98
Jun 13, 2023	1123	1	45	0
Jun 14, 2023	1152	0	27	226
Jun 15, 2023	1152	0	0	0
Jun 16, 2023	1152	0	0	0
Jun 17, 2023	1152	0	0	0
Jun 18, 2023	1152	0	0	530
Jun 19, 2023	1152	0	0	0
Jun 20, 2023	1152	1	43	0
Jun 21, 2023	1152	0	19	0
Jun 22, 2023	1152	0	0	0
Jun 23, 2023	1152	0	0	0
Jun 24, 2023	1152	0	0	0
Jun 25, 2023	1152	0	0	292
Jun 26, 2023	1152	0	0	0
Jun 27, 2023	1152	3	153	0
Jun 28, 2023	1152	0	11	0
Jun 29, 2023	1152	0	0	0
Jun 30, 2023	1152	5	37	0
Jul 01, 2023	1152	1	22	0
Jul 02, 2023	1152	0	0	1185
Jul 03, 2023	779	0	17	0
Jul 04, 2023	779	0	8	0
Jul 05, 2023	779	0	0	369
Jul 06, 2023	779	0	0	0
Jul 07, 2023	779	0	0	0
Jul 08, 2023	779	0	0	0
Jul 09, 2023	779	0	0	0
Jul 10, 2023	779	0	0	0
Jul 11, 2023	779	0	0	0
Jul 12, 2023	544	0	0	0
Jul 13, 2023	544	1	64	0
Jul 14, 2023	544	2	8	0
Jul 15, 2023	544	0	0	0
Jul 16, 2023	544	0	0	0
Jul 17, 2023	544	0	0	796
Jul 18, 2023	544	0	0	0
Jul 19, 2023	422	2	132	0
Jul 20, 2023	422	1	20	0
Jul 21, 2023	422	0	0	0
Jul 22, 2023	422	0	0	0
Jul 23, 2023	422	3	31	1070
Jul 24, 2023	422	1	18	114
Jul 25, 2023	422	0	0	0
Jul 26, 2023	244	0	0	0
Jul 27, 2023	244	0	0	0
Jul 28, 2023	244	4	104	367
Jul 29, 2023	244	1	20	0
Jul 30, 2023	244	0	0	0
Jul 31, 2023	244	0	11	0
Aug 01, 2023	244	0	50	0
Aug 02, 2023	169	1	27	447
Aug 03, 2023	169	1	24	0
Aug 04, 2023	169	0	37	0
Aug 05, 2023	169	0	0	282
Aug 06, 2023	169	0	0	102
Aug 07, 2023	169	0	0	98
Aug 08, 2023	169	0	30	111
Aug 09, 2023	152	0	0	0
Aug 10, 2023	152	0	0	0
Aug 11, 2023	152	0	0	0
Aug 12, 2023	152	0	188	0
Aug 13, 2023	152	3	42	0
Aug 14, 2023	152	0	0	0
Aug 15, 2023	152	0	0	0
Aug 16, 2023	152	0	32	0
Aug 17, 2023	116	0	32	873
Aug 18, 2023	116	0	0	0
Aug 19, 2023	116	0	0	0
Aug 20, 2023	116	0	0	0
Aug 21, 2023	116	0	0	182
Aug 22, 2023	116	0	0	0
Aug 23, 2023	116	6	184	0
Aug 24, 2023	91	2	41	0
Aug 25, 2023	91	1	26	0
Aug 26, 2023	91	2	51	0
Aug 27, 2023	91	0	0	0
Aug 28, 2023	91	0	0	0
Aug 29, 2023	91	0	0	0
Aug 30, 2023	196	0	0	0
Aug 31, 2023	196	4	233	0
Sep 01, 2023	196	0	0	0
Sep 02, 2023	196	0	0	0
Sep 03, 2023	196	0	0	0
Sep 04, 2023	196	0	0	0
Sep 05, 2023	196	0	0	0
Sep 06, 2023	196	0	0	0
Sep 07, 2023	196	0	0	0
Sep 08, 2023	196	0	0	0
Sep 09, 2023	196	0	0	0
Sep 10, 2023	196	20	662	0
Sep 11, 2023	196	0	0	0
Sep 12, 2023	196	8	1093	0
Sep 13, 2023	84	0	0	0
Sep 14, 2023	84	0	0	2549
Sep 15, 2023	84	0	0	0
Sep 16, 2023	84	0	0	0
Sep 17, 2023	84	0	0	0
Sep 18, 2023	84	0	0	0
Sep 19, 2023	84	22	969	0
Sep 20, 2023	76	0	0	0
Sep 21, 2023	76	0	0	0
Sep 22, 2023	76	0	0	0
Sep 23, 2023	76	0	0	0
Sep 24, 2023	76	0	0	0
Sep 25, 2023	76	0	0	0
Sep 26, 2023	76	24	961	0
Sep 27, 2023	75	0	0	0
Sep 28, 2023	75	0	0	0
Sep 29, 2023	75	0	0	0
Sep 30, 2023	75	0	0	0
Oct 01, 2023	75	0	0	0
Oct 02, 2023	75	0	0	0
Oct 03, 2023	75	26	975	0
Oct 04, 2023	75	0	0	0
Oct 05, 2023	75	0	0	0
Oct 06, 2023	75	0	0	0
Oct 07, 2023	75	0	0	0
Oct 08, 2023	75	0	0	0
Oct 09, 2023	75	0	0	0
Oct 10, 2023	75	44	1254	0
Oct 11, 2023	75	0	0	0
Oct 12, 2023	75	0	0	0
Oct 13, 2023	75	0	0	0
Oct 14, 2023	75	0	0	0
Oct 15, 2023	75	0	0	0
Oct 16, 2023	75	0	0	0
Oct 17, 2023	75	0	0	0
Oct 18, 2023	75	50	1059	0
Oct 19, 2023	75	0	0	0
Oct 20, 2023	75	0	0	0
Oct 21, 2023	75	0	0	0
Oct 22, 2023	155	0	0	0
Oct 23, 2023	155	0	0	0
Oct 24, 2023	155	50	1087	0
Oct 25, 2023	155	0	0	0
Oct 26, 2023	155	0	0	0
Oct 27, 2023	155	0	0	0
Oct 28, 2023	155	0	0	0
Oct 29, 2023	155	0	0	0
Oct 30, 2023	155	0	0	0
Oct 31, 2023	155	53	934	0
Nov 01, 2023	155	0	0	0
Nov 02, 2023	155	0	0	0
Nov 03, 2023	155	0	0	0
Nov 04, 2023	155	0	0	0
Nov 05, 2023	155	0	0	0
Nov 06, 2023	155	0	0	0
Nov 07, 2023	155	29	653	0
Nov 08, 2023	155	0	0	0
Nov 09, 2023	155	0	0	0
Nov 10, 2023	155	0	0	0
Nov 11, 2023	155	0	0	0
Nov 12, 2023	155	0	0	0
Nov 13, 2023	155	0	0	0
Nov 14, 2023	155	26	398	0
Nov 15, 2023	155	0	0	0
Nov 16, 2023	155	0	0	0
Nov 17, 2023	155	0	0	0
Nov 18, 2023	155	0	0	0
Nov 19, 2023	82	0	0	0
Nov 20, 2023	82	0	0	0
Nov 21, 2023	82	17	295	0
Nov 22, 2023	82	0	0	0
Nov 23, 2023	82	0	0	0
Nov 24, 2023	82	0	0	0
Nov 25, 2023	82	0	0	0
Nov 26, 2023	82	0	0	0
Nov 27, 2023	82	0	0	0
Nov 28, 2023	82	19	292	0
Nov 29, 2023	82	0	0	0
Nov 30, 2023	82	0	0	0
Dec 01, 2023	82	0	0	0
Dec 02, 2023	82	0	0	0
Dec 03, 2023	82	0	0	0
Dec 04, 2023	82	0	0	0
Dec 05, 2023	82	0	0	0
Dec 06, 2023	82	0	0	0
Dec 07, 2023	82	0	0	0
Dec 08, 2023	82	0	0	0
Dec 09, 2023	82	0	0	0
Dec 10, 2023	82	0	0	0
Dec 11, 2023	82	0	0	0
Dec 12, 2023	82	17	461	0
Dec 13, 2023	82	0	0	0
Dec 14, 2023	82	0	0	0
Dec 15, 2023	82	0	0	0
Dec 16, 2023	82	0	0	0
Dec 17, 2023	82	0	0	0
Dec 18, 2023	82	0	0	0
Dec 19, 2023	82	10	132	0
Dec 20, 2023	82	0	0	0
Dec 21, 2023	82	0	0	0
Dec 22, 2023	82	0	0	0
Dec 23, 2023	82	0	0	0
Dec 24, 2023	2082	0	0	0
Dec 25, 2023	2082	0	0	0
Dec 26, 2023	2082	11	171	0
Dec 27, 2023	2082	0	0	0
Dec 28, 2023	2082	0	0	0
Dec 29, 2023	2082	0	0	0
Dec 30, 2023	2082	0	0	0
Dec 31, 2023	2388	0	0	0
Jan 01, 2024	2388	0	0	0
Jan 02, 2024	2388	0	182	0
Jan 03, 2024	2388	0	0	0
Jan 04, 2024	2388	0	0	0
Jan 05, 2024	2388	0	0	0
Jan 06, 2024	2388	0	0	0
Jan 07, 2024	4291	0	0	0
Jan 08, 2024	4291	0	0	0
Jan 09, 2024	4291	5	167	0
Jan 10, 2024	4291	0	0	0
Jan 11, 2024	4291	0	0	0
Jan 12, 2024	4291	0	0	0
Jan 13, 2024	4291	0	0	0
Jan 14, 2024	5323	0	0	0
Jan 15, 2024	5323	0	0	0
Jan 16, 2024	5323	10	210	0
Jan 17, 2024	5323	0	0	0
Jan 18, 2024	5323	0	0	0
Jan 19, 2024	5323	0	0	0
Jan 20, 2024	5323	0	0	0
Jan 21, 2024	5323	0	0	0
Jan 22, 2024	5323	0	0	0
Jan 23, 2024	5323	8	208	0
Jan 24, 2024	5323	0	0	0
Jan 25, 2024	5323	0	0	0
Jan 26, 2024	5323	0	0	0
Jan 27, 2024	5323	0	0	0
Jan 28, 2024	5323	0	0	0
Jan 29, 2024	5323	0	0	0
Jan 30, 2024	5323	14	297	0
Jan 31, 2024	5323	0	0	0
Feb 01, 2024	5323	0	0	0
Feb 02, 2024	5323	0	0	0
Feb 03, 2024	5323	0	0	0
Feb 04, 2024	108	0	0	0
Feb 05, 2024	108	0	0	0
Feb 06, 2024	108	0	0	0
Feb 07, 2024	108	0	0	0
Feb 08, 2024	108	0	0	0
Feb 09, 2024	108	0	0	0
Feb 10, 2024	108	0	0	0
Feb 11, 2024	108	0	0	0
Feb 12, 2024	108	0	0	0
Feb 13, 2024	108	12	659	0
Feb 14, 2024	108	0	0	0
Feb 15, 2024	108	0	0	0
Feb 16, 2024	108	0	0	0
Feb 17, 2024	108	0	0	0
Feb 18, 2024	108	0	0	0
Feb 19, 2024	108	0	0	0
Feb 20, 2024	108	0	0	0
Feb 21, 2024	108	0	0	0
Feb 22, 2024	108	0	0	0
Feb 23, 2024	64	0	0	0
Feb 24, 2024	64	0	0	0
Feb 25, 2024	64	0	0	0
Feb 26, 2024	64	0	0	0
Feb 27, 2024	64	0	0	0
Feb 28, 2024	64	0	0	0
Feb 29, 2024	64	0	0	0
Mar 01, 2024	64	0	0	0
Mar 02, 2024	64	0	0	0
Mar 03, 2024	64	0	0	0
Mar 04, 2024	64	0	0	0
Mar 05, 2024	64	0	0	0
Mar 06, 2024	64	0	0	0
Mar 07, 2024	64	0	0	0
Mar 08, 2024	64	0	0	0
Mar 09, 2024	64	0	0	0
Mar 10, 2024	64	0	0	0
Mar 11, 2024	64	0	0	0
Mar 12, 2024	64	0	0	0
Mar 13, 2024	64	0	0	0
Mar 14, 2024	64	0	0	0
Mar 15, 2024	64	0	0	0
Mar 16, 2024	64	0	0	0
Mar 17, 2024	64	0	0	0
Mar 18, 2024	64	0	0	0
Mar 19, 2024	64	0	0	0
Mar 20, 2024	64	NA	NA	0
Mar 21, 2024	64	NA	NA	0
Mar 22, 2024	64	NA	NA	0
Mar 23, 2024	64	NA	NA	0
Mar 24, 2024	64	NA	NA	NA
