Dates	Active	Deaths	Newcases	recover
Feb 15, 2020	0	0	0	0
Feb 16, 2020	0	0	0	0
Feb 17, 2020	0	0	0	0
Feb 18, 2020	0	0	0	0
Feb 19, 2020	0	0	0	0
Feb 20, 2020	0	0	0	0
Feb 21, 2020	0	0	0	0
Feb 22, 2020	0	0	0	0
Feb 23, 2020	0	0	0	0
Feb 24, 2020	0	0	0	0
Feb 25, 2020	0	0	0	0
Feb 26, 2020	0	0	0	0
Feb 27, 2020	0	0	0	0
Feb 28, 2020	0	0	0	0
Feb 29, 2020	0	0	0	0
Mar 01, 2020	0	0	3	0
Mar 02, 2020	0	0	1	0
Mar 03, 2020	0	0	22	0
Mar 04, 2020	0	0	1	0
Mar 05, 2020	0	0	1	0
Mar 06, 2020	0	0	3	0
Mar 07, 2020	0	1	6	0
Mar 08, 2020	0	1	7	1
Mar 09, 2020	0	0	15	0
Mar 10, 2020	1	0	0	0
Mar 11, 2020	13	0	12	0
Mar 12, 2020	13	1	8	6
Mar 13, 2020	26	0	18	0
Mar 14, 2020	42	1	14	3
Mar 15, 2020	54	1	15	0
Mar 16, 2020	68	0	14	1
Mar 17, 2020	68	3	26	0
Mar 18, 2020	108	3	25	6
Mar 19, 2020	135	0	55	3
Mar 20, 2020	198	2	83	0
Mar 21, 2020	241	8	64	1
Mar 22, 2020	309	0	103	10
Mar 23, 2020	338	4	37	6
Mar 24, 2020	436	3	121	3
Mar 25, 2020	548	5	70	2
Mar 26, 2020	663	3	160	28
Mar 27, 2020	770	23	100	11
Mar 28, 2020	880	14	37	11
Mar 29, 2020	961	14	227	7
Mar 30, 2020	1039	13	146	21
Mar 31, 2020	1142	19	601	25
Apr 01, 2020	1276	18	545	43
Apr 02, 2020	1429	24	516	1
Apr 03, 2020	1622	18	529	37
Apr 04, 2020	1742	49	701	99
Apr 05, 2020	1742	22	489	47
Apr 06, 2020	2031	39	573	93
Apr 07, 2020	2031	43	565	38
Apr 08, 2020	2449	27	809	129
Apr 09, 2020	2670	35	875	139
Apr 10, 2020	2883	29	846	195
Apr 11, 2020	3132	26	759	111
Apr 12, 2020	3284	38	1248	101
Apr 13, 2020	3317	36	1034	178
Apr 14, 2020	3407	38	883	149
Apr 15, 2020	3573	33	1060	260
Apr 16, 2020	3573	53	922	273
Apr 17, 2020	3809	36	2013	422
Apr 18, 2020	3972	40	1250	391
Apr 19, 2020	4013	59	924	419
Apr 20, 2020	4176	45	1541	702
Apr 21, 2020	4318	56	1290	395
Apr 22, 2020	4449	58	1669	642
Apr 23, 2020	4593	70	1408	484
Apr 24, 2020	4749	72	1836	443
Apr 25, 2020	4865	76	1607	584
Apr 26, 2020	5041	71	1561	614
Apr 27, 2020	5245	103	1873	610
Apr 28, 2020	5399	69	1738	690
Apr 29, 2020	5540	177	1801	631
Apr 30, 2020	5673	129	2394	939
May 01, 2020	5768	93	2442	812
May 02, 2020	5906	107	2806	956
May 03, 2020	6252	97	3932	1072
May 04, 2020	6356	118	2963	1295
May 05, 2020	6458	114	3587	1189
May 06, 2020	6490	83	3364	1445
May 07, 2020	6654	123	3344	1111
May 08, 2020	6757	139	3113	1414
May 09, 2020	6953	100	4353	1668
May 10, 2020	3544	106	3607	1580
May 11, 2020	3517	121	3524	1871
May 12, 2020	3680	156	3763	1980
May 13, 2020	2510	134	3942	1569
May 14, 2020	2621	148	3787	2289
May 15, 2020	2778	134	4864	3966
May 16, 2020	2922	152	5050	2571
May 17, 2020	3100	145	4630	2438
May 18, 2020	3250	144	6147	3076
May 19, 2020	3392	158	5553	3113
May 20, 2020	3496	151	6198	3131
May 21, 2020	3580	175	6568	3271
May 22, 2020	3697	195	6629	2561
May 23, 2020	3999	179	7113	3307
May 24, 2020	4341	275	6414	3014
May 25, 2020	4594	215	5843	3571
May 26, 2020	4755	230	7293	3472
May 27, 2020	4034	206	7300	3171
May 28, 2020	4432	228	8105	11707
May 29, 2020	4665	266	8336	4309
May 30, 2020	3274	283	8782	4916
May 31, 2020	3613	293	7761	3902
Jun 01, 2020	3979	304	8821	4531
Jun 02, 2020	4229	268	9633	3786
Jun 03, 2020	4733	273	9889	4379
Jun 04, 2020	5062	253	9471	4783
Jun 05, 2020	5374	397	10438	5462
Jun 06, 2020	5500	402	10864	5153
Jun 07, 2020	5814	398	8442	5247
Jun 08, 2020	6055	316	8852	5070
Jun 09, 2020	6269	330	12375	6814
Jun 10, 2020	6499	404	11128	5993
Jun 11, 2020	7191	2048	11320	7259
Jun 12, 2020	5031	349	12023	8095
Jun 13, 2020	5871	354	11157	7363
Jun 14, 2020	6483	378	10243	10631
Jun 15, 2020	7208	314	11135	7232
Jun 16, 2020	7731	435	13103	6886
Jun 17, 2020	8353	320	13827	10744
Jun 18, 2020	9094	478	14721	9024
Jun 19, 2020	9430	433	15915	13975
Jun 20, 2020	10370	410	15183	9071
Jun 21, 2020	11170	389	13540	10885
Jun 22, 2020	11567	423	15665	10437
Jun 23, 2020	12084	395	16870	13114
Jun 24, 2020	12689	426	18185	13983
Jun 25, 2020	13673	520	18276	10246
Jun 26, 2020	14060	450	20131	14229
Jun 27, 2020	14696	389	19620	11628
Jun 28, 2020	15612	456	18339	13497
Jun 29, 2020	16570	627	18256	12565
Jun 30, 2020	17174	430	19428	12060
Jul 01, 2020	17873	488	21948	20006
Jul 02, 2020	18125	489	22721	14417
Jul 03, 2020	18352	502	24015	14743
Jul 04, 2020	18502	495	23932	15829
Jul 05, 2020	19416	532	22510	15259
Jul 06, 2020	20528	558	23135	16908
Jul 07, 2020	20766	515	25571	19496
Jul 08, 2020	20963	557	25790	19406
Jul 09, 2020	20940	609	27761	20246
Jul 10, 2020	20968	638	27755	20025
Jul 11, 2020	21269	702	29108	18198
Jul 12, 2020	21685	694	28179	17683
Jul 13, 2020	22322	556	29842	20968
Jul 14, 2020	22473	690	32682	20655
Jul 15, 2020	22844	616	35468	22867
Jul 16, 2020	23531	693	34820	17476
Jul 17, 2020	23850	1151	37407	23552
Jul 18, 2020	23696	774	40243	22769
Jul 19, 2020	23890	784	36810	24303
Jul 20, 2020	24135	713	39168	27691
Jul 21, 2020	23919	744	45599	31873
Jul 22, 2020	23604	654	48446	33327
Jul 23, 2020	23780	802	48892	32514
Jul 24, 2020	24039	798	48472	36128
Jul 25, 2020	24161	808	50525	32500
Jul 26, 2020	24871	790	46484	34454
Jul 27, 2020	25034	879	49632	35581
Jul 28, 2020	24693	781	52249	32841
Jul 29, 2020	24579	836	54966	37482
Jul 30, 2020	24576	875	57704	36554
Jul 31, 2020	24669	953	54865	51232
Aug 01, 2020	24853	931	52783	40349
Aug 02, 2020	24944	969	50629	43212
Aug 03, 2020	24866	907	51282	51220
Aug 04, 2020	24572	1042	56626	45540
Aug 05, 2020	23886	920	62170	50184
Aug 06, 2020	24186	863	61455	50285
Aug 07, 2020	24294	977	65156	52135
Aug 08, 2020	24558	1035	62117	54474
Aug 09, 2020	24105	1024	53016	47362
Aug 10, 2020	24220	981	61252	56461
Aug 11, 2020	24119	998	67066	57759
Aug 12, 2020	24077	902	64142	54776
Aug 13, 2020	24514	1125	65609	56920
Aug 14, 2020	24782	1009	63986	53116
Aug 15, 2020	25062	1007	58108	57404
Aug 16, 2020	25172	984	54288	58172
Aug 17, 2020	24910	946	65022	60455
Aug 18, 2020	23790	870	69196	59365
Aug 19, 2020	23653	883	68507	61873
Aug 20, 2020	22837	1101	69039	62858
Aug 21, 2020	22811	1046	70068	59101
Aug 22, 2020	23074	1095	61749	56896
Aug 23, 2020	23588	1050	59696	66305
Aug 24, 2020	23394	968	66873	64151
Aug 25, 2020	23703	988	75995	56191
Aug 26, 2020	23555	838	76826	59620
Aug 27, 2020	24038	1058	76665	64475
Aug 28, 2020	24056	1057	78472	64982
Aug 29, 2020	24235	1110	79457	60408
Aug 30, 2020	24323	1098	68770	64449
Aug 31, 2020	24807	1073	78169	62144
Sep 01, 2020	24560	1033	82860	67875
Sep 02, 2020	24567	1158	84156	67491
Sep 03, 2020	24670	1134	87115	69625
Sep 04, 2020	24791	1199	90600	73161
Sep 05, 2020	25007	1245	91723	69624
Sep 06, 2020	25296	1235	75022	74123
Sep 07, 2020	25232	1140	89852	74607
Sep 08, 2020	25549	1174	95529	73057
Sep 09, 2020	25507	1083	96760	70899
Sep 10, 2020	25385	1313	97654	81455
Sep 11, 2020	25332	1172	94409	77860
Sep 12, 2020	25410	1203	93215	77746
Sep 13, 2020	25472	1249	81911	79202
Sep 14, 2020	25249	1174	91120	82865
Sep 15, 2020	25053	1161	97859	82938
Sep 16, 2020	24481	1082	96793	87779
Sep 17, 2020	24044	1080	92789	95373
Sep 18, 2020	23557	1177	92755	94523
Sep 19, 2020	23164	1171	87382	92926
Sep 20, 2020	22581	1119	74493	102070
Sep 21, 2020	22218	1152	80391	87100
Sep 22, 2020	21681	1063	89688	90030
Sep 23, 2020	21262	796	85919	81141
Sep 24, 2020	20935	1203	85468	93177
Sep 25, 2020	20962	1210	89010	92520
Sep 26, 2020	20989	1121	82767	74679
Sep 27, 2020	21000	1097	69671	85206
Sep 28, 2020	21234	958	80500	86061
Sep 29, 2020	21287	922	86748	85373
Sep 30, 2020	21162	911	81693	78646
Oct 01, 2020	21052	1014	79974	76424
Oct 02, 2020	20784	985	75479	81655
Oct 03, 2020	21044	989	74767	76721
Oct 04, 2020	21054	953	59893	75657
Oct 05, 2020	21066	947	72106	82143
Oct 06, 2020	21212	830	78809	83209
Oct 07, 2020	21242	733	70824	78745
Oct 08, 2020	21200	743	73196	82298
Oct 09, 2020	21405	713	74535	89358
Oct 10, 2020	21632	856	67757	71564
Oct 11, 2020	21658	911	54265	78365
Oct 12, 2020	21625	1061	63517	73913
Oct 13, 2020	21488	595	67988	81751
Oct 14, 2020	21690	613	60439	68202
Oct 15, 2020	21683	736	65126	72976
Oct 16, 2020	21666	725	62092	72765
Oct 17, 2020	21202	703	55511	65496
Oct 18, 2020	21140	676	46498	70722
Oct 19, 2020	21062	594	54422	61933
Oct 20, 2020	21126	477	56000	79345
Oct 21, 2020	21113	522	54482	74430
Oct 22, 2020	21217	534	54028	67244
Oct 23, 2020	21259	522	50224	62154
Oct 24, 2020	21325	585	45158	58271
Oct 25, 2020	21336	567	36838	64721
Oct 26, 2020	21403	481	42965	58479
Oct 27, 2020	21332	508	49912	57757
Oct 28, 2020	21193	510	49281	56947
Oct 29, 2020	21025	526	48120	59013
Oct 30, 2020	20810	724	46715	58292
Oct 31, 2020	20346	695	46441	53702
Nov 01, 2020	19996	595	37592	58524
Nov 02, 2020	19630	574	46033	53328
Nov 03, 2020	19482	507	50465	55873
Nov 04, 2020	19073	465	47622	54133
Nov 05, 2020	18733	525	49851	53795
Nov 06, 2020	19000	564	46318	48733
Nov 07, 2020	18902	535	46661	48369
Nov 08, 2020	18959	554	37211	41546
Nov 09, 2020	18812	462	44679	54638
Nov 10, 2020	18778	447	48285	52704
Nov 11, 2020	18819	463	43861	48797
Nov 12, 2020	18452	485	45343	48122
Nov 13, 2020	18392	606	41659	42270
Nov 14, 2020	18171	604	30715	44213
Nov 15, 2020	18410	576	28555	40219
Nov 16, 2020	18040	512	38532	44844
Nov 17, 2020	17586	524	45439	48757
Nov 18, 2020	17171	494	46182	45246
Nov 19, 2020	16852	503	46288	48881
Nov 20, 2020	16609	531	45295	44142
Nov 21, 2020	16271	505	44404	41405
Nov 22, 2020	15864	500	37410	42131
Nov 23, 2020	15681	509	44276	37829
Nov 24, 2020	15937	456	44699	36582
Nov 25, 2020	16174	495	43174	39723
Nov 26, 2020	16293	513	41353	41177
Nov 27, 2020	16668	512	41815	42275
Nov 28, 2020	17542	587	39036	45152
Nov 29, 2020	18053	523	31179	42282
Nov 30, 2020	18265	493	36456	43203
Dec 01, 2020	18695	384	33761	38306
Dec 02, 2020	19649	413	38309	45580
Dec 03, 2020	19682	414	36638	42319
Dec 04, 2020	20402	347	36111	41943
Dec 05, 2020	21487	500	32272	38225
Dec 06, 2020	21636	452	27107	39474
Dec 07, 2020	21688	405	32067	37161
Dec 08, 2020	22055	349	26351	29699
Dec 09, 2020	22843	364	34666	45683
Dec 10, 2020	24249	395	30034	33604
Dec 11, 2020	25400	367	30354	33087
Dec 12, 2020	26613	354	27336	30729
Dec 13, 2020	27546	353	21791	34224
Dec 14, 2020	27903	354	26401	33961
Dec 15, 2020	28721	342	18164	33350
Dec 16, 2020	29908	313	26762	30901
Dec 17, 2020	31576	342	26991	29879
Dec 18, 2020	32636	313	26834	29758
Dec 19, 2020	34312	361	24589	25709
Dec 20, 2020	35265	258	19174	30224
Dec 21, 2020	35490	290	23886	27083
Dec 22, 2020	37142	290	24236	29364
Dec 23, 2020	38457	258	23924	25137
Dec 24, 2020	39914	293	22350	22184
Dec 25, 2020	41155	309	18574	21466
Dec 26, 2020	41403	253	20333	21097
Dec 27, 2020	41551	193	16072	24822
Dec 28, 2020	42261	274	20529	26572
Dec 29, 2020	44582	222	21957	26423
Dec 30, 2020	46168	208	19046	22024
Dec 31, 2020	47630	276	17080	20143
Jan 01, 2021	47741	231	21222	24598
Jan 02, 2021	47967	243	16660	19604
Jan 03, 2021	47780	238	16278	29209
Jan 04, 2021	48345	220	17909	21161
Jan 05, 2021	49445	155	20460	19662
Jan 06, 2021	52053	172	18106	20559
Jan 07, 2021	52114	209	18482	19213
Jan 08, 2021	53313	208	18820	19460
Jan 09, 2021	54822	194	16085	16735
Jan 10, 2021	55597	179	12482	18580
Jan 11, 2021	56020	186	15903	17747
Jan 12, 2021	56897	150	17015	17797
Jan 13, 2021	56673	141	15677	15828
Jan 14, 2021	55932	164	15151	16801
Jan 15, 2021	54608	156	15051	17301
Jan 16, 2021	54577	166	13962	14513
Jan 17, 2021	54233	159	9975	17155
Jan 18, 2021	53405	160	13795	17240
Jan 19, 2021	53513	136	15277	20071
Jan 20, 2021	52413	121	14481	17726
Jan 21, 2021	50593	131	14344	17174
Jan 22, 2021	49310	139	14891	16033
Jan 23, 2021	48220	165	13239	13148
Jan 24, 2021	47086	141	9036	16034
Jan 25, 2021	45769	133	12569	13050
Jan 26, 2021	45202	119	11752	14490
Jan 27, 2021	43690	96	18940	20344
Jan 28, 2021	41975	118	13055	14872
Jan 29, 2021	40852	111	13065	14075
Jan 30, 2021	39403	123	11528	11879
Jan 31, 2021	38692	96	8587	13462
Feb 01, 2021	37365	74	11000	14256
Feb 02, 2021	36035	88	12917	17802
Feb 03, 2021	34718	83	12410	15893
Feb 04, 2021	33608	87	11689	14389
Feb 05, 2021	32215	122	11948	11619
Feb 06, 2021	30885	87	11673	11667
Feb 07, 2021	29309	107	8947	13829
Feb 08, 2021	27738	87	10510	12699
Feb 09, 2021	25295	93	12760	12025
Feb 10, 2021	23207	78	9353	15722
Feb 11, 2021	20893	112	12137	11358
Feb 12, 2021	18756	91	12188	11079
Feb 13, 2021	16775	87	11434	9295
Feb 14, 2021	14760	120	9139	11809
Feb 15, 2021	13254	102	11795	12011
Feb 16, 2021	12799	81	12440	11803
Feb 17, 2021	12035	82	12643	10362
Feb 18, 2021	11337	103	14587	10814
Feb 19, 2021	10833	147	14315	11656
Feb 20, 2021	10489	122	13980	9476
Feb 21, 2021	10111	112	10792	13469
Feb 22, 2021	9892	120	13463	13661
Feb 23, 2021	9795	110	17144	12406
Feb 24, 2021	9629	81	16568	12209
Feb 25, 2021	9417	112	16056	12380
Feb 26, 2021	9125	88	17346	12136
Feb 27, 2021	9123	116	15616	11293
Feb 28, 2021	8857	112	11563	11990
Mar 01, 2021	8245	101	15704	13604
Mar 02, 2021	8048	102	17425	14071
Mar 03, 2021	7912	78	16824	13788
Mar 04, 2021	7677	115	18292	14153
Mar 05, 2021	7362	137	18716	14362
Mar 06, 2021	7334	115	18691	14344
Mar 07, 2021	7149	160	15353	16606
Mar 08, 2021	7083	162	16846	20138
Mar 09, 2021	6810	123	22841	18179
Mar 10, 2021	6669	133	21668	11449
Mar 11, 2021	6547	192	27512	24095
Mar 12, 2021	6450	174	25153	16508
Mar 13, 2021	6252	158	26514	17590
Mar 14, 2021	6075	194	24437	20186
Mar 15, 2021	5873	203	28869	17746
Mar 16, 2021	5561	220	35838	17793
Mar 17, 2021	5372	204	39643	20338
Mar 18, 2021	5299	284	40950	23641
Mar 19, 2021	5440	256	43815	22970
Mar 20, 2021	5384	264	47009	21205
Mar 21, 2021	5382	300	40611	29735
Mar 22, 2021	5200	319	47264	23957
Mar 23, 2021	5114	303	53419	26575
Mar 24, 2021	5043	273	59069	32912
Mar 25, 2021	5030	364	62291	30346
Mar 26, 2021	5030	468	62631	28729
Mar 27, 2021	5028	481	68206	32149
Mar 28, 2021	4965	734	56119	37102
Mar 29, 2021	4925	528	53158	41223
Mar 30, 2021	4994	490	72182	40442
Mar 31, 2021	5033	459	81441	50390
Apr 01, 2021	5053	650	89019	44176
Apr 02, 2021	5023	705	92998	60062
Apr 03, 2021	4822	826	103793	52836
Apr 04, 2021	4749	796	96557	50087
Apr 05, 2021	4699	864	115269	59714
Apr 06, 2021	4614	932	126315	59146
Apr 07, 2021	4518	908	131893	61836
Apr 08, 2021	4492	1065	144829	77199
Apr 09, 2021	4459	1081	152682	90393
Apr 10, 2021	4320	1232	169914	75380
Apr 11, 2021	4217	1384	160694	96727
Apr 12, 2021	4071	1562	185248	82248
Apr 13, 2021	3995	1688	199569	93458
Apr 14, 2021	4021	1836	216850	117832
Apr 15, 2021	3929	2114	233943	122911
Apr 16, 2021	3930	2200	260778	138205
Apr 17, 2021	4063	2361	275306	143754
Apr 18, 2021	4043	2733	256947	154372
Apr 19, 2021	4020	2895	294290	166643
Apr 20, 2021	3899	2933	315802	179543
Apr 21, 2021	3900	2890	332503	192200
Apr 22, 2021	3845	3437	345147	220513
Apr 23, 2021	3903	3808	349313	215962
Apr 24, 2021	3966	3662	354531	218559
Apr 25, 2021	3925	3677	319435	248702
Apr 26, 2021	3906	4409	362902	262362
Apr 27, 2021	3814	3817	379459	270572
Apr 28, 2021	3899	3965	386888	295489
Apr 29, 2021	3897	4449	402110	299238
Apr 30, 2021	3959	4515	392562	308769
May 01, 2021	3896	4333	370059	299966
May 02, 2021	3892	4662	355828	318965
May 03, 2021	3868	4569	382691	337697
May 04, 2021	3872	4154	412618	330676
May 05, 2021	3895	4472	414433	328334
May 06, 2021	3965	4938	401326	319675
May 07, 2021	3984	4805	409300	394413
May 08, 2021	4153	4624	366499	353768
May 09, 2021	4284	4971	329517	355941
May 10, 2021	4278	4960	348499	355443
May 11, 2021	4372	4469	362406	351786
May 12, 2021	4601	4813	343288	344931
May 13, 2021	4809	5071	326123	352956
May 14, 2021	5081	4264	310822	362715
May 15, 2021	5299	4924	281860	378571
May 16, 2021	5367	4804	263045	422394
May 17, 2021	5367	4166	267174	389700
May 18, 2021	5536	5121	276261	368980
May 19, 2021	5662	3968	259269	357218
May 20, 2021	5821	4878	254395	353116
May 21, 2021	5876	4390	243777	359506
May 22, 2021	5914	3933	222835	302396
May 23, 2021	5887	3957	195815	326841
May 24, 2021	5833	3908	208886	295539
May 25, 2021	5819	3425	211553	282715
May 26, 2021	5961	3346	179770	264312
May 27, 2021	6058	3779	171726	280626
May 28, 2021	6192	3413	174041	275868
May 29, 2021	6276	3231	153485	237709
May 30, 2021	6281	3739	126698	254975
May 31, 2021	6327	2821	133228	231488
Jun 01, 2021	6412	2589	134105	211905
Jun 02, 2021	6617	2244	131371	205911
Jun 03, 2021	6812	2340	121476	198322
Jun 04, 2021	7184	2287	114537	189481
Jun 05, 2021	7563	2111	101232	174116
Jun 06, 2021	7708	2016	87345	186072
Jun 07, 2021	7794	1914	91227	159399
Jun 08, 2021	8052	1842	93896	149027
Jun 09, 2021	8242	1519	91266	133669
Jun 10, 2021	8449	1538	84695	122794
Jun 11, 2021	8827	1475	81005	134198
Jun 12, 2021	9091	1383	68400	113091
Jun 13, 2021	9414	1798	62597	123803
Jun 14, 2021	9533	1740	62226	107854
Jun 15, 2021	9651	1598	67294	103910
Jun 16, 2021	9868	1155	62409	88477
Jun 17, 2021	10029	1488	60800	97858
Jun 18, 2021	10214	1384	58588	87568
Jun 19, 2021	10461	1385	53009	78082
Jun 20, 2021	10491	1238	39096	76662
Jun 21, 2021	10521	1313	54393	74120
Jun 22, 2021	10857	1027	54319	69298
Jun 23, 2021	11081	949	51248	63731
Jun 24, 2021	11369	853	49052	65219
Jun 25, 2021	11653	1038	49851	57776
Jun 26, 2021	11814	826	46643	58925
Jun 27, 2021	11988	827	37037	56948
Jun 28, 2021	12132	985	45699	60289
Jun 29, 2021	12389	772	48878	62025
Jun 30, 2021	12530	574	43360	54565
Jul 01, 2021	12760	967	47252	61651
Jul 02, 2021	12832	848	43296	52431
Jul 03, 2021	13146	945	40387	42817
Jul 04, 2021	13256	1253	34067	51845
Jul 05, 2021	12711	933	43957	47136
Jul 06, 2021	13501	736	45674	44498
Jul 07, 2021	13540	556	43538	44259
Jul 08, 2021	13600	637	42648	45159
Jul 09, 2021	13635	593	41475	41595
Jul 10, 2021	13555	554	37676	39722
Jul 11, 2021	13539	572	30827	48930
Jul 12, 2021	13637	527	40215	40966
Jul 13, 2021	13281	511	41854	39387
Jul 14, 2021	13643	380	39072	39823
Jul 15, 2021	13684	499	38112	43877
Jul 16, 2021	13636	520	41283	42050
Jul 17, 2021	13502	490	38325	38529
Jul 18, 2021	13424	551	29424	45369
Jul 19, 2021	13448	552	42123	36870
Jul 20, 2021	13133	419	41697	38812
Jul 21, 2021	13065	426	34865	38491
Jul 22, 2021	13064	654	39498	35134
Jul 23, 2021	13089	655	40284	40052
Jul 24, 2021	13117	559	38153	35909
Jul 25, 2021	13195	612	30844	42539
Jul 26, 2021	12998	552	42928	41452
Jul 27, 2021	12828	432	43211	38732
Jul 28, 2021	12738	428	44673	42119
Jul 29, 2021	12629	573	41499	37314
Jul 30, 2021	12387	542	41790	39318
Jul 31, 2021	12569	473	40784	36808
Aug 01, 2021	12505	630	30031	39021
Aug 02, 2021	12260	501	42566	36646
Aug 03, 2021	11958	455	42817	41875
Aug 04, 2021	11808	384	45001	40659
Aug 05, 2021	11461	477	38700	40271
Aug 06, 2021	11142	529	39070	43944
Aug 07, 2021	10903	596	36035	39825
Aug 08, 2021	11228	486	27429	41461
Aug 09, 2021	11194	501	36316	37241
Aug 10, 2021	11006	429	43641	41985
Aug 11, 2021	10992	446	40078	41709
Aug 12, 2021	10964	448	38775	36189
Aug 13, 2021	10729	521	36127	37953
Aug 14, 2021	10654	571	33221	35499
Aug 15, 2021	10555	384	24725	37301
Aug 16, 2021	10397	409	35201	37145
Aug 17, 2021	9964	393	35797	37819
Aug 18, 2021	9843	273	37312	37908
Aug 19, 2021	9803	753	34296	36254
Aug 20, 2021	9539	622	31043	38614
Aug 21, 2021	9378	503	25420	44103
Aug 22, 2021	9304	524	11385	17575
Aug 23, 2021	9105	466	51016	55948
Aug 24, 2021	8686	537	46397	34420
Aug 25, 2021	8582	211	44558	32926
Aug 26, 2021	8245	471	46805	31341
Aug 27, 2021	8081	515	45058	35815
Aug 28, 2021	8026	365	43381	34841
Aug 29, 2021	7965	348	30251	36244
Aug 30, 2021	7890	318	43072	34109
Aug 31, 2021	7479	224	45971	34775
Sep 01, 2021	7354	296	45482	34988
Sep 02, 2021	7093	376	42346	36032
Sep 03, 2021	6797	347	42924	38459
Sep 04, 2021	6537	270	39521	43917
Sep 05, 2021	6371	311	30184	42969
Sep 06, 2021	6182	346	38130	39090
Sep 07, 2021	5934	225	43406	40622
Sep 08, 2021	5680	348	24148	24109
Sep 09, 2021	5490	287	37873	36963
Sep 10, 2021	5270	440	31291	37885
Sep 11, 2021	4685	325	31374	40573
Sep 12, 2021	4893	291	24479	39943
Sep 13, 2021	4865	313	27491	37982
Sep 14, 2021	4642	303	30361	38361
Sep 15, 2021	4461	257	34649	37878
Sep 16, 2021	4327	393	35367	33850
Sep 17, 2021	4199	285	31121	39633
Sep 18, 2021	4059	326	30809	43238
Sep 19, 2021	4307	297	24925	34470
Sep 20, 2021	4455	264	27333	34148
Sep 21, 2021	3890	283	31957	31968
Sep 22, 2021	3887	183	31458	32549
Sep 23, 2021	3558	383	29580	28048
Sep 24, 2021	3763	316	28149	25990
Sep 25, 2021	3673	288	27022	29658
Sep 26, 2021	3573	239	14905	24237
Sep 27, 2021	3564	247	21901	29900
Sep 28, 2021	3420	185	23139	28728
Sep 29, 2021	3314	260	27300	28239
Sep 30, 2021	3295	291	23910	25456
Oct 01, 2021	3214	322	23161	25045
Oct 02, 2021	3137	283	21684	27619
Oct 03, 2021	3095	254	16762	29322
Oct 04, 2021	3032	219	19380	25089
Oct 05, 2021	2925	198	22617	24624
Oct 06, 2021	2822	179	21463	24958
Oct 07, 2021	2781	235	19870	23066
Oct 08, 2021	2717	255	17940	23593
Oct 09, 2021	2688	386	19018	21583
Oct 10, 2021	2605	165	13186	26572
Oct 11, 2021	2709	148	16021	22850
Oct 12, 2021	2508	167	19180	19796
Oct 13, 2021	2443	166	17004	19388
Oct 14, 2021	2440	205	16003	17868
Oct 15, 2021	2430	162	14073	19785
Oct 16, 2021	2368	238	14289	19578
Oct 17, 2021	2306	680	12338	19454
Oct 18, 2021	2315	571	14936	19451
Oct 19, 2021	2256	450	18359	17560
Oct 20, 2021	2319	365	15759	18636
Oct 21, 2021	2316	597	16331	17633
Oct 22, 2021	2324	750	16071	16500
Oct 23, 2021	2277	819	14641	18699
Oct 24, 2021	2276	562	11873	15974
Oct 25, 2021	2299	454	13508	14049
Oct 26, 2021	2283	257	16342	17047
Oct 27, 2021	2257	447	14323	13223
Oct 28, 2021	2202	301	14189	13482
Oct 29, 2021	2183	467	12958	14755
Oct 30, 2021	2174	220	12935	13170
Oct 31, 2021	2304	401	9769	14543
Nov 01, 2021	2100	529	10796	13600
Nov 02, 2021	2020	262	13965	14873
Nov 03, 2021	1913	311	12265	11357
Nov 04, 2021	1776	489	11680	13201
Nov 05, 2021	1700	370	10879	12003
Nov 06, 2021	1651	511	11648	12562
Nov 07, 2021	1634	566	7841	9749
Nov 08, 2021	1641	291	12331	12816
Nov 09, 2021	1627	127	14884	10994
Nov 10, 2021	1642	203	12516	13878
Nov 11, 2021	1582	308	11850	13155
Nov 12, 2021	1665	479	11271	12403
Nov 13, 2021	1756	468	10229	11376
Nov 14, 2021	1805	273	8865	11926
Nov 15, 2021	1848	320	10197	11971
Nov 16, 2021	1918	255	11919	12134
Nov 17, 2021	2155	242	11106	11242
Nov 18, 2021	2357	445	10302	12789
Nov 19, 2021	2244	404	10488	11787
Nov 20, 2021	2403	498	8488	12329
Nov 21, 2021	2428	474	7579	12510
Nov 22, 2021	2455	635	9283	12202
Nov 23, 2021	2468	242	9119	10949
Nov 24, 2021	2541	194	10549	10264
Nov 25, 2021	2603	273	8318	9868
Nov 26, 2021	2664	486	8774	10967
Nov 27, 2021	2660	399	8309	9481
Nov 28, 2021	2693	423	6990	9905
Nov 29, 2021	2648	378	8954	10116
Nov 30, 2021	2551	216	9765	10207
Dec 01, 2021	2623	225	9216	8548
Dec 02, 2021	2704	199	8603	8612
Dec 03, 2021	2756	160	8895	8190
Dec 04, 2021	2797	635	8306	6918
Dec 05, 2021	2841	399	6822	8834
Dec 06, 2021	3018	311	8439	10004
Dec 07, 2021	2995	207	9419	9525
Dec 08, 2021	3089	257	8503	8251
Dec 09, 2021	3018	252	7992	7678
Dec 10, 2021	2927	349	7774	9265
Dec 11, 2021	3078	397	7350	8464
Dec 12, 2021	3110	294	5784	7973
Dec 13, 2021	3270	269	6986	7995
Dec 14, 2021	3486	133	8039	8168
Dec 15, 2021	3610	460	7380	7948
Dec 16, 2021	3694	323	7145	7886
Dec 17, 2021	3866	440	7081	8706
Dec 18, 2021	3987	380	6563	7469
Dec 19, 2021	4094	393	5326	8077
Dec 20, 2021	4149	163	6317	8043
Dec 21, 2021	4322	320	7495	6906
Dec 22, 2021	4657	298	6681	6960
Dec 23, 2021	5232	307	7158	7051
Dec 24, 2021	5858	273	6987	7286
Dec 25, 2021	6365	225	6531	7091
Dec 26, 2021	6632	412	6358	7141
Dec 27, 2021	6946	289	9195	6450
Dec 28, 2021	7858	124	13154	7347
Dec 29, 2021	8789	125	16764	7486
Dec 30, 2021	11064	541	22775	7585
Dec 31, 2021	12868	331	27553	18198
Jan 01, 2022	14363	307	33750	0
Jan 02, 2022	14825	290	37379	10846
Jan 03, 2022	16046	333	58097	26396
Jan 04, 2022	18673	147	90928	20452
Jan 05, 2022	22352	282	117100	29590
Jan 06, 2022	26157	448	141986	40895
Jan 07, 2022	30285	386	159632	40863
Jan 08, 2022	34178	320	180438	46569
Jan 09, 2022	37578	436	167348	69959
Jan 10, 2022	39824	319	194720	60405
Jan 11, 2022	34013	394	247417	84825
Jan 12, 2022	38932	307	264202	109345
Jan 13, 2022	45743	448	268833	122684
Jan 14, 2022	55069	500	271202	138331
Jan 15, 2022	54768	714	258089	151740
Jan 16, 2022	56965	496	238018	157421
Jan 17, 2022	57203	518	282970	188157
Jan 18, 2022	62918	481	317532	223990
Jan 19, 2022	69369	575	347254	251777
Jan 20, 2022	77438	703	337704	242676
Jan 21, 2022	84113	584	333533	259168
Jan 22, 2022	85828	638	306064	243495
Jan 23, 2022	83343	875	255874	267753
Jan 24, 2022	79281	905	285914	299073
Jan 25, 2022	78914	955	286384	306357
Jan 26, 2022	81848	1236	251209	347443
Jan 27, 2022	83933	1755	235532	335939
Jan 28, 2022	79445	1008	234281	352784
Jan 29, 2022	75079	1118	209918	262628
Jan 30, 2022	68736	1073	167059	254076
Jan 31, 2022	61407	878	161386	281109
Feb 01, 2022	57436	910	172433	259107
Feb 02, 2022	53444	1191	149394	246674
Feb 03, 2022	56199	1249	127952	230814
Feb 04, 2022	50800	1260	107474	213246
Feb 05, 2022	46023	670	83876	199054
Feb 06, 2022	41091	816	67597	180456
Feb 07, 2022	36499	664	71365	172211
Feb 08, 2022	33763	384	67084	167882
Feb 09, 2022	32521	351	58077	150407
Feb 10, 2022	31723	522	50407	136962
Feb 11, 2022	28256	545	44877	117591
Feb 12, 2022	25127	503	34113	91930
Feb 13, 2022	21713	331	27409	82817
Feb 14, 2022	19012	684	30615	82988
Feb 15, 2022	17596	211	30757	67538
Feb 16, 2022	10786	235	25920	66254
Feb 17, 2022	11241	286	22270	60298
Feb 18, 2022	12190	307	19968	48847
Feb 19, 2022	12288	309	16051	37901
Feb 20, 2022	11402	259	13405	34226
Feb 21, 2022	9882	249	15102	31377
Feb 22, 2022	9152	88	14148	30009
Feb 23, 2022	8715	216	13166	26988
Feb 24, 2022	8596	195	11499	23598
Feb 25, 2022	7749	174	10273	20439
Feb 26, 2022	7108	206	8013	16765
Feb 27, 2022	6370	293	6915	16864
Feb 28, 2022	5559	156	7554	14123
Mar 01, 2022	4988	71	6561	14947
Mar 02, 2022	4603	109	6396	13450
Mar 03, 2022	4536	146	5921	11651
Mar 04, 2022	4221	105	5476	9754
Mar 05, 2022	3912	259	4362	9620
Mar 06, 2022	3308	89	3993	8055
Mar 07, 2022	3113	17	4575	7416
Mar 08, 2022	3030	57	4184	6554
Mar 09, 2022	3005	99	4194	6208
Mar 10, 2022	3066	99	3614	5185
Mar 11, 2022	3065	59	3116	5559
Mar 12, 2022	3036	151	2503	4377
Mar 13, 2022	2710	70	2568	4722
Mar 14, 2022	2420	130	2876	3884
Mar 15, 2022	2386	6	2539	4491
Mar 16, 2022	2435	58	2528	3997
Mar 17, 2022	2557	62	2075	3383
Mar 18, 2022	2449	67	1761	3196
Mar 19, 2022	2474	82	1549	2652
Mar 20, 2022	2407	95	1581	2741
Mar 21, 2022	2265	149	1778	2542
Mar 22, 2022	2412	32	1938	2531
Mar 23, 2022	2595	32	1685	2499
Mar 24, 2022	2754	33	1660	2349
Mar 25, 2022	2725	28	1421	1826
Mar 26, 2022	2677	52	1270	1567
Mar 27, 2022	2550	82	1259	1705
Mar 28, 2022	2414	81	1233	1876
Mar 29, 2022	2436	14	1225	1594
Mar 30, 2022	2523	58	1335	1918
Mar 31, 2022	2607	72	1260	1404
Apr 01, 2022	2523	42	1096	1447
Apr 02, 2022	2414	44	913	1316
Apr 03, 2022	2240	82	795	1280
Apr 04, 2022	2108	9	1086	1198
Apr 05, 2022	2209	27	1033	1222
Apr 06, 2022	2000	42	1109	1213
Apr 07, 2022	2110	30	1150	1194
Apr 08, 2022	2328	30	1054	1258
Apr 09, 2022	2287	40	861	929
Apr 10, 2022	2019	35	796	946
Apr 11, 2022	2086	35	1088	1081
Apr 12, 2022	2236	31	1007	818
Apr 13, 2022	2467	31	949	810
Apr 14, 2022	2648	10	975	796
Apr 15, 2022	2569	56	1150	954
Apr 16, 2022	2469	54	2183	1985
Apr 17, 2022	2395	33	1247	928
Apr 18, 2022	2302	44	2067	1547
Apr 19, 2022	2519	30	2380	1231
Apr 20, 2022	3037	0	2451	1589
Apr 21, 2022	3133	151	2527	1656
Apr 22, 2022	3328	39	2593	1755
Apr 23, 2022	3472	60	2541	1862
Apr 24, 2022	3438	50	2011	1970
Apr 25, 2022	3438	40	3569	2252
Apr 26, 2022	4008	26	3133	2563
Apr 27, 2022	4617	20	3687	2496
Apr 28, 2022	5242	31	3378	2755
Apr 29, 2022	5635	55	3324	2876
Apr 30, 2022	6066	27	3314	2723
May 01, 2022	6766	22	2664	2911
May 02, 2022	6303	40	3235	2802
May 03, 2022	6483	29	2992	3010
May 04, 2022	7939	10	3155	0
May 05, 2022	9669	54	4195	6717
May 06, 2022	10766	24	3765	3079
May 07, 2022	12566	9	2893	3410
May 08, 2022	13326	11	2288	3044
May 09, 2022	13732	13	2897	2986
May 10, 2022	16104	27	2827	3230
May 11, 2022	18644	19	3187	3295
May 12, 2022	21413	33	2512	3355
May 13, 2022	23654	10	2487	2878
May 14, 2022	24653	20	2202	2550
May 15, 2022	24617	25	1569	2467
May 16, 2022	24129	65	1829	2549
May 17, 2022	25630	46	2364	2582
May 18, 2022	27343	31	2259	2614
May 19, 2022	29478	17	2510	2346
May 20, 2022	29289	18	2039	2202
May 21, 2022	29133	14	2022	2099
May 22, 2022	28014	33	1675	1635
May 23, 2022	26614	14	2124	1977
May 24, 2022	27455	25	2628	2167
May 25, 2022	29029	19	2710	2296
May 26, 2022	30857	6	2685	2158
May 27, 2022	30613	5	2828	2035
May 28, 2022	30164	10	2706	2070
May 29, 2022	28740	16	2833	2134
May 30, 2022	27280	25	2784	2236
May 31, 2022	27994	9	4372	2584
Jun 01, 2022	29106	7	3861	2363
Jun 02, 2022	30813	7	2273	2697
Jun 03, 2022	29962	8	6208	2619
Jun 04, 2022	29395	24	3255	2779
Jun 05, 2022	27709	10	3714	2513
Jun 06, 2022	26026	4	5233	3345
Jun 07, 2022	26583	10	7240	3591
Jun 08, 2022	27476	6	9743	3791
Jun 09, 2022	28046	15	6170	4216
Jun 10, 2022	26819	11	8582	4435
Jun 11, 2022	25692	14	9987	4592
Jun 12, 2022	23615	23	4691	4035
Jun 13, 2022	21621	15	8822	5718
Jun 14, 2022	21050	18	14090	7624
Jun 15, 2022	21130	17	10970	7985
Jun 16, 2022	21230	13	13216	8148
Jun 17, 2022	19220	38	12899	8518
Jun 18, 2022	18298	13	14357	8537
Jun 19, 2022	16825	20	9796	7293
Jun 20, 2022	15328	25	13812	9862
Jun 21, 2022	15285	21	12940	10972
Jun 22, 2022	15887	27	17419	13029
Jun 23, 2022	16758	30	16048	12425
Jun 24, 2022	16095	39	10267	10917
Jun 25, 2022	15828	23	15715	15208
Jun 26, 2022	15141	29	13562	9486
Jun 27, 2022	14153	31	15825	11574
Jun 28, 2022	14520	24	15731	13827
Jun 29, 2022	15188	19	19118	14413
Jun 30, 2022	15780	28	17237	14684
Jul 01, 2022	15080	35	13910	13929
Jul 02, 2022	14513	38	16135	13958
Jul 03, 2022	13537	43	14224	12456
Jul 04, 2022	14221	42	15021	15394
Jul 05, 2022	15954	26	21075	14650
Jul 06, 2022	17711	20	18418	15899
Jul 07, 2022	19404	45	17092	16104
Jul 08, 2022	13426	38	20441	14553
Jul 09, 2022	13137	47	14494	14629
Jul 10, 2022	12561	56	13615	13265
Jul 11, 2022	11783	49	19211	15447
Jul 12, 2022	12138	51	17834	16482
Jul 13, 2022	12509	25	20038	16994
Jul 14, 2022	12533	40	20044	18301
Jul 15, 2022	11928	45	20528	17790
Jul 16, 2022	11375	60	16935	16069
Jul 17, 2022	10536	67	15528	16113
Jul 18, 2022	9625	36	20557	18517
Jul 19, 2022	9468	41	21566	18294
Jul 20, 2022	9764	36	21880	21219
Jul 21, 2022	9927	57	21411	20726
Jul 22, 2022	9154	44	20279	18143
Jul 23, 2022	8732	47	16866	18148
Jul 24, 2022	8616	54	14830	0
Jul 25, 2022	8497	45	18313	18159
Jul 26, 2022	8377	39	20557	39958
Jul 27, 2022	8261	34	20409	22697
Jul 28, 2022	8141	47	20408	20958
Jul 29, 2022	8024	53	19673	19336
Jul 30, 2022	7906	70	16464	16112
Jul 31, 2022	7905	49	13734	17897
Aug 01, 2022	7905	40	17135	19823
Aug 02, 2022	7905	41	19893	20419
Aug 03, 2022	7905	42	20551	21595
Aug 04, 2022	7905	54	19406	19928
Aug 05, 2022	7905	53	18738	18558
Aug 06, 2022	7906	49	16167	15549
Aug 07, 2022	7454	68	12751	16412
Aug 08, 2022	7040	41	16047	19539
Aug 09, 2022	7433	32	16299	19431
Aug 10, 2022	8048	29	16561	18053
Aug 11, 2022	8565	36	15815	20018
Aug 12, 2022	8450	72	14092	16454
Aug 13, 2022	8551	47	14917	14238
Aug 14, 2022	8492	36	8813	15040
Aug 15, 2022	8433	43	9062	15220
Aug 16, 2022	8374	36	12608	16251
Aug 17, 2022	8315	48	15754	15220
Aug 18, 2022	8257	36	13272	0
Aug 19, 2022	8198	36	11539	26683
Aug 20, 2022	8139	68	9531	11726
Aug 21, 2022	8038	41	8586	9680
Aug 22, 2022	7937	157	10649	10677
Aug 23, 2022	7836	45	10725	13084
Aug 24, 2022	7735	30	10256	13528
Aug 25, 2022	7634	45	9520	12875
Aug 26, 2022	7533	37	9436	9999
Aug 27, 2022	7431	21	7591	9206
Aug 28, 2022	7949	33	3948	22031
Aug 29, 2022	8467	26	9587	10828
Aug 30, 2022	8985	16	7081	9828
Aug 31, 2022	9504	23	6168	9685
Sep 01, 2022	10023	27	7219	9651
Sep 02, 2022	10542	33	6809	8414
Sep 03, 2022	5234	13	5910	7034
Sep 04, 2022	5577	36	4417	6032
Sep 05, 2022	5920	11	5379	7094
Sep 06, 2022	6263	15	6395	6614
Sep 07, 2022	6606	20	1709	0
Sep 08, 2022	6949	31	9938	13090
Sep 09, 2022	7292	34	5076	5970
Sep 10, 2022	3449	23	5221	5975
Sep 11, 2022	3674	29	4369	5178
Sep 12, 2022	3899	35	5108	5675
Sep 13, 2022	4125	18	6422	5748
Sep 14, 2022	4350	15	6298	5916
Sep 15, 2022	4589	33	5747	5618
Sep 16, 2022	4815	26	5664	4555
Sep 17, 2022	2260	20	4858	4735
Sep 18, 2022	2395	38	4043	4676
Sep 19, 2022	2532	23	4510	5640
Sep 20, 2022	2687	20	5443	5291
Sep 21, 2022	2813	32	5383	6424
Sep 22, 2022	3007	22	4912	5719
Sep 23, 2022	3131	27	4777	5196
Sep 24, 2022	1496	18	4129	4688
Sep 25, 2022	1496	26	3230	4255
Sep 26, 2022	1496	18	3615	4972
Sep 27, 2022	1496	28	4272	4474
Sep 28, 2022	1496	15	3947	5096
Sep 29, 2022	1496	17	3805	5069
Sep 30, 2022	1496	12	3375	4206
Oct 01, 2022	1496	9	3011	4301
Oct 02, 2022	1496	24	1968	3481
Oct 03, 2022	1072	21	2468	3731
Oct 04, 2022	1072	15	2529	3553
Oct 05, 2022	1072	8	1997	3908
Oct 06, 2022	1072	13	2797	3884
Oct 07, 2022	1072	12	2756	3393
Oct 08, 2022	1072	10	2424	2923
Oct 09, 2022	1072	17	1957	2654
Oct 10, 2022	872	21	2139	3208
Oct 11, 2022	872	10	2786	2557
Oct 12, 2022	872	8	2678	2594
Oct 13, 2022	872	10	2430	2378
Oct 14, 2022	872	20	2401	2373
Oct 15, 2022	872	10	2060	1841
Oct 16, 2022	872	4	1542	1919
Oct 17, 2022	872	4	1946	2417
Oct 18, 2022	929	16	2141	2579
Oct 19, 2022	929	3	2119	2582
Oct 20, 2022	929	1	2112	3102
Oct 21, 2022	929	6	1994	2601
Oct 22, 2022	929	12	1334	1557
Oct 23, 2022	929	9	862	1503
Oct 24, 2022	929	8	830	1771
Oct 25, 2022	819	8	1112	1892
Oct 26, 2022	819	53	2208	3619
Oct 27, 2022	819	6	1626	2161
Oct 28, 2022	819	9	1552	2081
Oct 29, 2022	819	18	1326	1723
Oct 30, 2022	819	7	1046	1287
Oct 31, 2022	1006	14	1190	1190
Nov 01, 2022	1006	9	1321	1457
Nov 02, 2022	1006	0	1216	1591
Nov 03, 2022	1006	2	1082	1580
Nov 04, 2022	1006	3	1132	1479
Nov 05, 2022	1006	6	937	1252
Nov 06, 2022	1006	8	625	1119
Nov 07, 2022	1140	3	811	1271
Nov 08, 2022	1140	1	1016	1385
Nov 09, 2022	1140	1	842	1271
Nov 10, 2022	1140	2	833	1024
Nov 11, 2022	1140	11	734	977
Nov 12, 2022	1140	7	547	3385
Nov 13, 2022	1140	0	327	800
Nov 14, 2022	1594	21	493	856
Nov 15, 2022	1594	12	554	1010
Nov 16, 2022	1594	5	653	790
Nov 17, 2022	1594	5	576	0
Nov 18, 2022	1594	5	490	1572
Nov 19, 2022	1594	3	421	481
Nov 20, 2022	1594	4	349	482
Nov 21, 2022	3502	4	332	518
Nov 22, 2022	3502	2	419	568
Nov 23, 2022	3502	1	268	709
Nov 24, 2022	3502	5	498	506
Nov 25, 2022	3502	2	329	471
Nov 26, 2022	3502	2	194	429
Nov 27, 2022	3502	3	343	355
Nov 28, 2022	3502	1	209	401
Nov 29, 2022	7754	2	480	377
Nov 30, 2022	7754	3	125	368
Dec 01, 2022	7754	5	211	325
Dec 02, 2022	7754	9	264	293
Dec 03, 2022	7754	6	208	319
Dec 04, 2022	7754	1	207	251
Dec 05, 2022	9626	4	295	251
Dec 06, 2022	9626	0	119	243
Dec 07, 2022	9626	0	221	259
Dec 08, 2022	9626	0	224	390
Dec 09, 2022	9626	5	180	303
Dec 10, 2022	9626	0	161	166
Dec 11, 2022	9626	4	172	175
Dec 12, 2022	9342	5	122	151
Dec 13, 2022	9342	2	162	274
Dec 14, 2022	9342	3	161	238
Dec 15, 2022	9342	3	220	246
Dec 16, 2022	9342	1	143	227
Dec 17, 2022	9342	9	155	126
Dec 18, 2022	9342	1	137	178
Dec 19, 2022	6761	2	103	210
Dec 20, 2022	6761	2	145	190
Dec 21, 2022	6761	1	226	176
Dec 22, 2022	6761	0	188	183
Dec 23, 2022	6761	2	170	198
Dec 24, 2022	6761	1	201	190
Dec 25, 2022	6761	3	169	163
Dec 26, 2022	6761	3	215	141
Dec 27, 2022	4076	2	174	182
Dec 28, 2022	4076	0	329	185
Dec 29, 2022	4076	0	147	179
Dec 30, 2022	4076	0	151	1209
Dec 31, 2022	4076	7	341	207
Jan 01, 2023	4076	4	193	222
Jan 02, 2023	4076	2	163	187
Jan 03, 2023	2999	1	141	0
Jan 04, 2023	2999	1	202	476
Jan 05, 2023	2999	0	264	204
Jan 06, 2023	2999	0	149	247
Jan 07, 2023	2999	0	153	221
Jan 08, 2023	2999	4	185	172
Jan 09, 2023	2999	0	168	148
Jan 10, 2023	2086	0	170	0
Jan 11, 2023	2086	0	191	0
Jan 12, 2023	2086	2	0	661
Jan 13, 2023	2086	0	0	182
Jan 14, 2023	2086	0	0	144
Jan 15, 2023	2086	2	0	163
Jan 16, 2023	1538	3	0	173
Jan 17, 2023	1538	2	0	170
Jan 18, 2023	1538	2	0	161
Jan 19, 2023	1538	0	0	135
Jan 20, 2023	1538	1	37	117
Jan 21, 2023	1538	1	94	118
Jan 22, 2023	1538	0	89	0
Jan 23, 2023	1122	1	102	201
Jan 24, 2023	1122	0	132	147
Jan 25, 2023	1122	0	99	108
Jan 26, 2023	1122	0	93	147
Jan 27, 2023	1122	0	109	108
Jan 28, 2023	1122	1	80	74
Jan 29, 2023	1122	4	65	158
Jan 30, 2023	1122	0	111	83
Jan 31, 2023	899	0	128	0
Feb 01, 2023	899	0	99	245
Feb 02, 2023	899	1	128	96
Feb 03, 2023	899	2	113	88
Feb 04, 2023	899	2	91	91
Feb 05, 2023	899	0	89	135
Feb 06, 2023	747	0	96	81
Feb 07, 2023	747	3	109	111
Feb 08, 2023	747	0	114	96
Feb 09, 2023	747	3	132	109
Feb 10, 2023	747	1	124	101
Feb 11, 2023	747	0	82	85
Feb 12, 2023	747	0	74	93
Feb 13, 2023	617	3	102	94
Feb 14, 2023	617	1	126	113
Feb 15, 2023	617	0	156	129
Feb 16, 2023	617	1	117	112
Feb 17, 2023	617	1	142	107
Feb 18, 2023	617	1	120	102
Feb 19, 2023	617	0	95	90
Feb 20, 2023	617	5	125	110
Feb 21, 2023	617	1	193	127
Feb 22, 2023	617	1	169	152
Feb 23, 2023	525	1	180	106
Feb 24, 2023	525	0	218	154
Feb 25, 2023	525	0	185	104
Feb 26, 2023	525	3	169	140
Feb 27, 2023	370	0	240	161
Feb 28, 2023	370	0	268	164
Mar 01, 2023	370	0	283	197
Mar 02, 2023	370	0	334	170
Mar 03, 2023	370	1	324	219
Mar 04, 2023	370	3	281	171
Mar 05, 2023	370	1	266	197
Mar 06, 2023	598	1	326	220
Mar 07, 2023	598	1	379	277
Mar 08, 2023	598	2	440	320
Mar 09, 2023	598	5	456	0
Mar 10, 2023	598	1	524	654
Mar 11, 2023	598	5	444	252
Mar 12, 2023	598	4	402	306
Mar 13, 2023	598	3	618	319
Mar 14, 2023	697	4	754	327
Mar 15, 2023	697	2	796	388
Mar 16, 2023	697	5	843	476
Mar 17, 2023	697	3	1071	542
Mar 18, 2023	697	2	918	479
Mar 19, 2023	697	6	646	435
Mar 20, 2023	888	7	1134	662
Mar 21, 2023	888	6	1300	718
Mar 22, 2023	888	4	1249	925
Mar 23, 2023	888	7	1590	910
Mar 24, 2023	888	14	1890	1051
Mar 25, 2023	888	5	1805	932
Mar 26, 2023	888	9	1573	888
Mar 27, 2023	888	5	2151	1222
Mar 28, 2023	888	11	3016	1396
Mar 29, 2023	888	9	3094	1390
Mar 30, 2023	1093	15	2995	1840
Mar 31, 2023	1093	13	3824	1784
Apr 01, 2023	1093	14	3641	1800
Apr 02, 2023	1093	11	3038	2069
Apr 03, 2023	1093	11	4435	2508
Apr 04, 2023	1093	14	5335	2826
Apr 05, 2023	951	21	6050	3320
Apr 06, 2023	951	16	6155	3253
Apr 07, 2023	951	19	5357	3726
Apr 08, 2023	951	29	5880	3481
Apr 09, 2023	951	27	5676	3761
Apr 10, 2023	951	23	7830	4692
Apr 11, 2023	951	27	10158	5356
Apr 12, 2023	951	11	11109	6456
Apr 13, 2023	548	38	10753	6628
Apr 14, 2023	548	40	10093	6248
Apr 15, 2023	548	28	9111	6313
Apr 16, 2023	548	42	7633	6702
Apr 17, 2023	548	29	10542	8175
Apr 18, 2023	548	16	12591	10827
Apr 19, 2023	548	24	11692	10780
Apr 20, 2023	614	29	12193	10765
Apr 21, 2023	614	26	10112	9833
Apr 22, 2023	614	44	6904	9011
Apr 23, 2023	614	40	6934	9213
Apr 24, 2023	614	25	9629	11967
Apr 25, 2023	614	14	9355	12932
Apr 26, 2023	614	17	7533	11047
Apr 27, 2023	558	20	7171	9669
Apr 28, 2023	558	22	5874	8148
Apr 29, 2023	558	36	4282	6037
Apr 30, 2023	558	17	3325	6379
May 01, 2023	558	21	3720	7698
May 02, 2023	558	12	3962	7873
May 03, 2023	521	15	3611	6587
May 04, 2023	521	15	2961	6135
May 05, 2023	521	14	2380	5188
May 06, 2023	521	17	1839	3861
May 07, 2023	521	14	1331	3752
May 08, 2023	521	3	2109	3430
May 09, 2023	521	8	1690	3469
May 10, 2023	583	12	1580	3167
May 11, 2023	583	4	1223	2720
May 12, 2023	583	20	1272	2252
May 13, 2023	583	4	801	1815
May 14, 2023	583	6	656	2100
May 15, 2023	583	8	1021	2661
May 16, 2023	583	7	906	2100
May 17, 2023	585	4	865	1948
May 18, 2023	585	6	782	1193
May 19, 2023	585	5	756	1308
May 20, 2023	585	2	473	958
May 21, 2023	585	3	405	920
May 22, 2023	585	5	552	1059
May 23, 2023	585	2	535	953
May 24, 2023	585	1	490	949
May 25, 2023	585	3	425	870
May 26, 2023	585	2	403	685
May 27, 2023	585	2	310	571
May 28, 2023	585	4	224	429
May 29, 2023	585	2	310	588
May 30, 2023	585	2	288	583
May 31, 2023	751	2	267	454
Jun 01, 2023	751	0	237	467
Jun 02, 2023	751	2	202	359
Jun 03, 2023	751	2	174	322
Jun 04, 2023	751	0	124	314
Jun 05, 2023	751	3	214	384
Jun 06, 2023	751	0	199	341
Jun 07, 2023	1123	1	169	299
Jun 08, 2023	1123	0	186	240
Jun 09, 2023	1123	1	140	188
Jun 10, 2023	1123	0	0	0
Jun 11, 2023	1123	0	0	373
Jun 12, 2023	1123	2	292	220
Jun 13, 2023	1123	1	106	186
Jun 14, 2023	1152	1	96	146
Jun 15, 2023	1152	1	108	142
Jun 16, 2023	1152	2	90	146
Jun 17, 2023	1152	2	63	77
Jun 18, 2023	1152	1	36	101
Jun 19, 2023	1152	0	92	149
Jun 20, 2023	1152	0	95	95
Jun 21, 2023	1152	0	51	121
Jun 22, 2023	1152	0	55	113
Jun 23, 2023	1152	2	80	63
Jun 24, 2023	1152	0	47	62
Jun 25, 2023	1152	1	0	0
Jun 26, 2023	1152	1	33	82
Jun 27, 2023	1152	0	112	167
Jun 28, 2023	1152	1	0	0
Jun 29, 2023	1152	2	84	119
Jun 30, 2023	1152	0	53	75
Jul 01, 2023	1152	2	0	0
Jul 02, 2023	1152	0	70	91
Jul 03, 2023	779	1	56	69
Jul 04, 2023	779	0	0	0
Jul 05, 2023	779	0	87	83
Jul 06, 2023	779	0	0	0
Jul 07, 2023	779	0	81	81
Jul 08, 2023	779	1	24	47
Jul 09, 2023	779	0	20	31
Jul 10, 2023	779	1	46	53
Jul 11, 2023	779	0	0	0
Jul 12, 2023	544	0	100	116
Jul 13, 2023	544	0	54	42
Jul 14, 2023	544	0	59	34
Jul 15, 2023	544	0	43	34
Jul 16, 2023	544	0	0	0
Jul 17, 2023	544	0	0	0
Jul 18, 2023	544	0	134	99
Jul 19, 2023	422	0	0	0
Jul 20, 2023	422	0	0	0
Jul 21, 2023	422	0	0	0
Jul 22, 2023	422	0	256	268
Jul 23, 2023	422	0	0	0
Jul 24, 2023	422	1	81	76
Jul 25, 2023	422	1	42	59
Jul 26, 2023	244	0	52	49
Jul 27, 2023	244	0	50	49
Jul 28, 2023	244	1	52	43
Jul 29, 2023	244	0	41	37
Jul 30, 2023	244	0	36	29
Jul 31, 2023	244	0	0	0
Aug 01, 2023	244	0	137	77
Aug 02, 2023	169	0	0	0
Aug 03, 2023	169	0	131	111
Aug 04, 2023	169	2	47	48
Aug 05, 2023	169	0	54	32
Aug 06, 2023	169	0	0	0
Aug 07, 2023	169	1	78	113
Aug 08, 2023	169	0	39	71
Aug 09, 2023	152	1	47	47
Aug 10, 2023	152	0	38	56
Aug 11, 2023	152	2	38	54
Aug 12, 2023	152	0	39	37
Aug 13, 2023	152	1	22	41
Aug 14, 2023	152	0	58	60
Aug 15, 2023	152	1	33	45
Aug 16, 2023	152	0	50	45
Aug 17, 2023	116	0	72	60
Aug 18, 2023	116	0	51	35
Aug 19, 2023	116	1	54	46
Aug 20, 2023	116	1	23	28
Aug 21, 2023	116	0	56	51
Aug 22, 2023	116	1	54	45
Aug 23, 2023	116	0	73	48
Aug 24, 2023	91	0	60	64
Aug 25, 2023	91	1	44	45
Aug 26, 2023	91	0	70	47
Aug 27, 2023	91	0	23	38
Aug 28, 2023	91	0	61	48
Aug 29, 2023	91	0	50	51
Aug 30, 2023	196	0	0	0
Aug 31, 2023	196	0	6	0
Sep 01, 2023	196	0	153	1076
Sep 02, 2023	196	0	0	0
Sep 03, 2023	196	0	0	0
Sep 04, 2023	196	0	140	158
Sep 05, 2023	196	0	71	68
Sep 06, 2023	196	0	46	55
Sep 07, 2023	196	0	59	64
Sep 08, 2023	196	0	68	56
Sep 09, 2023	196	0	70	52
Sep 10, 2023	196	0	40	42
Sep 11, 2023	196	0	97	64
Sep 12, 2023	196	0	58	63
Sep 13, 2023	84	0	60	50
Sep 14, 2023	84	0	72	59
Sep 15, 2023	84	0	55	59
Sep 16, 2023	84	0	55	60
Sep 17, 2023	84	0	26	50
Sep 18, 2023	84	0	51	90
Sep 19, 2023	84	0	44	53
Sep 20, 2023	76	0	55	65
Sep 21, 2023	76	0	70	65
Sep 22, 2023	76	0	62	59
Sep 23, 2023	76	0	40	53
Sep 24, 2023	76	0	38	31
Sep 25, 2023	76	0	47	44
Sep 26, 2023	76	0	51	41
Sep 27, 2023	75	0	40	50
Sep 28, 2023	75	0	41	63
Sep 29, 2023	75	0	56	59
Sep 30, 2023	75	0	36	45
Oct 01, 2023	75	0	42	47
Oct 02, 2023	75	0	38	66
Oct 03, 2023	75	0	250	267
Oct 04, 2023	75	0	39	55
Oct 05, 2023	75	0	42	44
Oct 06, 2023	75	0	43	35
Oct 07, 2023	75	0	38	43
Oct 08, 2023	75	0	26	52
Oct 09, 2023	75	0	46	35
Oct 10, 2023	75	0	0	0
Oct 11, 2023	75	0	72	69
Oct 12, 2023	75	0	51	41
Oct 13, 2023	75	0	0	0
Oct 14, 2023	75	0	0	0
Oct 15, 2023	75	0	0	0
Oct 16, 2023	75	0	119	172
Oct 17, 2023	75	0	48	47
Oct 18, 2023	75	0	37	41
Oct 19, 2023	75	0	0	0
Oct 20, 2023	75	2	0	0
Oct 21, 2023	75	0	0	0
Oct 22, 2023	155	0	1287	0
Oct 23, 2023	155	0	0	0
Oct 24, 2023	155	0	98	183
Oct 25, 2023	155	0	0	0
Oct 26, 2023	155	0	61	36
Oct 27, 2023	155	0	0	0
Oct 28, 2023	155	0	57	75
Oct 29, 2023	155	0	0	0
Oct 30, 2023	155	0	0	0
Oct 31, 2023	155	0	0	0
Nov 01, 2023	155	0	0	0
Nov 02, 2023	155	0	0	0
Nov 03, 2023	155	2	0	0
Nov 04, 2023	155	0	0	0
Nov 05, 2023	155	0	0	0
Nov 06, 2023	155	0	0	0
Nov 07, 2023	155	0	140	218
Nov 08, 2023	155	0	0	0
Nov 09, 2023	155	0	0	0
Nov 10, 2023	155	0	0	0
Nov 11, 2023	155	0	56	84
Nov 12, 2023	155	0	0	0
Nov 13, 2023	155	0	28	24
Nov 14, 2023	155	0	18	12
Nov 15, 2023	155	0	26	0
Nov 16, 2023	155	0	0	0
Nov 17, 2023	155	0	0	0
Nov 18, 2023	155	2	57	55
Nov 19, 2023	82	0	13	14
Nov 20, 2023	82	0	0	0
Nov 21, 2023	82	1	49	27
Nov 22, 2023	82	0	36	26
Nov 23, 2023	82	0	42	16
Nov 24, 2023	82	0	0	0
Nov 25, 2023	82	0	52	41
Nov 26, 2023	82	0	22	16
Nov 27, 2023	82	0	0	0
Nov 28, 2023	82	0	137	76
Nov 29, 2023	82	3	71	37
Nov 30, 2023	82	0	0	0
Dec 01, 2023	82	4	0	0
Dec 02, 2023	82	0	0	0
Dec 03, 2023	82	0	306	143
Dec 04, 2023	82	0	0	0
Dec 05, 2023	82	0	240	115
Dec 06, 2023	82	2	0	0
Dec 07, 2023	82	0	0	0
Dec 08, 2023	82	2	0	0
Dec 09, 2023	82	0	0	0
Dec 10, 2023	82	0	780	398
Dec 11, 2023	82	0	0	0
Dec 12, 2023	82	0	489	315
Dec 13, 2023	82	0	0	0
Dec 14, 2023	82	0	0	0
Dec 15, 2023	82	0	0	0
Dec 16, 2023	82	0	0	0
Dec 17, 2023	82	19	0	0
Dec 18, 2023	82	4	0	0
Dec 19, 2023	82	1	0	0
Dec 20, 2023	82	0	0	0
Dec 21, 2023	82	4	3382	1551
Dec 22, 2023	82	3	752	325
Dec 23, 2023	82	6	656	333
Dec 24, 2023	2082	5	0	0
Dec 25, 2023	2082	7	1040	608
Dec 26, 2023	2082	3	529	0
Dec 27, 2023	2082	3	702	0
Dec 28, 2023	2082	2	797	0
Dec 29, 2023	2082	5	743	2923
Dec 30, 2023	2082	2	841	526
Dec 31, 2023	2388	12	636	548
Jan 01, 2024	2388	2	573	400
Jan 02, 2024	2388	5	602	722
Jan 03, 2024	2388	4	760	775
Jan 04, 2024	2388	6	761	838
Jan 05, 2024	2388	4	774	919
Jan 06, 2024	2388	3	756	889
Jan 07, 2024	4291	3	605	731
Jan 08, 2024	4291	0	475	469
Jan 09, 2024	4291	2	605	1098
Jan 10, 2024	4291	0	514	511
Jan 11, 2024	4291	3	609	660
Jan 12, 2024	4291	3	441	571
Jan 13, 2024	4291	3	375	536
Jan 14, 2024	5323	2	272	357
Jan 15, 2024	5323	3	189	372
Jan 16, 2024	5323	6	269	514
Jan 17, 2024	5323	2	305	419
Jan 18, 2024	5323	3	355	461
Jan 19, 2024	5323	2	313	600
Jan 20, 2024	5323	1	290	266
Jan 21, 2024	5323	1	203	226
Jan 22, 2024	5323	1	236	236
Jan 23, 2024	5323	1	160	303
Jan 24, 2024	5323	0	198	319
Jan 25, 2024	5323	0	187	276
Jan 26, 2024	5323	2	159	209
Jan 27, 2024	5323	1	182	279
Jan 28, 2024	5323	3	112	177
Jan 29, 2024	5323	0	124	169
Jan 30, 2024	5323	3	133	157
Jan 31, 2024	5323	0	160	210
Feb 01, 2024	5323	1	187	141
Feb 02, 2024	5323	2	0	0
Feb 03, 2024	5323	1	347	252
Feb 04, 2024	108	0	122	73
Feb 05, 2024	108	3	124	137
Feb 06, 2024	108	1	157	167
Feb 07, 2024	108	0	211	228
Feb 08, 2024	108	4	0	0
Feb 09, 2024	108	1	22	623
Feb 10, 2024	108	1	376	379
Feb 11, 2024	108	2	74	73
Feb 12, 2024	108	2	123	114
Feb 13, 2024	108	0	120	149
Feb 14, 2024	108	0	120	148
Feb 15, 2024	108	1	166	122
Feb 16, 2024	108	2	144	161
Feb 17, 2024	108	1	155	128
Feb 18, 2024	108	0	110	84
Feb 19, 2024	108	1	105	122
Feb 20, 2024	108	1	161	155
Feb 21, 2024	108	0	136	159
Feb 22, 2024	108	6	0	0
Feb 23, 2024	64	1	322	294
Feb 24, 2024	64	4	148	132
Feb 25, 2024	64	2	0	0
Feb 26, 2024	64	0	239	196
Feb 27, 2024	64	4	181	200
Feb 28, 2024	64	1	193	151
Feb 29, 2024	64	3	204	153
Mar 01, 2024	64	0	182	133
Mar 02, 2024	64	0	178	141
Mar 03, 2024	64	0	120	92
Mar 04, 2024	64	0	135	189
Mar 05, 2024	64	11	0	0
Mar 06, 2024	64	0	0	0
Mar 07, 2024	64	0	0	0
Mar 08, 2024	64	2	0	0
Mar 09, 2024	64	1	947	862
Mar 10, 2024	64	0	148	117
Mar 11, 2024	64	0	138	220
Mar 12, 2024	64	8	197	213
Mar 13, 2024	64	2	199	219
Mar 14, 2024	64	2	0	0
Mar 15, 2024	64	0	0	0
Mar 16, 2024	64	8	559	452
Mar 17, 2024	64	2	129	95
Mar 18, 2024	64	2	86	143
Mar 19, 2024	64	2	0	0
Mar 20, 2024	64	NA	331	430
Mar 21, 2024	64	NA	131	139
Mar 22, 2024	64	NA	180	180
Mar 23, 2024	64	NA	132	204
Mar 24, 2024	64	NA	NA	NA
