Dates	Active	Deaths	Newcases	recover
Feb 15, 2020	0	1	0	0
Feb 16, 2020	0	0	1	0
Feb 17, 2020	0	0	6	0
Feb 18, 2020	0	1	1	0
Feb 19, 2020	0	0	3	0
Feb 20, 2020	0	3	5	0
Feb 21, 2020	0	0	2	0
Feb 22, 2020	0	0	2	0
Feb 23, 2020	0	0	10	0
Feb 24, 2020	0	0	3	0
Feb 25, 2020	0	0	11	0
Feb 26, 2020	0	3	11	0
Feb 27, 2020	0	0	9	0
Feb 28, 2020	0	3	14	0
Feb 29, 2020	0	0	18	0
Mar 01, 2020	0	0	31	0
Mar 02, 2020	0	5	30	0
Mar 03, 2020	1	5	0	0
Mar 04, 2020	1	10	108	0
Mar 05, 2020	2	3	35	0
Mar 06, 2020	8	16	86	0
Mar 07, 2020	8	3	115	0
Mar 08, 2020	10	8	87	0
Mar 09, 2020	15	10	0	0
Mar 10, 2020	17	13	156	0
Mar 11, 2020	18	10	75	0
Mar 12, 2020	28	16	0	0
Mar 13, 2020	28	3	234	0
Mar 14, 2020	39	8	79	3
Mar 15, 2020	47	18	132	0
Mar 16, 2020	56	18	88	0
Mar 17, 2020	70	13	98	0
Mar 18, 2020	88	37	103	0
Mar 19, 2020	116	8	74	0
Mar 20, 2020	146	18	87	0
Mar 21, 2020	143	3	80	24
Mar 22, 2020	227	21	99	24
Mar 23, 2020	238	10	81	1
Mar 24, 2020	318	26	167	0
Mar 25, 2020	428	26	0	20
Mar 26, 2020	485	3	135	0
Mar 27, 2020	482	24	0	0
Mar 28, 2020	622	5	294	19
Mar 29, 2020	675	21	98	137
Mar 30, 2020	530	24	0	12
Mar 31, 2020	742	21	170	8
Apr 01, 2020	800	16	102	8
Apr 02, 2020	914	29	90	10
Apr 03, 2020	976	24	113	13
Apr 04, 2020	1058	18	144	1
Apr 05, 2020	1152	13	147	45
Apr 06, 2020	1163	26	172	13
Apr 07, 2020	1219	18	173	20
Apr 08, 2020	1266	10	112	7
Apr 09, 2020	1321	18	111	10
Apr 10, 2020	1384	31	124	65
Apr 11, 2020	1468	24	158	28
Apr 12, 2020	1437	37	143	47
Apr 13, 2020	1504	10	104	44
Apr 14, 2020	1450	24	149	37
Apr 15, 2020	1681	24	102	35
Apr 16, 2020	1718	29	104	35
Apr 17, 2020	1680	18	133	19
Apr 18, 2020	1807	13	188	24
Apr 19, 2020	1880	24	163	28
Apr 20, 2020	1921	13	240	103
Apr 21, 2020	1907	26	165	32
Apr 22, 2020	1998	63	258	47
Apr 23, 2020	2082	8	244	57
Apr 24, 2020	2168	18	285	54
Apr 25, 2020	2263	26	316	77
Apr 26, 2020	2280	24	255	33
Apr 27, 2020	2345	29	345	22
Apr 28, 2020	2421	26	326	30
Apr 29, 2020	2531	34	263	64
Apr 30, 2020	2600	45	303	36
May 01, 2020	2650	31	438	28
May 02, 2020	2740	18	474	34
May 03, 2020	2784	39	648	88
May 04, 2020	2763	45	718	30
May 05, 2020	2856	42	704	52
May 06, 2020	2968	21	723	77
May 07, 2020	3030	31	552	58
May 08, 2020	3183	21	600	69
May 09, 2020	3261	29	705	29
May 10, 2020	3477	45	769	80
May 11, 2020	3617	34	717	25
May 12, 2020	3864	37	795	404
May 13, 2020	3750	66	637	119
May 14, 2020	3823	63	564	112
May 15, 2020	4048	42	904	37
May 16, 2020	4319	42	949	35
May 17, 2020	4521	76	929	56
May 18, 2020	4744	63	840	247
May 19, 2020	4906	47	983	61
May 20, 2020	5293	79	774	99
May 21, 2020	5808	52	826	30
May 22, 2020	6451	79	1141	468
May 23, 2020	6656	47	1226	202
May 24, 2020	7159	55	1386	267
May 25, 2020	7405	63	1391	168
May 26, 2020	7792	92	1531	182
May 27, 2020	8273	92	1282	268
May 28, 2020	8753	81	1208	171
May 29, 2020	9268	34	1374	0
May 30, 2020	10042	50	1393	548
May 31, 2020	10102	84	1958	185
Jun 01, 2020	10436	92	2060	188
Jun 02, 2020	11118	100	1634	187
Jun 03, 2020	11843	89	1581	97
Jun 04, 2020	12609	89	2146	95
Jun 05, 2020	13291	60	2272	92
Jun 06, 2020	14140	66	2648	729
Jun 07, 2020	14143	126	2606	396
Jun 08, 2020	14497	71	2886	263
Jun 09, 2020	15312	47	2401	423
Jun 10, 2020	16068	85	2189	341
Jun 11, 2020	17034	121	2335	411
Jun 12, 2020	17962	126	2262	340
Jun 13, 2020	19074	115	2667	481
Jun 14, 2020	19828	96	2744	327
Jun 15, 2020	20654	154	2845	283
Jun 16, 2020	21682	159	2590	338
Jun 17, 2020	22645	179	2439	209
Jun 18, 2020	24302	132	2632	1130
Jun 19, 2020	25151	127	2979	355
Jun 20, 2020	26396	165	3604	522
Jun 21, 2020	27405	120	3663	425
Jun 22, 2020	29042	207	3367	423
Jun 23, 2020	30799	193	3449	240
Jun 24, 2020	33107	181	2657	972
Jun 25, 2020	34652	211	3099	3628
Jun 26, 2020	33821	192	3645	727
Jun 27, 2020	35435	120	4236	991
Jun 28, 2020	36567	152	3637	1004
Jun 29, 2020	37772	212	4518	890
Jun 30, 2020	39073	244	3223	1012
Jul 01, 2020	40681	218	4231	1146
Jul 02, 2020	42194	246	4019	1038
Jul 03, 2020	43880	189	5344	706
Jul 04, 2020	45638	139	5782	1667
Jul 05, 2020	46295	162	6127	934
Jul 06, 2020	47897	206	5493	1564
Jul 07, 2020	49158	190	4814	6407
Jul 08, 2020	46196	193	4192	1811
Jul 09, 2020	47869	196	4890	671
Jul 10, 2020	50433	211	5939	2424
Jul 11, 2020	51331	137	5641	1286
Jul 12, 2020	52537	183	6377	1479
Jul 13, 2020	54037	266	5929	1294
Jul 14, 2020	56181	265	5241	1831
Jul 15, 2020	58393	276	5376	1822
Jul 16, 2020	60027	275	4824	660
Jul 17, 2020	63674	199	6792	2827
Jul 18, 2020	63878	133	7147	1498
Jul 19, 2020	66491	154	7513	1808
Jul 20, 2020	68550	215	7482	2685
Jul 21, 2020	70997	249	6134	1933
Jul 22, 2020	74602	219	4688	2284
Jul 23, 2020	78227	243	7369	2632
Jul 24, 2020	80842	230	7043	2575
Jul 25, 2020	82892	159	7663	2496
Jul 26, 2020	84449	171	7498	2057
Jul 27, 2020	87120	179	6365	2508
Jul 28, 2020	90345	281	6663	2772
Jul 29, 2020	93024	261	5469	2741
Jul 30, 2020	96467	273	4557	3184
Jul 31, 2020	99016	229	6840	2719
Aug 01, 2020	101327	358	6693	2527
Aug 02, 2020	104039	332	8225	2276
Aug 03, 2020	106404	282	8159	2827
Aug 04, 2020	110103	324	7759	2819
Aug 05, 2020	114166	300	5352	2904
Aug 06, 2020	118499	290	8713	3445
Aug 07, 2020	122261	181	8771	4945
Aug 08, 2020	123251	177	10550	61867
Aug 09, 2020	65939	302	10104	4865
Aug 10, 2020	68289	301	11717	6415
Aug 11, 2020	68702	267	9230	5894
Aug 12, 2020	70222	247	7187	5151
Aug 13, 2020	72350	252	9309	6571
Aug 14, 2020	71901	171	10504	6692
Aug 15, 2020	71642	136	10933	6005
Aug 16, 2020	70947	281	12026	6148
Aug 17, 2020	69185	231	10684	5681
Aug 18, 2020	70165	222	9924	5194
Aug 19, 2020	71383	248	6986	4926
Aug 20, 2020	74421	193	9215	6155
Aug 21, 2020	76152	174	12027	5975
Aug 22, 2020	77707	106	12259	5619
Aug 23, 2020	77082	194	11905	5389
Aug 24, 2020	80074	168	11507	6413
Aug 25, 2020	82150	150	10776	5599
Aug 26, 2020	86777	158	9056	5657
Aug 27, 2020	90924	171	9909	5707
Aug 28, 2020	96644	100	11892	7055
Aug 29, 2020	98638	64	11674	6787
Aug 30, 2020	98861	102	12701	7188
Aug 31, 2020	100680	89	11945	7181
Sep 01, 2020	103702	109	9276	7154
Sep 02, 2020	107214	67	8431	6931
Sep 03, 2020	112062	61	8782	9160
Sep 04, 2020	113334	40	12027	8760
Sep 05, 2020	114327	23	12625	8751
Sep 06, 2020	112426	49	13467	8256
Sep 07, 2020	113104	33	12969	9202
Sep 08, 2020	115698	15	11249	15900
Sep 09, 2020	111835	6	8841	7608
Sep 10, 2020	115884	311	11807	10023
Sep 11, 2020	117175	196	13477	9650
Sep 12, 2020	118127	223	14392	9742
Sep 13, 2020	117335	450	14001	9440
Sep 14, 2020	117610	359	14687	9930
Sep 15, 2020	119404	399	11129	9380
Sep 16, 2020	121548	484	7668	8084
Sep 17, 2020	126007	515	11242	10939
Sep 18, 2020	126842	356	14740	10791
Sep 19, 2020	125227	287	16447	10154
Sep 20, 2020	123440	318	15454	20332
Sep 21, 2020	111788	386	15099	8665
Sep 22, 2020	115061	349	12414	8258
Sep 23, 2020	119319	421	10324	11103
Sep 24, 2020	121616	381	9524	10335
Sep 25, 2020	124189	384	13305	9565
Sep 26, 2020	125833	160	14932	9446
Sep 27, 2020	125205	449	17096	10780
Sep 28, 2020	126183	384	16546	9142
Sep 29, 2020	130485	419	13510	8788
Sep 30, 2020	136074	438	10561	8495
Oct 01, 2020	141574	381	12982	11375
Oct 02, 2020	144575	275	16337	11599
Oct 03, 2020	143909	283	18326	10558
Oct 04, 2020	140796	405	16325	12345
Oct 05, 2020	139243	429	15718	11255
Oct 06, 2020	142369	341	11968	10453
Oct 07, 2020	147964	371	9253	14119
Oct 08, 2020	148815	350	11712	12297
Oct 09, 2020	151102	210	14308	12323
Oct 10, 2020	150837	138	13924	11916
Oct 11, 2020	148958	483	13267	11202
Oct 12, 2020	146962	429	13379	9653
Oct 13, 2020	150228	468	9745	8911
Oct 14, 2020	155900	246	6609	13713
Oct 15, 2020	158862	370	9598	13642
Oct 16, 2020	161385	212	12145	12673
Oct 17, 2020	161838	212	10652	12791
Oct 18, 2020	159448	347	11100	0
Oct 19, 2020	171981	276	11786	25682
Oct 20, 2020	162252	348	8037	10873
Oct 21, 2020	169286	251	5331	11334
Oct 22, 2020	173839	263	8317	14841
Oct 23, 2020	174335	262	11977	14418
Oct 24, 2020	171610	129	10880	13706
Oct 25, 2020	166874	291	11163	14767
Oct 26, 2020	163414	379	11859	11758
Oct 27, 2020	165535	241	8468	9803
Oct 28, 2020	169315	185	5645	14987
Oct 29, 2020	167224	258	7893	14967
Oct 30, 2020	165286	112	10621	12838
Oct 31, 2020	161983	100	10332	11377
Nov 01, 2020	157077	120	10097	12700
Nov 02, 2020	153492	310	9608	11262
Nov 03, 2020	153946	282	7140	8369
Nov 04, 2020	155761	227	4184	12490
Nov 05, 2020	154125	275	4265	12100
Nov 06, 2020	153441	106	7164	11076
Nov 07, 2020	150190	151	8593	9598
Nov 08, 2020	145711	257	9043	10666
Nov 09, 2020	143015	198	7846	8320
Nov 10, 2020	146396	228	6098	0
Nov 11, 2020	156928	149	5432	18283
Nov 12, 2020	149557	207	5726	10297
Nov 13, 2020	150856	120	8037	8889
Nov 14, 2020	150173	138	7533	9736
Nov 15, 2020	145953	118	7629	11094
Nov 16, 2020	142461	121	6899	8637
Nov 17, 2020	144066	213	5201	7641
Nov 18, 2020	146516	209	3278	11040
Nov 19, 2020	145388	175	3199	10305
Nov 20, 2020	144433	62	3610	9234
Nov 21, 2020	142227	98	5303	8439
Nov 22, 2020	137872	275	6994	8308
Nov 23, 2020	133709	163	7112	6834
Nov 24, 2020	133729	161	5274	6650
Nov 25, 2020	135390	169	3558	9378
Nov 26, 2020	134828	138	5062	8595
Nov 27, 2020	133804	91	6981	7620
Nov 28, 2020	132176	50	6843	6966
Nov 29, 2020	130491	184	7326	7384
Nov 30, 2020	128576	257	7002	6024
Dec 01, 2020	130391	60	5795	5107
Dec 02, 2020	132589	78	4116	6317
Dec 03, 2020	133752	30	5853	7280
Dec 04, 2020	133164	79	8141	6830
Dec 05, 2020	131415	149	8586	5907
Dec 06, 2020	128648	218	7815	6004
Dec 07, 2020	125725	150	2874	4891
Dec 08, 2020	124323	145	3713	5901
Dec 09, 2020	123512	82	5030	6699
Dec 10, 2020	123598	74	7216	6605
Dec 11, 2020	123930	56	11650	5368
Dec 12, 2020	123774	107	11765	5157
Dec 13, 2020	122077	152	11586	4803
Dec 14, 2020	122061	151	4080	4180
Dec 15, 2020	124699	191	5240	3614
Dec 16, 2020	127767	146	5884	4642
Dec 17, 2020	130282	151	8222	4199
Dec 18, 2020	132947	144	13790	5862
Dec 19, 2020	132789	78	13441	5729
Dec 20, 2020	131126	159	13835	6055
Dec 21, 2020	130740	194	13346	5325
Dec 22, 2020	133299	135	11057	4551
Dec 23, 2020	137274	142	7808	0
Dec 24, 2020	145011	102	8704	0
Dec 25, 2020	147855	68	13783	17950
Dec 26, 2020	133539	112	12725	5699
Dec 27, 2020	132721	425	13286	6754
Dec 28, 2020	132965	234	12332	6205
Dec 29, 2020	138260	150	8932	5791
Dec 30, 2020	144089	139	7264	0
Dec 31, 2020	155593	220	8185	0
Jan 01, 2021	159599	162	12141	20416
Jan 02, 2021	144367	90	12112	5868
Jan 03, 2021	144276	207	11396	5123
Jan 04, 2021	147223	219	10753	8533
Jan 05, 2021	152329	182	8362	7432
Jan 06, 2021	158147	166	5031	10746
Jan 07, 2021	161090	174	7578	10102
Jan 08, 2021	164183	156	10409	9434
Jan 09, 2021	165662	43	10843	7420
Jan 10, 2021	165972	275	9471	6965
Jan 11, 2021	167552	177	9838	9146
Jan 12, 2021	171995	113	6902	8562
Jan 13, 2021	176023	161	4975	13067
Jan 14, 2021	176100	285	6614	12473
Jan 15, 2021	175857	125	9695	11141
Jan 16, 2021	173580	61	9196	10361
Jan 17, 2021	170371	227	8891	11303
Jan 18, 2021	166828	168	8374	9605
Jan 19, 2021	169130	108	6680	9400
Jan 20, 2021	171692	200	3658	11982
Jan 21, 2021	170967	155	5154	11071
Jan 22, 2021	170429	159	7794	9842
Jan 23, 2021	168787	48	7739	9481
Jan 24, 2021	164247	91	7311	10378
Jan 25, 2021	161240	105	7151	8028
Jan 26, 2021	163402	184	6057	8008
Jan 27, 2021	166055	241	4245	10583
Jan 28, 2021	164777	143	3259	10313
Jan 29, 2021	164128	122	4003	9409
Jan 30, 2021	161465	76	6064	8782
Jan 31, 2021	157615	161	7671	8349
Feb 01, 2021	155605	151	7886	8769
Feb 02, 2021	156354	140	5944	6440
Feb 03, 2021	158997	145	3709	9497
Feb 04, 2021	158230	92	5417	9057
Feb 05, 2021	157262	59	7477	8297
Feb 06, 2021	155520	19	8183	6906
Feb 07, 2021	152211	112	8234	7213
Feb 08, 2021	149925	115	5083	6143
Feb 09, 2021	151408	261	5469	5799
Feb 10, 2021	153240	191	3168	8140
Feb 11, 2021	152211	140	4658	7900
Feb 12, 2021	151307	86	6653	6805
Feb 13, 2021	150400	10	7855	6153
Feb 14, 2021	148444	241	7432	6324
Feb 15, 2021	145288	131	7891	4849
Feb 16, 2021	144337	107	4860	4587
Feb 17, 2021	145630	134	2922	6573
Feb 18, 2021	146487	85	5058	6194
Feb 19, 2021	148036	68	7307	5788
Feb 20, 2021	148070	24	7693	5068
Feb 21, 2021	146635	166	8204	5712
Feb 22, 2021	146179	200	7849	5685
Feb 23, 2021	147820	195	6278	4670
Feb 24, 2021	151193	155	3697	4164
Feb 25, 2021	155118	90	6164	6102
Feb 26, 2021	154007	41	8235	6253
Feb 27, 2021	153164	28	8304	5934
Feb 28, 2021	150379	126	8328	6317
Mar 01, 2021	148608	152	8160	5598
Mar 02, 2021	149548	123	6826	4653
Mar 03, 2021	152489	146	4032	6788
Mar 04, 2021	152942	143	6401	6468
Mar 05, 2021	154225	133	9405	5472
Mar 06, 2021	153527	81	8300	5499
Mar 07, 2021	150940	162	8238	5724
Mar 08, 2021	150033	125	12936	5051
Mar 09, 2021	152158	122	10338	5049
Mar 10, 2021	154695	83	7208	6822
Mar 11, 2021	155943	82	14014	6404
Mar 12, 2021	157303	83	10154	6291
Mar 13, 2021	157222	93	16056	5746
Mar 14, 2021	155149	272	14430	6312
Mar 15, 2021	154835	163	9902	5379
Mar 16, 2021	157491	198	10384	4527
Mar 17, 2021	161073	290	9955	6756
Mar 18, 2021	162490	228	13667	6852
Mar 19, 2021	163708	297	20870	6935
Mar 20, 2021	163558	132	22039	6489
Mar 21, 2021	161073	178	23683	7533
Mar 22, 2021	159815	217	24130	6271
Mar 23, 2021	162797	368	19419	5078
Mar 24, 2021	165896	383	15262	7437
Mar 25, 2021	166551	159	19437	8007
Mar 26, 2021	171337	80	27001	7749
Mar 27, 2021	173793	64	25157	7287
Mar 28, 2021	173633	248	24999	8741
Mar 29, 2021	178744	316	29472	7597
Mar 30, 2021	181176	291	19119	6763
Mar 31, 2021	190347	537	16267	9650
Apr 01, 2021	195044	556	20461	9688
Apr 02, 2021	195176	298	29145	8686
Apr 03, 2021	196791	170	25932	9840
Apr 04, 2021	196813	443	27216	13029
Apr 05, 2021	197179	512	27884	10536
Apr 06, 2021	207350	348	21220	10580
Apr 07, 2021	218611	561	15012	14358
Apr 08, 2021	227646	357	18793	14943
Apr 09, 2021	236605	231	25495	13857
Apr 10, 2021	241870	156	23718	15357
Apr 11, 2021	241643	540	26053	13984
Apr 12, 2021	246918	410	22420	15751
Apr 13, 2021	257951	663	16502	15611
Apr 14, 2021	267129	398	11394	21746
Apr 15, 2021	269999	609	15920	23875
Apr 16, 2021	275437	170	26238	19701
Apr 17, 2021	274775	283	24079	20363
Apr 18, 2021	270615	496	24086	22212
Apr 19, 2021	268616	490	22552	21470
Apr 20, 2021	275975	496	18024	16822
Apr 21, 2021	284794	447	11582	25118
Apr 22, 2021	286355	599	17381	24721
Apr 23, 2021	288962	400	25976	21763
Apr 24, 2021	288121	269	24475	21890
Apr 25, 2021	281073	505	26531	23837
Apr 26, 2021	275586	744	27363	21219
Apr 27, 2021	279350	494	21469	18941
Apr 28, 2021	283779	434	16350	25913
Apr 29, 2021	283358	692	28680	26229
Apr 30, 2021	279192	297	35543	21053
May 01, 2021	274410	375	39652	20838
May 02, 2021	264810	417	35884	21875
May 03, 2021	258315	576	35468	19386
May 04, 2021	264757	532	32171	17007
May 05, 2021	271166	547	24801	22765
May 06, 2021	272089	558	22651	20672
May 07, 2021	273360	415	24601	20426
May 08, 2021	270788	348	35399	18837
May 09, 2021	263250	637	41080	19893
May 10, 2021	260242	640	39207	17306
May 11, 2021	268422	587	29841	14977
May 12, 2021	277424	553	21346	22094
May 13, 2021	281414	538	28175	21709
May 14, 2021	286469	456	35355	20802
May 15, 2021	286736	347	35017	18653
May 16, 2021	284164	732	32291	20668
May 17, 2021	291671	721	30950	19058
May 18, 2021	307412	605	23627	16825
May 19, 2021	329745	669	16415	25984
May 20, 2021	339211	687	22195	25011
May 21, 2021	348976	447	31137	23153
May 22, 2021	357697	268	29757	23651
May 23, 2021	358472	686	27628	26234
May 24, 2021	354472	586	26934	24477
May 25, 2021	354020	646	18057	23628
May 26, 2021	365259	528	13043	38186
May 27, 2021	367606	458	21292	33369
May 28, 2021	372886	495	27260	35624
May 29, 2021	366688	301	25878	30601
May 30, 2021	357085	447	23780	31534
May 31, 2021	353089	791	20363	30735
Jun 01, 2021	357069	705	15631	27979
Jun 02, 2021	363520	452	10395	29121
Jun 03, 2021	366137	541	8606	26700
Jun 04, 2021	369849	338	21387	32363
Jun 05, 2021	360657	251	27319	31533
Jun 06, 2021	345192	574	24463	31115
Jun 07, 2021	335540	526	24023	25663
Jun 08, 2021	340293	636	18555	23084
Jun 09, 2021	346361	468	12105	30507
Jun 10, 2021	342813	610	18389	29270
Jun 11, 2021	339790	212	24065	26616
Jun 12, 2021	330784	310	22673	26062
Jun 13, 2021	317497	617	21177	27444
Jun 14, 2021	310659	462	20888	23174
Jun 15, 2021	314159	456	14034	20011
Jun 16, 2021	319380	465	9000	26367
Jun 17, 2021	316265	244	17277	25983
Jun 18, 2021	310187	353	21590	23776
Jun 19, 2021	301547	280	19423	22108
Jun 20, 2021	289533	474	19256	20622
Jun 21, 2021	277070	385	14518	17554
Jun 22, 2021	280112	610	11561	15934
Jun 23, 2021	290792	445	8850	23310
Jun 24, 2021	291493	463	14989	22656
Jun 25, 2021	292319	276	20023	20057
Jun 26, 2021	290479	115	19697	17164
Jun 27, 2021	285169	406	17295	18798
Jun 28, 2021	284186	426	17261	15937
Jun 29, 2021	291788	437	12230	14676
Jun 30, 2021	299149	256	6935	15132
Jul 01, 2021	304726	285	12764	22043
Jul 02, 2021	302961	225	15077	22728
Jul 03, 2021	294055	137	14632	19182
Jul 04, 2021	283563	384	13500	19850
Jul 05, 2021	280373	247	15622	16690
Jul 06, 2021	284811	470	11136	13932
Jul 07, 2021	289846	291	7506	20216
Jul 08, 2021	288421	473	12555	19506
Jul 09, 2021	283189	135	16757	18737
Jul 10, 2021	275660	51	15883	17967
Jul 11, 2021	266263	273	14115	17919
Jul 12, 2021	262859	402	13483	13770
Jul 13, 2021	268727	300	10356	11810
Jul 14, 2021	276004	276	6083	19146
Jul 15, 2021	273708	190	11183	17556
Jul 16, 2021	272950	89	14850	16064
Jul 17, 2021	268840	157	13736	15526
Jul 18, 2021	260134	502	13786	13120
Jul 19, 2021	259372	204	13549	13180
Jul 20, 2021	260843	223	9803	10876
Jul 21, 2021	264162	181	6141	16082
Jul 22, 2021	261324	246	10180	17034
Jul 23, 2021	259627	121	12412	15349
Jul 24, 2021	255189	105	11397	13648
Jul 25, 2021	248910	64	13369	14153
Jul 26, 2021	246928	300	8472	11785
Jul 27, 2021	251653	247	6183	9337
Jul 28, 2021	257729	189	3727	13645
Jul 29, 2021	257908	229	3636	14133
Jul 30, 2021	256785	147	8172	12515
Jul 31, 2021	254491	135	9764	11580
Aug 01, 2021	248943	257	10596	13741
Aug 02, 2021	246112	197	8160	11153
Aug 03, 2021	249407	160	5889	9808
Aug 04, 2021	253035	151	2979	14602
Aug 05, 2021	251943	153	6135	14722
Aug 06, 2021	250580	54	8119	12870
Aug 07, 2021	247424	59	6994	11733
Aug 08, 2021	241675	224	6847	11900
Aug 09, 2021	239453	205	5807	9862
Aug 10, 2021	241799	193	3725	8507
Aug 11, 2021	244466	190	2073	13381
Aug 12, 2021	244273	161	5358	12015
Aug 13, 2021	240484	88	6731	11206
Aug 14, 2021	235340	67	5328	10362
Aug 15, 2021	228600	162	4653	11134
Aug 16, 2021	221038	178	4318	8913
Aug 17, 2021	219997	111	2486	7719
Aug 18, 2021	221795	137	1397	10619
Aug 19, 2021	221583	183	3893	10669
Aug 20, 2021	218845	74	4106	8821
Aug 21, 2021	215766	46	3531	9151
Aug 22, 2021	209459	238	3661	8400
Aug 23, 2021	206937	176	2816	5894
Aug 24, 2021	208965	153	1795	4946
Aug 25, 2021	210853	132	930	5485
Aug 26, 2021	212064	185	2297	8050
Aug 27, 2021	209668	81	3017	7534
Aug 28, 2021	205805	61	2510	7955
Aug 29, 2021	199864	90	2493	6820
Aug 30, 2021	198178	61	2308	5037
Aug 31, 2021	199667	105	1451	3958
Sep 01, 2021	200844	88	622	6319
Sep 02, 2021	198988	56	2162	6734
Sep 03, 2021	196411	21	1837	4836
Sep 04, 2021	193973	13	2034	5043
Sep 05, 2021	190260	92	1733	4812
Sep 06, 2021	189179	84	1849	3610
Sep 07, 2021	189497	92	993	2937
Sep 08, 2021	189980	49	562	149725
Sep 09, 2021	43779	46	1538	4990
Sep 10, 2021	41422	14	1825	4688
Sep 11, 2021	38455	6	1496	3280
Sep 12, 2021	36059	38	1641	3518
Sep 13, 2021	34600	40	1564	2395
Sep 14, 2021	35046	56	886	2074
Sep 15, 2021	35329	37	386	4060
Sep 16, 2021	33630	28	981	3329
Sep 17, 2021	32424	14	1216	2902
Sep 18, 2021	30892	15	1284	2932
Sep 19, 2021	28521	18	1086	2874
Sep 20, 2021	27719	56	753	1989
Sep 21, 2021	27506	35	470	1553
Sep 22, 2021	27882	51	331	2553
Sep 23, 2021	26974	27	416	2660
Sep 24, 2021	26107	3	1064	1941
Sep 25, 2021	25138	3	1314	1743
Sep 26, 2021	23944	38	1350	2007
Sep 27, 2021	23383	33	1358	1481
Sep 28, 2021	23643	33	790	1190
Sep 29, 2021	23857	26	400	2050
Sep 30, 2021	23399	23	912	1629
Oct 01, 2021	23288	4	1303	1714
Oct 02, 2021	22446	3	1218	1506
Oct 03, 2021	21320	25	1541	1757
Oct 04, 2021	20506	15	1385	1155
Oct 05, 2021	20527	23	908	983
Oct 06, 2021	20772	27	540	1566
Oct 07, 2021	20255	19	1227	1450
Oct 08, 2021	19530	7	1415	1195
Oct 09, 2021	18791	8	1485	1122
Oct 10, 2021	17985	39	1589	1291
Oct 11, 2021	17092	21	1373	912
Oct 12, 2021	17188	19	812	739
Oct 13, 2021	17728	26	548	1120
Oct 14, 2021	17907	28	1138	1155
Oct 15, 2021	18083	8	1340	1027
Oct 16, 2021	17843	13	1264	970
Oct 17, 2021	17270	39	1440	891
Oct 18, 2021	17253	22	1271	782
Oct 19, 2021	17741	19	928	814
Oct 20, 2021	18112	25	593	968
Oct 21, 2021	18659	13	1288	1294
Oct 22, 2021	18727	6	1349	1245
Oct 23, 2021	18386	4	1567	1210
Oct 24, 2021	17713	18	1460	1243
Oct 25, 2021	17672	44	1614	1119
Oct 26, 2021	17953	19	1092	762
Oct 27, 2021	18653	28	591	1286
Oct 28, 2021	18929	19	1417	1310
Oct 29, 2021	18973	14	1622	1334
Oct 30, 2021	18444	3	1553	1311
Oct 31, 2021	17673	5	1755	1289
Nov 01, 2021	17483	33	1518	1038
Nov 02, 2021	17764	43	1095	994
Nov 03, 2021	18015	22	646	1658
Nov 04, 2021	17771	25	641	1209
Nov 05, 2021	17805	12	1644	1341
Nov 06, 2021	17384	12	2234	1187
Nov 07, 2021	16777	25	2260	1403
Nov 08, 2021	16623	35	1912	948
Nov 09, 2021	17002	8	1521	854
Nov 10, 2021	17696	20	888	1443
Nov 11, 2021	17688	22	1968	1149
Nov 12, 2021	18140	4	2332	1179
Nov 13, 2021	18047	3	1881	1317
Nov 14, 2021	17317	34	2681	1300
Nov 15, 2021	17416	23	2382	1055
Nov 16, 2021	17939	5	1690	978
Nov 17, 2021	18495	11	1294	1676
Nov 18, 2021	18546	29	2477	1437
Nov 19, 2021	18608	12	3089	1415
Nov 20, 2021	18274	11	1881	1312
Nov 21, 2021	17605	21	2744	1455
Nov 22, 2021	16786	34	3573	1139
Nov 23, 2021	17258	31	2445	1013
Nov 24, 2021	18436	17	1570	1666
Nov 25, 2021	19008	18	3512	1519
Nov 26, 2021	19376	7	4555	1349
Nov 27, 2021	19536	4	4819	1547
Nov 28, 2021	18865	27	5301	1350
Nov 29, 2021	19458	23	5648	1287
Nov 30, 2021	20468	11	4163	1089
Dec 01, 2021	21252	15	3254	1316
Dec 02, 2021	22597	29	5337	2003
Dec 03, 2021	22954	12	9336	2042
Dec 04, 2021	22598	15	11121	1699
Dec 05, 2021	22190	31	13456	1969
Dec 06, 2021	22664	19	16279	1725
Dec 07, 2021	24005	26	7183	1377
Dec 08, 2021	24504	35	7623	2422
Dec 09, 2021	24815	23	20263	1931
Dec 10, 2021	26428	12	33902	2414
Dec 11, 2021	26447	23	42032	2329
Dec 12, 2021	25677	41	50506	2336
Dec 13, 2021	26832	49	47663	2075
Dec 14, 2021	29278	52	20020	1795
Dec 15, 2021	32271	40	20502	3239
Dec 16, 2021	34316	42	44396	3100
Dec 17, 2021	36846	37	81210	2181
Dec 18, 2021	38821	27	95159	3036
Dec 19, 2021	39035	51	109608	3830
Dec 20, 2021	40515	52	110533	2913
Dec 21, 2021	46915	75	101689	2986
Dec 22, 2021	55039	138	73319	5184
Dec 23, 2021	63296	93	88352	5023
Dec 24, 2021	74523	88	134439	5375
Dec 25, 2021	76319	51	131082	5416
Dec 26, 2021	78511	191	128402	6348
Dec 27, 2021	92395	189	139853	6666
Dec 28, 2021	119612	208	96652	6400
Dec 29, 2021	155218	181	65241	10619
Dec 30, 2021	195070	160	102458	12530
Dec 31, 2021	230180	134	120982	13375
Jan 01, 2022	236813	65	128321	15589
Jan 02, 2022	241703	276	129709	18388
Jan 03, 2022	267670	259	118171	16025
Jan 04, 2022	332806	316	98146	20088
Jan 05, 2022	407825	333	69884	36667
Jan 06, 2022	480726	305	78121	43533
Jan 07, 2022	547684	179	100863	45775
Jan 08, 2022	603561	152	88503	51475
Jan 09, 2022	625378	285	77729	46017
Jan 10, 2022	667662	240	63884	40755
Jan 11, 2022	761294	321	41978	45721
Jan 12, 2022	846580	318	21570	80188
Jan 13, 2022	894656	287	43472	98034
Jan 14, 2022	936382	145	49122	99384
Jan 15, 2022	933562	100	45070	103008
Jan 16, 2022	895744	259	42437	112392
Jan 17, 2022	885619	284	40094	101999
Jan 18, 2022	904413	217	21836	88871
Jan 19, 2022	943655	263	12664	109881
Jan 20, 2022	963302	152	25406	132015
Jan 21, 2022	949298	128	32790	124447
Jan 22, 2022	922863	94	27252	112416
Jan 23, 2022	880266	268	25110	124876
Jan 24, 2022	833235	236	16503	96907
Jan 25, 2022	836932	180	11322	77696
Jan 26, 2022	847423	159	6289	109429
Jan 27, 2022	815390	138	13050	115549
Jan 28, 2022	763420	123	18573	109123
Jan 29, 2022	696096	93	17034	108078
Jan 30, 2022	609436	173	16650	101910
Jan 31, 2022	550713	167	15389	87029
Feb 01, 2022	512566	157	7807	70948
Feb 02, 2022	486367	97	4450	79366
Feb 03, 2022	449120	86	11170	91402
Feb 04, 2022	397525	90	16950	71436
Feb 05, 2022	347780	72	12564	59097
Feb 06, 2022	301247	32	10298	52887
Feb 07, 2022	273507	105	9487	37148
Feb 08, 2022	268865	133	5595	26549
Feb 09, 2022	269351	141	3610	44762
Feb 10, 2022	249436	93	3478	40053
Feb 11, 2022	225734	84	3520	33850
Feb 12, 2022	203078	60	8141	30686
Feb 13, 2022	178587	74	9219	29910
Feb 14, 2022	161459	59	8362	18764
Feb 15, 2022	161032	54	4430	13256
Feb 16, 2022	164630	54	2274	24221
Feb 17, 2022	156900	42	6286	25743
Feb 18, 2022	146408	71	6474	20873
Feb 19, 2022	133219	65	6096	18857
Feb 20, 2022	118719	70	6137	12953
Feb 21, 2022	116763	38	5615	11011
Feb 22, 2022	122535	39	2986	8325
Feb 23, 2022	126617	29	1236	12858
Feb 24, 2022	123960	76	4647	15984
Feb 25, 2022	117377	44	5076	13430
Feb 26, 2022	109452	11	4681	12878
Feb 27, 2022	100112	105	4577	11244
Feb 28, 2022	92314	76	14416	6534
Mar 01, 2022	89195	77	1697	5784
Mar 02, 2022	91419	28	1227	10670
Mar 03, 2022	89827	66	3614	14838
Mar 04, 2022	83258	58	4690	9649
Mar 05, 2022	77955	5	3603	7541
Mar 06, 2022	72628	34	1580	7536
Mar 07, 2022	71304	27	2572	4634
Mar 08, 2022	73085	27	1445	4074
Mar 09, 2022	75053	22	818	4659
Mar 10, 2022	76477	33	2655	4588
Mar 11, 2022	77462	7	3432	7256
Mar 12, 2022	73121	6	2965	6747
Mar 13, 2022	67545	21	2784	6875
Mar 14, 2022	65247	20	1927	4214
Mar 15, 2022	66071	38	802	3470
Mar 16, 2022	67243	14	484	6289
Mar 17, 2022	65502	36	1974	5657
Mar 18, 2022	74185	3	2228	4774
Mar 19, 2022	71064	1	2082	4527
Mar 20, 2022	67753	35	1842	4780
Mar 21, 2022	66482	35	1993	3738
Mar 22, 2022	67358	17	840	2700
Mar 23, 2022	68184	21	453	4090
Mar 24, 2022	65646	21	1590	4092
Mar 25, 2022	64060	17	2077	3577
Mar 26, 2022	61870	0	1720	3191
Mar 27, 2022	59492	28	1428	13640
Mar 28, 2022	48473	28	593	2331
Mar 29, 2022	49547	28	551	2072
Mar 30, 2022	50413	28	428	3361
Mar 31, 2022	49814	28	1615	3696
Apr 01, 2022	48012	29	1615	2643
Apr 02, 2022	46164	29	1615	1490
Apr 03, 2022	45152	16	1615	2635
Apr 04, 2022	44470	16	1615	2116
Apr 05, 2022	44562	16	1616	1611
Apr 06, 2022	44995	17	1616	3068
Apr 07, 2022	43755	17	1538	2801
Apr 08, 2022	42911	16	1600	2564
Apr 09, 2022	41184	13	3099	2370
Apr 10, 2022	39266	11	1545	1927
Apr 11, 2022	38894	11	1333	1515
Apr 12, 2022	39421	11	1304	1385
Apr 13, 2022	39739	11	1024	1407
Apr 14, 2022	39739	11	2521	2874
Apr 15, 2022	37437	11	2521	1819
Apr 16, 2022	36152	10	2571	914
Apr 17, 2022	35666	7	2471	790
Apr 18, 2022	36463	8	2521	2627
Apr 19, 2022	35423	7	2521	3404
Apr 20, 2022	33606	6	2520	2937
Apr 21, 2022	32256	7	4962	2756
Apr 22, 2022	31087	6	5341	1898
Apr 23, 2022	30776	6	4879	773
Apr 24, 2022	31590	7	5360	468
Apr 25, 2022	32644	7	5379	1958
Apr 26, 2022	32270	7	4453	2212
Apr 27, 2022	33141	7	3615	2065
Apr 28, 2022	32604	7	6334	1825
Apr 29, 2022	32095	7	6199	1977
Apr 30, 2022	31406	7	6109	827
May 01, 2022	31590	9	6430	442
May 02, 2022	33658	9	6375	1579
May 03, 2022	34589	10	5899	2066
May 04, 2022	35083	9	6141	1709
May 05, 2022	35834	9	7416	1417
May 06, 2022	36927	9	7665	582
May 07, 2022	38855	9	7201	541
May 08, 2022	40824	12	8314	421
May 09, 2022	45358	12	8027	1607
May 10, 2022	49084	12	8098	1608
May 11, 2022	52348	12	5057	1609
May 12, 2022	56093	12	6661	1608
May 13, 2022	59857	12	6332	1609
May 14, 2022	62695	12	7195	1610
May 15, 2022	64694	3	6161	1609
May 16, 2022	69412	3	6577	1531
May 17, 2022	74073	3	6549	1593
May 18, 2022	78582	3	6570	3092
May 19, 2022	81913	3	5262	1538
May 20, 2022	86743	3	5262	1326
May 21, 2022	91309	3	5262	1297
May 22, 2022	96146	4	5262	1015
May 23, 2022	102538	3	5262	2512
May 24, 2022	107682	3	5262	2511
May 25, 2022	112362	3	5263	2562
May 26, 2022	118105	3	4006	2462
May 27, 2022	123661	3	4006	2512
May 28, 2022	129238	3	4006	2512
May 29, 2022	131774	8	4006	2508
May 30, 2022	135915	8	4006	4950
May 31, 2022	137285	8	4006	5329
Jun 01, 2022	139139	8	4003	4867
Jun 02, 2022	140421	7	3668	5348
Jun 03, 2022	141638	7	3668	5367
Jun 04, 2022	142808	8	3668	4441
Jun 05, 2022	144925	7	3668	3612
Jun 06, 2022	146572	7	3668	6331
Jun 07, 2022	145500	6	3668	6196
Jun 08, 2022	144563	5	3672	6106
Jun 09, 2022	143716	5	3879	6427
Jun 10, 2022	142548	5	3879	6372
Jun 11, 2022	141435	4	3879	5896
Jun 12, 2022	140799	6	3879	6141
Jun 13, 2022	138660	5	3879	7416
Jun 14, 2022	135247	5	3879	7665
Jun 15, 2022	131585	5	3880	0
Jun 16, 2022	135588	5	4549	7201
Jun 17, 2022	132390	5	4549	8314
Jun 18, 2022	128079	5	4549	8027
Jun 19, 2022	124052	9	4549	13155
Jun 20, 2022	114557	8	4549	-22
Jun 21, 2022	118239	8	4549	6661
Jun 22, 2022	115238	8	4551	6332
Jun 23, 2022	112566	8	5665	7195
Jun 24, 2022	109032	8	5665	6161
Jun 25, 2022	106532	8	5665	6577
Jun 26, 2022	103619	11	5665	6549
Jun 27, 2022	100942	11	5665	6516
Jun 28, 2022	98298	11	5665	5262
Jun 29, 2022	96909	11	5666	5262
Jun 30, 2022	95521	11	5962	5262
Jul 01, 2022	94133	11	5962	5262
Jul 02, 2022	92745	10	5962	5262
Jul 03, 2022	91359	13	5962	10525
Jul 04, 2022	85377	13	5962	-39
Jul 05, 2022	89960	13	5962	4006
Jul 06, 2022	90498	13	5963	4006
Jul 07, 2022	91036	13	7535	4006
Jul 08, 2022	91574	13	7535	4006
Jul 09, 2022	92112	13	7535	4006
Jul 10, 2022	92652	11	7535	4006
Jul 11, 2022	94302	10	7535	3967
Jul 12, 2022	95992	10	7535	3668
Jul 13, 2022	97981	10	7535	3668
Jul 14, 2022	99970	10	6032	3668
Jul 15, 2022	101959	10	6032	3668
Jul 16, 2022	103948	10	6032	3668
Jul 17, 2022	105938	18	6032	3668
Jul 18, 2022	108221	18	6032	3615
Jul 19, 2022	110557	18	6032	3879
Jul 20, 2022	112629	18	6035	3879
Jul 21, 2022	114701	18	4456	3879
Jul 22, 2022	116773	18	4456	3879
Jul 23, 2022	118845	18	4456	3879
Jul 24, 2022	120919	12	4456	3879
Jul 25, 2022	124562	12	4456	3804
Jul 26, 2022	128280	12	4456	4549
Jul 27, 2022	131253	11	4462	4549
Jul 28, 2022	134226	11	3522	4549
Jul 29, 2022	137199	11	3522	4549
Jul 30, 2022	140172	11	3522	4549
Jul 31, 2022	143145	10	3522	4549
Aug 01, 2022	144617	10	3522	4460
Aug 02, 2022	146179	9	3522	5665
Aug 03, 2022	146536	9	3527	5665
Aug 04, 2022	146893	9	2833	5665
Aug 05, 2022	147250	9	2833	5665
Aug 06, 2022	147607	9	2833	5665
Aug 07, 2022	147967	9	2833	11331
Aug 08, 2022	141074	9	2833	-71
Aug 09, 2022	145583	8	2833	5962
Aug 10, 2022	144059	8	2836	5962
Aug 11, 2022	142535	8	1662	5962
Aug 12, 2022	141011	8	1662	5962
Aug 13, 2022	139487	8	1662	5962
Aug 14, 2022	137969	9	1662	5962
Aug 15, 2022	135517	9	1662	5837
Aug 16, 2022	133190	10	1662	7535
Aug 17, 2022	129165	9	1664	7535
Aug 18, 2022	125141	8	1128	7535
Aug 19, 2022	121117	8	1128	7535
Aug 20, 2022	117093	8	1128	7535
Aug 21, 2022	113074	4	1128	7535
Aug 22, 2022	108362	4	1128	7455
Aug 23, 2022	103730	4	1128	6032
Aug 24, 2022	100522	4	1134	6032
Aug 25, 2022	97314	3	882	6032
Aug 26, 2022	94106	3	882	6032
Aug 27, 2022	90898	3	882	6032
Aug 28, 2022	87693	6	882	6032
Aug 29, 2022	83314	6	882	5970
Aug 30, 2022	78997	6	882	4456
Aug 31, 2022	76195	6	883	4456
Sep 01, 2022	73393	6	640	4456
Sep 02, 2022	70591	6	640	4456
Sep 03, 2022	67789	6	640	4456
Sep 04, 2022	64989	7	640	8918
Sep 05, 2022	57190	5	640	-58
Sep 06, 2022	58367	6	640	3522
Sep 07, 2022	55963	6	642	3522
Sep 08, 2022	53560	6	419	3522
Sep 09, 2022	51158	5	419	3522
Sep 10, 2022	48756	5	419	3522
Sep 11, 2022	46360	3	419	3522
Sep 12, 2022	43716	3	419	3466
Sep 13, 2022	41128	3	419	2833
Sep 14, 2022	39173	3	421	2833
Sep 15, 2022	37218	3	319	2833
Sep 16, 2022	35264	3	319	2833
Sep 17, 2022	33310	3	319	2833
Sep 18, 2022	31357	2	319	2833
Sep 19, 2022	29158	2	319	2811
Sep 20, 2022	26981	2	319	1662
Sep 21, 2022	25953	2	325	1662
Sep 22, 2022	24925	2	267	1662
Sep 23, 2022	23897	1	267	1662
Sep 24, 2022	22869	1	267	1662
Sep 25, 2022	21843	0	267	1662
Sep 26, 2022	20593	0	267	1622
Sep 27, 2022	19385	0	267	1128
Sep 28, 2022	18670	0	268	1128
Sep 29, 2022	17955	0	0	1128
Sep 30, 2022	17240	0	0	1128
Oct 01, 2022	16526	9	0	1128
Oct 02, 2022	15814	0	0	1128
Oct 03, 2022	15002	0	0	1094
Oct 04, 2022	14224	0	0	882
Oct 05, 2022	13658	0	2082	882
Oct 06, 2022	13092	0	0	882
Oct 07, 2022	12526	0	0	882
Oct 08, 2022	11960	12	0	882
Oct 09, 2022	11400	0	0	882
Oct 10, 2022	10783	0	0	862
Oct 11, 2022	10186	0	0	640
Oct 12, 2022	9811	0	1329	640
Oct 13, 2022	9436	0	0	640
Oct 14, 2022	9061	0	0	640
Oct 15, 2022	8687	12	0	640
Oct 16, 2022	8314	0	0	640
Oct 17, 2022	7674	0	0	630
Oct 18, 2022	7044	0	0	419
Oct 19, 2022	6625	0	1357	419
Oct 20, 2022	6206	0	0	419
Oct 21, 2022	5787	0	0	419
Oct 22, 2022	5368	8	0	419
Oct 23, 2022	7022	0	0	840
Oct 24, 2022	6182	0	0	-9
Oct 25, 2022	6191	0	0	319
Oct 26, 2022	5872	0	1486	319
Oct 27, 2022	5553	0	0	319
Oct 28, 2022	5234	0	0	319
Oct 29, 2022	4915	6	0	319
Oct 30, 2022	5913	0	0	319
Oct 31, 2022	5594	0	0	313
Nov 01, 2022	5281	0	0	267
Nov 02, 2022	5014	0	2206	267
Nov 03, 2022	4747	0	0	267
Nov 04, 2022	4480	0	0	267
Nov 05, 2022	4213	8	0	534
Nov 06, 2022	5024	0	0	-12
Nov 07, 2022	5036	0	0	268
Nov 08, 2022	4768	0	0	0
Nov 09, 2022	4768	0	3323	0
Nov 10, 2022	4768	0	0	0
Nov 11, 2022	4768	0	0	0
Nov 12, 2022	4768	9	0	0
Nov 13, 2022	6246	0	0	-8
Nov 14, 2022	6254	0	0	2082
Nov 15, 2022	4172	0	0	0
Nov 16, 2022	4172	0	12609	0
Nov 17, 2022	4172	0	0	0
Nov 18, 2022	4172	0	0	0
Nov 19, 2022	4172	7	0	0
Nov 20, 2022	6372	0	0	-6
Nov 21, 2022	6378	0	0	1329
Nov 22, 2022	5049	0	0	0
Nov 23, 2022	5049	0	27119	0
Nov 24, 2022	5049	0	0	0
Nov 25, 2022	5049	0	0	0
Nov 26, 2022	5049	39	0	0
Nov 27, 2022	8364	6	0	-8
Nov 28, 2022	8372	7	0	1357
Nov 29, 2022	7015	6	0	0
Nov 30, 2022	7015	6	62261	0
Dec 01, 2022	7015	6	8843	0
Dec 02, 2022	7015	7	8844	0
Dec 03, 2022	7015	6	8843	0
Dec 04, 2022	19615	7	8843	-9
Dec 05, 2022	19624	6	8843	1486
Dec 06, 2022	18138	7	8844	0
Dec 07, 2022	18138	7	8843	0
Dec 08, 2022	18138	7	10365	0
Dec 09, 2022	18138	6	10366	0
Dec 10, 2022	18138	7	10365	0
Dec 11, 2022	45250	11	10366	-7
Dec 12, 2022	45257	11	10365	2206
Dec 13, 2022	43051	11	10366	0
Dec 14, 2022	43051	12	10365	0
Dec 15, 2022	43051	11	5855	0
Dec 16, 2022	43051	11	5854	0
Dec 17, 2022	43051	11	5855	0
Dec 18, 2022	105273	13	5854	3323
Dec 19, 2022	110787	12	5855	-39
Dec 20, 2022	119663	13	5854	0
Dec 21, 2022	128500	13	5855	0
Dec 22, 2022	137337	13	2774	0
Dec 23, 2022	146174	12	2773	0
Dec 24, 2022	155011	13	2774	0
Dec 25, 2022	163848	8	2774	12609
Dec 26, 2022	161597	8	2774	-44
Dec 27, 2022	172001	8	2773	0
Dec 28, 2022	182359	8	2774	0
Dec 29, 2022	192718	8	1231	0
Dec 30, 2022	203076	8	1230	0
Dec 31, 2022	213436	8	1231	0
Jan 01, 2023	223794	4	1230	27119
Jan 02, 2023	202519	4	1231	-47
Jan 03, 2023	208409	4	1230	0
Jan 04, 2023	214253	3	1231	0
Jan 05, 2023	220095	4	632	0
Jan 06, 2023	225939	4	633	0
Jan 07, 2023	231782	4	632	0
Jan 08, 2023	237626	2	632	62261
Jan 09, 2023	178126	3	632	-78
Jan 10, 2023	180965	2	633	8843
Jan 11, 2023	174883	2	632	8844
Jan 12, 2023	168800	2	456	8843
Jan 13, 2023	162718	3	457	8843
Jan 14, 2023	156636	2	456	8843
Jan 15, 2023	150554	0	456	17687
Jan 16, 2023	134090	0	456	-89
Jan 17, 2023	135401	0	457	10365
Jan 18, 2023	126259	0	456	10366
Jan 19, 2023	117115	0	0	10365
Jan 20, 2023	107973	0	0	10366
Jan 21, 2023	98829	11	0	10365
Jan 22, 2023	89687	0	0	20731
Jan 23, 2023	69584	0	0	-56
Jan 24, 2023	70269	0	0	5855
Jan 25, 2023	65042	0	1807	5854
Jan 26, 2023	59817	0	0	5855
Jan 27, 2023	54590	0	0	5854
Jan 28, 2023	49365	10	0	5855
Jan 29, 2023	44138	0	0	11709
Jan 30, 2023	32883	0	0	-27
Jan 31, 2023	33364	0	0	2774
Feb 01, 2023	31044	0	1172	2773
Feb 02, 2023	28725	0	0	2774
Feb 03, 2023	26405	0	0	2774
Feb 04, 2023	24085	5	0	2774
Feb 05, 2023	21765	0	0	5547
Feb 06, 2023	16218	0	0	-16
Feb 07, 2023	16234	0	0	1231
Feb 08, 2023	15003	0	817	1230
Feb 09, 2023	13773	0	0	1231
Feb 10, 2023	12542	0	0	1230
Feb 11, 2023	11312	0	0	1231
Feb 12, 2023	11877	0	0	2461
Feb 13, 2023	9416	0	0	-11
Feb 14, 2023	9427	9	0	632
Feb 15, 2023	8795	0	0	633
Feb 16, 2023	8162	0	0	632
Feb 17, 2023	7530	1	0	632
Feb 18, 2023	6898	0	832	632
Feb 19, 2023	7428	0	0	1265
Feb 20, 2023	6163	0	0	-10
Feb 21, 2023	6173	0	854	456
Feb 22, 2023	5717	0	0	457
Feb 23, 2023	5260	0	0	456
Feb 24, 2023	4804	7	0	456
Feb 25, 2023	4348	0	0	456
Feb 26, 2023	4704	0	0	913
Feb 27, 2023	3791	0	0	-5
Feb 28, 2023	3796	0	1606	0
Mar 01, 2023	3796	0	0	0
Mar 02, 2023	3796	0	0	0
Mar 03, 2023	3796	2	0	0
Mar 04, 2023	3796	0	0	0
Mar 05, 2023	3796	0	0	0
Mar 06, 2023	3796	0	0	1807
Mar 07, 2023	1989	0	1214	0
Mar 08, 2023	2812	0	0	-9
Mar 09, 2023	2821	0	0	0
Mar 10, 2023	2821	2	0	0
Mar 11, 2023	3674	0	0	0
Mar 12, 2023	3674	0	0	0
Mar 13, 2023	3674	0	0	1172
Mar 14, 2023	2502	0	1310	0
Mar 15, 2023	2502	0	0	0
Mar 16, 2023	2502	0	0	0
Mar 17, 2023	2502	4	0	0
Mar 18, 2023	4101	0	0	0
Mar 19, 2023	4101	0	0	0
Mar 20, 2023	4101	0	0	817
Mar 21, 2023	3284	0	721	0
Mar 22, 2023	3284	0	0	0
Mar 23, 2023	3284	0	0	0
Mar 24, 2023	3284	9	0	0
Mar 25, 2023	4496	0	0	0
Mar 26, 2023	4496	0	0	0
Mar 27, 2023	4496	0	0	0
Mar 28, 2023	4496	0	809	0
Mar 29, 2023	4496	0	0	0
Mar 30, 2023	4496	0	0	832
Mar 31, 2023	3664	4	0	0
Apr 01, 2023	4972	0	0	0
Apr 02, 2023	4972	0	0	0
Apr 03, 2023	4972	0	0	0
Apr 04, 2023	4972	0	550	0
Apr 05, 2023	4972	0	0	0
Apr 06, 2023	4972	0	0	0
Apr 07, 2023	4972	1	0	0
Apr 08, 2023	5689	0	0	0
Apr 09, 2023	5689	0	0	0
Apr 10, 2023	5689	0	0	0
Apr 11, 2023	5689	0	789	0
Apr 12, 2023	5689	0	0	0
Apr 13, 2023	5689	0	0	0
Apr 14, 2023	5689	2	0	0
Apr 15, 2023	6489	0	0	0
Apr 16, 2023	6489	0	0	0
Apr 17, 2023	6489	0	0	0
Apr 18, 2023	6489	0	796	0
Apr 19, 2023	6489	0	0	0
Apr 20, 2023	6489	0	0	0
Apr 21, 2023	6489	5	0	0
Apr 22, 2023	7035	0	0	0
Apr 23, 2023	7035	0	0	0
Apr 24, 2023	7035	0	0	0
Apr 25, 2023	7035	0	645	0
Apr 26, 2023	7035	0	0	0
Apr 27, 2023	7035	0	0	0
Apr 28, 2023	7035	0	0	0
Apr 29, 2023	7823	0	0	0
Apr 30, 2023	7823	0	0	0
May 01, 2023	7823	0	0	0
May 02, 2023	7823	0	591	0
May 03, 2023	7823	0	0	0
May 04, 2023	7823	0	0	0
May 05, 2023	7823	0	0	0
May 06, 2023	8617	0	0	0
May 07, 2023	8617	0	0	0
May 08, 2023	8617	0	0	0
May 09, 2023	8617	0	404	0
May 10, 2023	8617	0	0	0
May 11, 2023	8617	0	0	0
May 12, 2023	8617	3	0	0
May 13, 2023	9257	0	0	0
May 14, 2023	9257	0	0	0
May 15, 2023	9257	0	0	0
May 16, 2023	9257	0	548	0
May 17, 2023	9257	0	0	0
May 18, 2023	9257	0	0	0
May 19, 2023	9257	2	0	0
May 20, 2023	9848	0	0	0
May 21, 2023	9848	0	0	0
May 22, 2023	9848	0	0	0
May 23, 2023	9848	0	506	7816
May 24, 2023	2032	0	0	0
May 25, 2023	2032	0	0	0
May 26, 2023	2032	7	0	0
May 27, 2023	2436	0	0	0
May 28, 2023	2436	0	0	796
May 29, 2023	1640	0	0	0
May 30, 2023	1640	0	482	0
May 31, 2023	1640	0	0	0
Jun 01, 2023	1640	0	0	0
Jun 02, 2023	1640	0	0	0
Jun 03, 2023	2185	0	0	0
Jun 04, 2023	2185	0	0	645
Jun 05, 2023	1540	0	0	0
Jun 06, 2023	1540	0	422	0
Jun 07, 2023	1540	0	0	0
Jun 08, 2023	1540	0	0	0
Jun 09, 2023	1540	6	0	0
Jun 10, 2023	2044	0	0	0
Jun 11, 2023	2044	0	0	0
Jun 12, 2023	2044	0	0	0
Jun 13, 2023	2044	0	741	0
Jun 14, 2023	2044	0	0	0
Jun 15, 2023	2044	0	0	0
Jun 16, 2023	2044	0	0	0
Jun 17, 2023	2519	0	0	0
Jun 18, 2023	2519	0	0	0
Jun 19, 2023	2519	0	0	-5
Jun 20, 2023	2524	0	0	995
Jun 21, 2023	1529	0	0	0
Jun 22, 2023	1529	0	0	0
Jun 23, 2023	1529	10	0	0
Jun 24, 2023	1951	0	0	0
Jun 25, 2023	1951	0	0	548
Jun 26, 2023	1403	0	0	0
Jun 27, 2023	1403	0	618	0
Jun 28, 2023	1403	0	0	0
Jun 29, 2023	1403	0	0	0
Jun 30, 2023	1403	8	0	0
Jul 01, 2023	2138	0	0	0
Jul 02, 2023	2138	0	0	506
Jul 03, 2023	1632	0	0	0
Jul 04, 2023	1632	0	541	0
Jul 05, 2023	1632	0	0	0
Jul 06, 2023	1632	0	0	0
Jul 07, 2023	1632	11	0	0
Jul 08, 2023	1632	0	0	0
Jul 09, 2023	1632	0	0	0
Jul 10, 2023	1632	0	0	0
Jul 11, 2023	1632	0	757	469
Jul 12, 2023	1163	0	0	0
Jul 13, 2023	1163	0	0	0
Jul 14, 2023	1163	10	0	0
Jul 15, 2023	1771	0	0	0
Jul 16, 2023	1771	0	0	422
Jul 17, 2023	1349	0	0	0
Jul 18, 2023	1349	0	930	0
Jul 19, 2023	1349	0	0	0
Jul 20, 2023	1349	0	0	0
Jul 21, 2023	1349	2	0	0
Jul 22, 2023	1882	0	0	0
Jul 23, 2023	1882	0	0	741
Jul 24, 2023	1141	0	0	0
Jul 25, 2023	1141	0	948	0
Jul 26, 2023	1141	0	0	0
Jul 27, 2023	1141	0	0	0
Jul 28, 2023	1141	0	0	0
Jul 29, 2023	1887	0	0	0
Jul 30, 2023	1887	0	0	0
Jul 31, 2023	1887	0	0	0
Aug 01, 2023	1887	0	1480	0
Aug 02, 2023	1887	0	0	0
Aug 03, 2023	1887	0	0	0
Aug 04, 2023	1887	8	0	0
Aug 05, 2023	2807	0	0	0
Aug 06, 2023	2807	0	0	0
Aug 07, 2023	2807	0	0	0
Aug 08, 2023	2807	0	1729	0
Aug 09, 2023	2807	0	0	0
Aug 10, 2023	2807	0	0	0
Aug 11, 2023	2807	16	0	0
Aug 12, 2023	3753	0	0	0
Aug 13, 2023	3753	0	0	-39
Aug 14, 2023	3792	0	0	1159
Aug 15, 2023	2633	0	2060	0
Aug 16, 2023	2633	0	0	0
Aug 17, 2023	2633	0	0	0
Aug 18, 2023	2633	16	0	0
Aug 19, 2023	4113	0	0	0
Aug 20, 2023	4113	0	0	757
Aug 21, 2023	3356	0	0	0
Aug 22, 2023	3356	0	3239	0
Aug 23, 2023	3356	0	0	-2
Aug 24, 2023	3358	0	0	0
Aug 25, 2023	3358	22	0	0
Aug 26, 2023	5079	0	0	0
Aug 27, 2023	5079	0	0	930
Aug 28, 2023	4149	0	0	0
Aug 29, 2023	4149	0	3187	0
Aug 30, 2023	4149	0	0	0
Aug 31, 2023	4149	0	0	0
Sep 01, 2023	4149	14	0	0
Sep 02, 2023	6193	0	0	948
Sep 03, 2023	5245	0	0	-8
Sep 04, 2023	5253	0	0	0
Sep 05, 2023	5253	0	1984	0
Sep 06, 2023	5253	0	0	0
Sep 07, 2023	5253	0	0	0
Sep 08, 2023	5253	19	0	0
Sep 09, 2023	8476	0	0	0
Sep 10, 2023	8476	0	0	1480
Sep 11, 2023	6996	0	0	0
Sep 12, 2023	6996	0	1512	0
Sep 13, 2023	6996	0	0	0
Sep 14, 2023	6996	0	0	0
Sep 15, 2023	6996	12	0	0
Sep 16, 2023	10161	0	0	1729
Sep 17, 2023	8432	0	0	-32
Sep 18, 2023	8464	0	0	0
Sep 19, 2023	8464	0	1304	0
Sep 20, 2023	8464	0	0	0
Sep 21, 2023	8464	0	0	0
Sep 22, 2023	8464	4	0	0
Sep 23, 2023	10434	0	0	0
Sep 24, 2023	10434	0	0	2060
Sep 25, 2023	8374	0	0	0
Sep 26, 2023	8374	0	919	0
Sep 27, 2023	8374	0	0	0
Sep 28, 2023	8374	0	0	0
Sep 29, 2023	8374	6	0	0
Sep 30, 2023	9867	0	0	0
Oct 01, 2023	9867	0	0	3239
Oct 02, 2023	6628	0	0	0
Oct 03, 2023	6628	0	893	0
Oct 04, 2023	6628	0	0	0
Oct 05, 2023	6628	0	0	0
Oct 06, 2023	6628	0	0	0
Oct 07, 2023	7920	0	0	-36
Oct 08, 2023	7956	0	0	3187
Oct 09, 2023	4769	0	0	0
Oct 10, 2023	4769	0	0	0
Oct 11, 2023	4769	0	0	0
Oct 12, 2023	4769	0	0	0
Oct 13, 2023	4769	0	0	0
Oct 14, 2023	5684	0	0	0
Oct 15, 2023	5684	0	0	1984
Oct 16, 2023	3700	0	0	0
Oct 17, 2023	3700	0	0	0
Oct 18, 2023	3700	0	0	0
Oct 19, 2023	3700	0	0	0
Oct 20, 2023	3700	0	0	0
Oct 21, 2023	4587	0	0	0
Oct 22, 2023	4587	0	0	0
Oct 23, 2023	4587	0	0	0
Oct 24, 2023	4587	0	0	0
Oct 25, 2023	4587	0	0	0
Oct 26, 2023	4587	0	0	0
Oct 27, 2023	4587	0	0	0
Oct 28, 2023	4587	0	0	0
Oct 29, 2023	4587	0	0	0
Oct 30, 2023	4587	0	0	2775
Oct 31, 2023	1812	0	0	0
Nov 01, 2023	1812	0	0	0
Nov 02, 2023	1812	0	0	0
Nov 03, 2023	1812	0	0	0
Nov 04, 2023	1812	0	0	0
Nov 05, 2023	1812	0	0	919
Nov 06, 2023	893	0	0	0
Nov 07, 2023	893	0	0	0
Nov 08, 2023	893	0	0	0
Nov 09, 2023	893	0	0	0
Nov 10, 2023	893	0	0	0
Nov 11, 2023	893	0	0	0
Nov 12, 2023	893	0	0	893
Nov 13, 2023	0	0	0	0
Nov 14, 2023	0	0	0	0
Nov 15, 2023	0	0	0	0
Nov 16, 2023	0	0	0	0
Nov 17, 2023	0	0	0	0
Nov 18, 2023	0	0	0	0
Nov 19, 2023	0	0	0	0
Nov 20, 2023	0	0	0	0
Nov 21, 2023	0	0	0	0
Nov 22, 2023	0	0	0	0
Nov 23, 2023	0	0	0	0
Nov 24, 2023	0	0	0	0
Nov 25, 2023	0	2	0	0
Nov 26, 2023	0	0	0	0
Nov 27, 2023	0	0	0	0
Nov 28, 2023	0	0	0	0
Nov 29, 2023	0	0	0	0
Nov 30, 2023	0	0	0	0
Dec 01, 2023	0	0	0	0
Dec 02, 2023	0	4	0	0
Dec 03, 2023	0	0	0	0
Dec 04, 2023	0	0	0	0
Dec 05, 2023	0	0	0	0
Dec 06, 2023	0	0	0	0
Dec 07, 2023	0	0	0	0
Dec 08, 2023	0	0	0	0
Dec 09, 2023	0	4	0	0
Dec 10, 2023	0	0	0	0
Dec 11, 2023	0	0	0	0
Dec 12, 2023	0	0	0	0
Dec 13, 2023	0	0	0	0
Dec 14, 2023	0	0	0	0
Dec 15, 2023	0	0	0	0
Dec 16, 2023	0	5	0	0
Dec 17, 2023	-2	0	0	0
Dec 18, 2023	-2	0	0	0
Dec 19, 2023	-2	0	0	0
Dec 20, 2023	-2	0	0	0
Dec 21, 2023	-2	0	0	0
Dec 22, 2023	-2	0	0	0
Dec 23, 2023	-2	10	0	0
Dec 24, 2023	-6	0	0	0
Dec 25, 2023	-6	0	0	0
Dec 26, 2023	-6	0	0	0
Dec 27, 2023	-6	0	2714	0
Dec 28, 2023	-6	0	0	0
Dec 29, 2023	-6	0	0	0
Dec 30, 2023	-6	14	0	0
Dec 31, 2023	-10	0	0	0
Jan 01, 2024	-10	0	0	0
Jan 02, 2024	-10	0	0	0
Jan 03, 2024	-10	0	5756	0
Jan 04, 2024	-10	0	0	0
Jan 05, 2024	-10	0	0	0
Jan 06, 2024	-10	9	0	0
Jan 07, 2024	-15	0	0	0
Jan 08, 2024	-15	0	0	0
Jan 09, 2024	-15	0	0	0
Jan 10, 2024	-15	0	6127	0
Jan 11, 2024	-15	0	0	0
Jan 12, 2024	-15	0	0	0
Jan 13, 2024	-15	0	0	0
Jan 14, 2024	2689	0	0	0
Jan 15, 2024	2689	0	0	0
Jan 16, 2024	2689	0	0	0
Jan 17, 2024	2689	0	0	0
Jan 18, 2024	2689	0	0	0
Jan 19, 2024	2689	0	0	0
Jan 20, 2024	2689	0	0	0
Jan 21, 2024	8431	0	0	0
Jan 22, 2024	8431	0	0	0
Jan 23, 2024	8431	0	0	0
Jan 24, 2024	8431	0	0	0
Jan 25, 2024	8431	0	0	0
Jan 26, 2024	8431	0	0	0
Jan 27, 2024	8431	0	0	0
Jan 28, 2024	14549	0	0	-14
Jan 29, 2024	14563	0	0	0
Jan 30, 2024	14563	0	0	0
Jan 31, 2024	14563	0	0	0
Feb 01, 2024	14563	0	0	0
Feb 02, 2024	14563	0	0	0
Feb 03, 2024	14563	0	0	0
Feb 04, 2024	14563	0	0	-17
Feb 05, 2024	14580	0	0	0
Feb 06, 2024	14580	0	0	0
Feb 07, 2024	14580	0	0	0
Feb 08, 2024	14580	0	0	0
Feb 09, 2024	14580	0	0	0
Feb 10, 2024	14580	0	0	0
Feb 11, 2024	14580	0	0	6657
Feb 12, 2024	7923	0	0	1796
Feb 13, 2024	6127	0	0	0
Feb 14, 2024	6127	0	0	0
Feb 15, 2024	6127	0	0	0
Feb 16, 2024	6127	0	0	0
Feb 17, 2024	6127	0	0	0
Feb 18, 2024	6127	0	0	0
Feb 19, 2024	6127	0	0	6127
Feb 20, 2024	0	0	0	0
Feb 21, 2024	0	0	0	0
Feb 22, 2024	0	0	0	0
Feb 23, 2024	0	0	0	0
Feb 24, 2024	0	0	0	0
Feb 25, 2024	0	0	0	0
Feb 26, 2024	0	0	0	0
Feb 27, 2024	0	0	0	0
Feb 28, 2024	0	0	0	0
Feb 29, 2024	0	0	0	0
Mar 01, 2024	0	0	0	0
Mar 02, 2024	0	0	0	0
Mar 03, 2024	0	NA	0	0
Mar 04, 2024	0	NA	0	0
Mar 05, 2024	0	NA	0	0
Mar 06, 2024	0	NA	0	0
Mar 07, 2024	0	NA	NA	0
Mar 08, 2024	0	NA	NA	0
Mar 09, 2024	0	NA	NA	0
Mar 10, 2024	0	NA	NA	0
Mar 11, 2024	0	NA	NA	0
Mar 12, 2024	0	NA	NA	0
Mar 13, 2024	0	NA	NA	0
Mar 14, 2024	0	NA	NA	0
Mar 15, 2024	0	NA	NA	0
Mar 16, 2024	0	NA	NA	0
Mar 17, 2024	0	NA	NA	0
Mar 18, 2024	0	NA	NA	0
Mar 19, 2024	0	NA	NA	0
Mar 20, 2024	0	NA	NA	0
Mar 21, 2024	0	NA	NA	0
Mar 22, 2024	0	NA	NA	0
Mar 23, 2024	0	NA	NA	0
Mar 24, 2024	0	NA	NA	NA
