Dates	Active	Deaths	Newcases	recover
Feb 15, 2020	0	0	0	0
Feb 16, 2020	0	0	0	0
Feb 17, 2020	0	0	1	0
Feb 18, 2020	0	0	0	0
Feb 19, 2020	0	0	0	0
Feb 20, 2020	0	0	0	0
Feb 21, 2020	0	0	0	0
Feb 22, 2020	0	1	1	0
Feb 23, 2020	0	0	3	0
Feb 24, 2020	0	0	0	0
Feb 25, 2020	0	0	1	0
Feb 26, 2020	0	0	11	0
Feb 27, 2020	0	0	10	0
Feb 28, 2020	0	0	9	0
Feb 29, 2020	0	1	7	0
Mar 01, 2020	0	0	10	0
Mar 02, 2020	0	0	9	0
Mar 03, 2020	0	1	23	0
Mar 04, 2020	0	0	10	0
Mar 05, 2020	1	1	19	0
Mar 06, 2020	1	0	28	0
Mar 07, 2020	2	1	27	0
Mar 08, 2020	3	1	55	0
Mar 09, 2020	7	5	50	0
Mar 10, 2020	7	12	70	0
Mar 11, 2020	13	2	57	0
Mar 12, 2020	16	1	77	0
Mar 13, 2020	24	7	77	0
Mar 14, 2020	38	3	61	0
Mar 15, 2020	61	3	37	0
Mar 16, 2020	64	5	54	0
Mar 17, 2020	85	4	83	0
Mar 18, 2020	116	11	128	0
Mar 19, 2020	150	11	102	6
Mar 20, 2020	202	10	99	2
Mar 21, 2020	238	10	64	0
Mar 22, 2020	272	3	91	3
Mar 23, 2020	399	4	99	6
Mar 24, 2020	552	10	74	5
Mar 25, 2020	700	4	97	0
Mar 26, 2020	919	7	116	21
Mar 27, 2020	1143	8	102	18
Mar 28, 2020	1160	0	125	14
Mar 29, 2020	1253	1	136	81
Mar 30, 2020	1298	3	259	0
Mar 31, 2020	1323	5	281	78
Apr 01, 2020	1331	2	121	101
Apr 02, 2020	1413	4	170	92
Apr 03, 2020	1407	2	191	101
Apr 04, 2020	1487	2	163	90
Apr 05, 2020	1555	4	237	110
Apr 06, 2020	1585	6	122	170
Apr 07, 2020	1647	3	190	217
Apr 08, 2020	1739	1	139	159
Apr 09, 2020	1829	2	168	297
Apr 10, 2020	1575	1	55	293
Apr 11, 2020	1599	3	132	195
Apr 12, 2020	1745	3	69	308
Apr 13, 2020	1843	2	102	279
Apr 14, 2020	1987	1	146	291
Apr 15, 2020	2072	2	160	362
Apr 16, 2020	1662	1	174	322
Apr 17, 2020	1839	5	150	414
Apr 18, 2020	2090	2	166	303
Apr 19, 2020	2213	2	189	338
Apr 20, 2020	2199	0	140	293
Apr 21, 2020	2365	3	163	417
Apr 22, 2020	2529	0	199	418
Apr 23, 2020	2418	2	153	523
Apr 24, 2020	2683	0	218	419
Apr 25, 2020	2818	0	137	278
Apr 26, 2020	3003	0	94	303
Apr 27, 2020	3248	2	95	383
Apr 28, 2020	2845	0	45	347
Apr 29, 2020	3191	2	89	523
Apr 30, 2020	3490	0	129	438
May 01, 2020	3472	0	82	554
May 02, 2020	3684	1	71	469
May 03, 2020	4126	1	110	374
May 04, 2020	4361	2	78	295
May 05, 2020	4705	1	121	479
May 06, 2020	4528	1	74	475
May 07, 2020	4947	1	27	496
May 08, 2020	5597	1	99	507
May 09, 2020	5282	2	45	445
May 10, 2020	5682	0	24	493
May 11, 2020	6126	0	42	520
May 12, 2020	6828	0	71	740
May 13, 2020	7153	2	66	790
May 14, 2020	6866	1	27	959
May 15, 2020	7238	0	26	1400
May 16, 2020	7663	1	33	1199
May 17, 2020	8296	0	56	952
May 18, 2020	8904	2	81	1342
May 19, 2020	8983	0	68	997
May 20, 2020	8767	0	80	1488
May 21, 2020	9877	0	73	1350
May 22, 2020	9681	0	78	1204
May 23, 2020	10896	2	135	1602
May 24, 2020	11119	1	71	1154
May 25, 2020	11282	0	29	1613
May 26, 2020	11062	1	73	2625
May 27, 2020	12002	0	82	2610
May 28, 2020	12526	0	101	2448
May 29, 2020	13612	0	92	1833
May 30, 2020	14287	0	46	2296
May 31, 2020	15275	1	66	2219
Jun 01, 2020	16452	0	77	0
Jun 02, 2020	16837	0	539	41227
Jun 03, 2020	17145	0	226	4575
Jun 04, 2020	18736	1	138	4883
Jun 05, 2020	19545	0	195	0
Jun 06, 2020	20877	0	172	0
Jun 07, 2020	23049	2	563	0
Jun 08, 2020	23830	1	431	0
Jun 09, 2020	22946	1	295	0
Jun 10, 2020	22828	2	244	30813
Jun 11, 2020	24160	1	175	4914
Jun 12, 2020	25703	4	238	5938
Jun 13, 2020	27610	3	243	6408
Jun 14, 2020	30189	0	103	5088
Jun 15, 2020	32270	1	333	7440
Jun 16, 2020	32821	1	319	0
Jun 17, 2020	34592	2	534	30209
Jun 18, 2020	37434	3	393	5050
Jun 19, 2020	38262	2	164	5118
Jun 20, 2020	40695	3	228	3960
Jun 21, 2020	44000	2	164	4828
Jun 22, 2020	46405	0	308	5173
Jun 23, 2020	49225	1	249	4523
Jun 24, 2020	53001	2	214	4234
Jun 25, 2020	56411	5	203	4104
Jun 26, 2020	58453	5	191	4624
Jun 27, 2020	62631	2	161	4155
Jun 28, 2020	67117	2	165	3944
Jun 29, 2020	71510	4	283	5075
Jun 30, 2020	75418	1	181	4214
Jul 01, 2020	80999	5	289	3804
Jul 02, 2020	83672	4	221	4096
Jul 03, 2020	88354	3	326	4102
Jul 04, 2020	94238	4	180	3587
Jul 05, 2020	100785	5	220	3339
Jul 06, 2020	105136	7	302	3874
Jul 07, 2020	110656	7	570	3458
Jul 08, 2020	114846	6	811	3219
Jul 09, 2020	122224	8	633	3131
Jul 10, 2020	129301	3	609	3061
Jul 11, 2020	133226	11	500	2788
Jul 12, 2020	138044	7	826	2654
Jul 13, 2020	146185	12	1046	2664
Jul 14, 2020	148478	7	1063	2865
Jul 15, 2020	146701	14	693	3216
Jul 16, 2020	154803	15	522	1513
Jul 17, 2020	155450	19	659	2635
Jul 18, 2020	164596	16	1021	2345
Jul 19, 2020	169156	18	1283	2198
Jul 20, 2020	174539	14	1144	2824
Jul 21, 2020	169199	12	1018	2425
Jul 22, 2020	160683	19	1345	2190
Jul 23, 2020	166581	18	1230	2265
Jul 24, 2020	170784	18	826	2473
Jul 25, 2020	165354	17	1132	1926
Jul 26, 2020	174503	23	1499	1859
Jul 27, 2020	171429	28	1241	2378
Jul 28, 2020	166047	27	1306	2225
Jul 29, 2020	166514	21	1776	2071
Jul 30, 2020	165599	26	1472	1699
Jul 31, 2020	159812	23	1069	2180
Aug 01, 2020	153440	33	1245	1904
Aug 02, 2020	156671	29	1510	1565
Aug 03, 2020	151027	32	1325	2354
Aug 04, 2020	149407	42	1609	1961
Aug 05, 2020	143996	41	1565	1877
Aug 06, 2020	141928	30	1537	2000
Aug 07, 2020	141463	32	903	1965
Aug 08, 2020	139045	35	1276	1693
Aug 09, 2020	138605	29	1336	1516
Aug 10, 2020	136387	27	1221	2199
Aug 11, 2020	129800	41	1404	1878
Aug 12, 2020	126421	26	1567	1712
Aug 13, 2020	124501	33	1343	1906
Aug 14, 2020	106257	30	1191	1914
Aug 15, 2020	105434	43	1191	1877
Aug 16, 2020	103513	32	1672	1557
Aug 17, 2020	100596	37	1402	2055
Aug 18, 2020	94734	39	1750	1845
Aug 19, 2020	92502	37	1555	1778
Aug 20, 2020	90442	32	2234	1834
Aug 21, 2020	90679	33	1386	1833
Aug 22, 2020	90211	33	1941	1449
Aug 23, 2020	90524	26	2157	1285
Aug 24, 2020	82023	38	1889	1999
Aug 25, 2020	79536	33	2430	1805
Aug 26, 2020	77147	29	2238	1654
Aug 27, 2020	73485	25	2251	1530
Aug 28, 2020	72611	36	1517	1731
Aug 29, 2020	72025	34	2121	1401
Aug 30, 2020	72575	38	1692	1295
Aug 31, 2020	72114	28	2488	1911
Sep 01, 2020	64097	41	2760	1893
Sep 02, 2020	62833	40	2552	1726
Sep 03, 2020	63649	35	1927	1839
Sep 04, 2020	62657	25	1376	1719
Sep 05, 2020	60964	34	2227	1432
Sep 06, 2020	59791	29	2397	1318
Sep 07, 2020	57843	38	2356	2013
Sep 08, 2020	57664	42	2423	1825
Sep 09, 2020	57363	43	2719	1801
Sep 10, 2020	56195	28	2444	1708
Sep 11, 2020	56457	44	1422	1855
Sep 12, 2020	56387	39	2076	1407
Sep 13, 2020	56464	42	2470	1399
Sep 14, 2020	55982	35	2391	2219
Sep 15, 2020	52753	34	2521	1909
Sep 16, 2020	53548	30	2663	2075
Sep 17, 2020	54506	37	2044	2053
Sep 18, 2020	54935	39	1423	2120
Sep 19, 2020	54284	41	2553	1645
Sep 20, 2020	55194	29	2776	1365
Sep 21, 2020	54739	47	2929	2065
Sep 22, 2020	54257	44	3445	1989
Sep 23, 2020	54751	42	3443	1711
Sep 24, 2020	54847	33	2563	1704
Sep 25, 2020	53053	31	1357	4390
Sep 26, 2020	51278	49	3185	1429
Sep 27, 2020	50618	41	3387	2113
Sep 28, 2020	50571	46	3317	1764
Sep 29, 2020	49342	46	3498	1842
Sep 30, 2020	49450	60	3763	1700
Oct 01, 2020	49589	50	2721	1839
Oct 02, 2020	49836	48	2117	1402
Oct 03, 2020	49971	51	3254	1165
Oct 04, 2020	49485	52	3577	1981
Oct 05, 2020	49468	53	4151	1580
Oct 06, 2020	49231	73	3685	1436
Oct 07, 2020	49729	50	4045	1617
Oct 08, 2020	50663	46	3020	1665
Oct 09, 2020	50672	72	2264	1275
Oct 10, 2020	51016	72	3988	1093
Oct 11, 2020	50869	61	3985	1638
Oct 12, 2020	50777	66	4320	1619
Oct 13, 2020	50871	53	3256	1558
Oct 14, 2020	51300	70	3790	1582
Oct 15, 2020	51508	67	3460	1531
Oct 16, 2020	52512	64	2526	1337
Oct 17, 2020	53230	74	4495	1033
Oct 18, 2020	50706	82	5745	1265
Oct 19, 2020	51437	77	5641	1767
Oct 20, 2020	47988	68	5398	1613
Oct 21, 2020	47816	70	5836	1517
Oct 22, 2020	49021	75	4596	1425
Oct 23, 2020	49911	84	3170	1246
Oct 24, 2020	50577	69	5214	1123
Oct 25, 2020	50646	81	5461	1698
Oct 26, 2020	50947	64	6195	1481
Oct 27, 2020	50881	61	5515	1395
Oct 28, 2020	51870	66	5875	1295
Oct 29, 2020	52595	82	4966	1350
Oct 30, 2020	51316	71	3012	1118
Oct 31, 2020	51913	82	5415	1031
Nov 01, 2020	51998	81	5391	1591
Nov 02, 2020	50537	77	4559	1508
Nov 03, 2020	49940	92	4706	1503
Nov 04, 2020	50683	74	4702	1218
Nov 05, 2020	41002	60	3979	1340
Nov 06, 2020	38662	80	2587	1054
Nov 07, 2020	37198	73	3999	1079
Nov 08, 2020	37602	70	4979	1727
Nov 09, 2020	37776	80	4178	1473
Nov 10, 2020	36923	70	4592	1313
Nov 11, 2020	35731	50	4412	1343
Nov 12, 2020	33545	50	4115	1353
Nov 13, 2020	34410	57	2533	1170
Nov 14, 2020	35516	69	3508	1052
Nov 15, 2020	37126	70	4346	1632
Nov 16, 2020	36263	78	4434	1529
Nov 17, 2020	36808	73	3996	1366
Nov 18, 2020	34843	48	4118	1319
Nov 19, 2020	36238	61	2919	1332
Nov 20, 2020	34748	75	1531	1150
Nov 21, 2020	36573	50	2900	1027
Nov 22, 2020	36469	57	4096	1557
Nov 23, 2020	37393	65	3345	1393
Nov 24, 2020	34502	50	3035	1401
Nov 25, 2020	37650	47	3033	1377
Nov 26, 2020	40647	35	2012	1486
Nov 27, 2020	37474	35	1217	1140
Nov 28, 2020	40155	52	2793	1070
Nov 29, 2020	35364	38	3351	1683
Nov 30, 2020	37007	55	2776	1501
Dec 01, 2020	37909	50	2647	1446
Dec 02, 2020	40257	55	2833	1400
Dec 03, 2020	39496	48	1899	1410
Dec 04, 2020	43207	43	877	1190
Dec 05, 2020	43904	30	2646	1036
Dec 06, 2020	47420	56	2566	1787
Dec 07, 2020	49734	44	2650	1766
Dec 08, 2020	46219	40	2329	1683
Dec 09, 2020	51230	34	2369	1677
Dec 10, 2020	57246	36	1517	1665
Dec 11, 2020	63697	32	950	1420
Dec 12, 2020	69716	42	2160	1227
Dec 13, 2020	76694	41	2143	2044
Dec 14, 2020	79967	33	1861	1589
Dec 15, 2020	85110	37	1777	1893
Dec 16, 2020	85345	27	1171	1884
Dec 17, 2020	88578	33	1005	1912
Dec 18, 2020	93554	53	656	1664
Dec 19, 2020	100316	43	1637	1533
Dec 20, 2020	103496	37	1642	2334
Dec 21, 2020	109674	27	1597	2222
Dec 22, 2020	106924	40	1543	2039
Dec 23, 2020	117492	24	1416	1980
Dec 24, 2020	119879	34	895	2054
Dec 25, 2020	127152	24	456	1805
Dec 26, 2020	129531	17	801	1783
Dec 27, 2020	133161	26	1266	2672
Dec 28, 2020	135195	44	1279	2400
Dec 29, 2020	135800	34	1291	2425
Dec 30, 2020	143953	23	1240	2144
Dec 31, 2020	149476	31	806	1915
Jan 01, 2021	157804	35	473	2535
Jan 02, 2021	162544	34	1246	2474
Jan 03, 2021	168060	32	1152	3728
Jan 04, 2021	172358	33	1164	3088
Jan 05, 2021	176977	29	1138	3115
Jan 06, 2021	190136	23	925	2675
Jan 07, 2021	201787	22	520	2735
Jan 08, 2021	213518	22	337	3088
Jan 09, 2021	226008	15	867	3022
Jan 10, 2021	233479	20	890	4823
Jan 11, 2021	241259	17	756	4156
Jan 12, 2021	207549	22	851	4216
Jan 13, 2021	213527	13	701	4112
Jan 14, 2021	212502	16	466	3991
Jan 15, 2021	213825	12	281	3416
Jan 16, 2021	206079	22	835	2859
Jan 17, 2021	203615	14	774	4566
Jan 18, 2021	193207	28	620	4157
Jan 19, 2021	174631	17	712	4106
Jan 20, 2021	171200	13	587	3942
Jan 21, 2021	158829	13	389	4289
Jan 22, 2021	152134	14	234	3515
Jan 23, 2021	147672	16	536	3111
Jan 24, 2021	142459	12	564	4892
Jan 25, 2021	135827	4	471	4341
Jan 26, 2021	127888	10	496	4236
Jan 27, 2021	125389	10	479	4091
Jan 28, 2021	123250	17	339	4167
Jan 29, 2021	116237	14	121	3280
Jan 30, 2021	113057	13	476	2817
Jan 31, 2021	110656	13	508	4573
Feb 01, 2021	106542	7	477	3871
Feb 02, 2021	96100	16	448	3651
Feb 03, 2021	94576	8	444	3723
Feb 04, 2021	94560	6	207	3506
Feb 05, 2021	89550	5	108	2716
Feb 06, 2021	87565	15	446	2339
Feb 07, 2021	70078	18	419	4400
Feb 08, 2021	67512	6	386	3611
Feb 09, 2021	65547	10	480	3391
Feb 10, 2021	61283	7	416	3390
Feb 11, 2021	59914	8	244	3519
Feb 12, 2021	56742	14	112	2983
Feb 13, 2021	56602	8	393	2482
Feb 14, 2021	55940	8	594	4060
Feb 15, 2021	54002	16	394	3688
Feb 16, 2021	49168	4	420	3692
Feb 17, 2021	48441	3	407	3359
Feb 18, 2021	47146	6	249	3338
Feb 19, 2021	45202	1	102	2821
Feb 20, 2021	44159	12	508	2557
Feb 21, 2021	43006	10	453	3999
Feb 22, 2021	42145	7	464	3543
Feb 23, 2021	36955	4	431	3619
Feb 24, 2021	35535	2	451	3413
Feb 25, 2021	35286	5	305	3654
Feb 26, 2021	34804	10	159	3124
Feb 27, 2021	33456	4	526	2721
Feb 28, 2021	33360	8	466	4639
Mar 01, 2021	32761	3	487	3939
Mar 02, 2021	31431	7	444	3968
Mar 03, 2021	31330	8	444	3990
Mar 04, 2021	31400	4	246	4124
Mar 05, 2021	31570	2	125	3634
Mar 06, 2021	30243	6	569	3351
Mar 07, 2021	29712	11	439	5641
Mar 08, 2021	29050	2	511	4841
Mar 09, 2021	27692	5	514	4817
Mar 10, 2021	27361	5	491	4822
Mar 11, 2021	27215	0	301	5159
Mar 12, 2021	26214	9	97	4509
Mar 13, 2021	24328	6	665	3947
Mar 14, 2021	23965	5	676	6122
Mar 15, 2021	23445	7	579	5635
Mar 16, 2021	21552	10	581	5720
Mar 17, 2021	21957	7	575	5459
Mar 18, 2021	22496	8	365	5956
Mar 19, 2021	22344	7	132	5116
Mar 20, 2021	22763	8	696	4557
Mar 21, 2021	22806	2	663	7417
Mar 22, 2021	22454	6	635	6501
Mar 23, 2021	21653	12	625	6546
Mar 24, 2021	21186	6	740	6228
Mar 25, 2021	21922	9	414	6760
Mar 26, 2021	21055	9	175	5772
Mar 27, 2021	20795	6	684	5190
Mar 28, 2021	21012	5	703	8099
Mar 29, 2021	20765	7	596	7232
Mar 30, 2021	20499	7	587	6962
Mar 31, 2021	21137	10	600	6864
Apr 01, 2021	21878	1	364	7488
Apr 02, 2021	22535	7	138	5833
Apr 03, 2021	22095	7	720	5028
Apr 04, 2021	21765	10	669	8481
Apr 05, 2021	21483	7	600	7163
Apr 06, 2021	21150	7	592	6834
Apr 07, 2021	20825	5	507	7592
Apr 08, 2021	21321	4	326	5879
Apr 09, 2021	21532	7	102	5895
Apr 10, 2021	21744	6	507	5443
Apr 11, 2021	21997	10	493	8509
Apr 12, 2021	21556	5	421	7383
Apr 13, 2021	21376	3	363	6918
Apr 14, 2021	21343	3	313	6748
Apr 15, 2021	21456	2	294	6900
Apr 16, 2021	22281	4	56	5913
Apr 17, 2021	22676	6	373	4953
Apr 18, 2021	23057	5	371	7785
Apr 19, 2021	23047	6	360	6799
Apr 20, 2021	19997	8	298	6589
Apr 21, 2021	20281	7	314	6555
Apr 22, 2021	20751	8	236	6564
Apr 23, 2021	19959	5	58	5452
Apr 24, 2021	20035	6	242	4631
Apr 25, 2021	20290	5	268	7248
Apr 26, 2021	20407	3	238	6539
Apr 27, 2021	20128	1	35	6006
Apr 28, 2021	20709	6	112	5778
Apr 29, 2021	20936	0	127	6042
Apr 30, 2021	21400	6	79	5109
May 01, 2021	21867	1	397	4237
May 02, 2021	22033	1	338	6603
May 03, 2021	22115	3	333	5666
May 04, 2021	22145	6	358	5401
May 05, 2021	23452	4	363	4928
May 06, 2021	24022	3	211	5350
May 07, 2021	24618	4	90	4381
May 08, 2021	26196	3	310	3979
May 09, 2021	25793	2	385	6445
May 10, 2021	25737	3	314	5492
May 11, 2021	25303	1	336	5452
May 12, 2021	27528	3	410	5331
May 13, 2021	29573	5	240	5626
May 14, 2021	31325	4	108	4658
May 15, 2021	32948	7	394	4222
May 16, 2021	34406	6	418	7083
May 17, 2021	33824	5	395	6091
May 18, 2021	34775	4	346	6026
May 19, 2021	37245	4	426	5692
May 20, 2021	37703	5	231	6406
May 21, 2021	38532	3	104	5367
May 22, 2021	39642	6	473	4987
May 23, 2021	40546	3	386	7984
May 24, 2021	41005	2	376	6958
May 25, 2021	41288	10	400	6512
May 26, 2021	43189	5	455	6920
May 27, 2021	46026	4	270	5611
May 28, 2021	47055	2	109	5820
May 29, 2021	48851	4	476	5643
May 30, 2021	49847	4	500	8386
May 31, 2021	50111	4	468	7598
Jun 01, 2021	49243	8	481	7270
Jun 02, 2021	52972	4	439	6848
Jun 03, 2021	56347	1	288	7106
Jun 04, 2021	58622	6	86	6083
Jun 05, 2021	60739	3	437	5334
Jun 06, 2021	61965	7	522	8722
Jun 07, 2021	61652	11	484	8119
Jun 08, 2021	60257	3	551	7466
Jun 09, 2021	66563	5	493	7021
Jun 10, 2021	72085	4	452	7190
Jun 11, 2021	74704	6	219	5984
Jun 12, 2021	79826	9	690	5108
Jun 13, 2021	83270	4	776	7761
Jun 14, 2021	83842	2	789	7023
Jun 15, 2021	87132	9	844	6508
Jun 16, 2021	96385	8	951	6020
Jun 17, 2021	105102	4	605	6136
Jun 18, 2021	106640	10	247	5106
Jun 19, 2021	111428	7	1177	4086
Jun 20, 2021	117856	5	1279	6467
Jun 21, 2021	117745	5	1336	5462
Jun 22, 2021	119692	5	1250	5047
Jun 23, 2021	131238	9	1566	4728
Jun 24, 2021	142801	9	1057	4693
Jun 25, 2021	146819	15	657	3646
Jun 26, 2021	152965	11	1897	3293
Jun 27, 2021	159992	9	2257	3605
Jun 28, 2021	158182	14	2571	4495
Jun 29, 2021	155192	9	2791	3947
Jun 30, 2021	166316	7	2853	3606
Jul 01, 2021	180854	16	2144	3437
Jul 02, 2021	185713	16	1153	2816
Jul 03, 2021	193640	20	3631	2263
Jul 04, 2021	194174	12	3940	2767
Jul 05, 2021	186572	19	1402	3079
Jul 06, 2021	184385	19	1910	2899
Jul 07, 2021	196710	23	5494	2821
Jul 08, 2021	210144	30	4110	2698
Jul 09, 2021	210947	22	2205	2047
Jul 10, 2021	212364	27	6971	1863
Jul 11, 2021	210007	27	9428	2677
Jul 12, 2021	199998	32	8995	2242
Jul 13, 2021	193929	35	9128	2039
Jul 14, 2021	201945	53	7529	1971
Jul 15, 2021	206424	48	6189	1830
Jul 16, 2021	194545	52	4206	1521
Jul 17, 2021	189500	64	8760	1173
Jul 18, 2021	179187	66	10603	1879
Jul 19, 2021	167183	72	12039	1542
Jul 20, 2021	159434	76	11358	1515
Jul 21, 2021	161471	92	10609	1385
Jul 22, 2021	164915	80	8990	1093
Jul 23, 2021	154747	69	5043	1145
Jul 24, 2021	152405	105	9778	1047
Jul 25, 2021	150811	98	9153	1565
Jul 26, 2021	144931	104	10828	1359
Jul 27, 2021	141230	112	10752	1184
Jul 28, 2021	151581	110	10240	1141
Jul 29, 2021	156942	84	7380	1147
Jul 30, 2021	156378	102	3897	916
Jul 31, 2021	154070	123	9041	821
Aug 01, 2021	154089	103	9703	1217
Aug 02, 2021	151888	127	9462	1063
Aug 03, 2021	147978	115	8216	986
Aug 04, 2021	152953	90	6513	911
Aug 05, 2021	156681	115	4661	851
Aug 06, 2021	157324	97	2996	772
Aug 07, 2021	159545	105	7184	785
Aug 08, 2021	161693	85	8008	1019
Aug 09, 2021	158149	97	7357	942
Aug 10, 2021	152719	92	6863	837
Aug 11, 2021	141771	93	6175	788
Aug 12, 2021	148303	76	3841	829
Aug 13, 2021	151496	103	2676	665
Aug 14, 2021	155047	109	4899	613
Aug 15, 2021	153780	100	6020	958
Aug 16, 2021	154291	70	5383	790
Aug 17, 2021	154099	104	4381	738
Aug 18, 2021	159588	70	4310	682
Aug 19, 2021	163231	80	3043	682
Aug 20, 2021	170060	72	1923	540
Aug 21, 2021	163821	79	3524	531
Aug 22, 2021	168198	72	3930	807
Aug 23, 2021	164053	74	3451	665
Aug 24, 2021	165428	66	2668	613
Aug 25, 2021	168546	52	3113	562
Aug 26, 2021	170106	58	1953	579
Aug 27, 2021	168460	72	917	465
Aug 28, 2021	156937	65	2785	420
Aug 29, 2021	158132	46	2642	675
Aug 30, 2021	155770	46	2432	542
Aug 31, 2021	151792	53	2412	544
Sep 01, 2021	145019	48	2291	469
Sep 02, 2021	145950	34	1555	450
Sep 03, 2021	144619	48	693	386
Sep 04, 2021	144944	51	1848	335
Sep 05, 2021	142574	31	1702	462
Sep 06, 2021	141679	36	1583	412
Sep 07, 2021	136102	26	1620	437
Sep 08, 2021	135095	30	1444	386
Sep 09, 2021	121789	35	734	444
Sep 10, 2021	108483	32	394	372
Sep 11, 2021	106564	26	1192	332
Sep 12, 2021	106711	23	1082	544
Sep 13, 2021	105191	19	1098	471
Sep 14, 2021	91135	23	936	423
Sep 15, 2021	83985	25	821	397
Sep 16, 2021	81882	24	504	460
Sep 17, 2021	77056	16	228	428
Sep 18, 2021	65714	17	676	396
Sep 19, 2021	64528	18	727	602
Sep 20, 2021	63004	23	668	494
Sep 21, 2021	56476	14	655	584
Sep 22, 2021	52950	15	515	509
Sep 23, 2021	52454	15	386	492
Sep 24, 2021	51036	17	169	485
Sep 25, 2021	51055	11	566	549
Sep 26, 2021	50147	15	581	879
Sep 27, 2021	47828	20	506	760
Sep 28, 2021	46096	13	437	687
Sep 29, 2021	46907	4	417	694
Sep 30, 2021	42002	7	269	640
Oct 01, 2021	39900	17	148	490
Oct 02, 2021	39252	5	499	562
Oct 03, 2021	39020	14	188	884
Oct 04, 2021	37744	13	255	717
Oct 05, 2021	36951	7	430	724
Oct 06, 2021	34637	6	424	712
Oct 07, 2021	33777	6	201	802
Oct 08, 2021	33264	9	101	708
Oct 09, 2021	32801	15	425	679
Oct 10, 2021	32821	11	398	1062
Oct 11, 2021	32453	7	303	982
Oct 12, 2021	27283	6	216	976
Oct 13, 2021	22991	7	240	972
Oct 14, 2021	23537	1	185	1046
Oct 15, 2021	23126	10	138	986
Oct 16, 2021	23109	5	260	1003
Oct 17, 2021	22988	6	223	1240
Oct 18, 2021	22810	9	191	1726
Oct 19, 2021	20600	3	182	1574
Oct 20, 2021	20030	5	168	1386
Oct 21, 2021	19387	7	89	1430
Oct 22, 2021	19424	8	55	1303
Oct 23, 2021	19412	5	159	1211
Oct 24, 2021	19440	3	151	1982
Oct 25, 2021	19086	5	141	1921
Oct 26, 2021	18972	3	123	1921
Oct 27, 2021	18482	3	132	1703
Oct 28, 2021	18738	3	69	1790
Oct 29, 2021	18828	3	45	1598
Oct 30, 2021	18818	1	120	1506
Oct 31, 2021	18846	7	148	2298
Nov 01, 2021	18803	1	94	2110
Nov 02, 2021	18711	3	72	1950
Nov 03, 2021	18519	3	125	1956
Nov 04, 2021	18131	0	93	1811
Nov 05, 2021	18249	3	53	1536
Nov 06, 2021	16828	2	157	1606
Nov 07, 2021	16680	4	130	2177
Nov 08, 2021	16643	0	115	2640
Nov 09, 2021	16476	3	154	2565
Nov 10, 2021	16585	1	116	2430
Nov 11, 2021	16555	0	84	2354
Nov 12, 2021	16755	1	53	1975
Nov 13, 2021	17056	1	132	1992
Nov 14, 2021	16929	3	171	2852
Nov 15, 2021	16878	3	135	2748
Nov 16, 2021	16977	2	151	2433
Nov 17, 2021	17048	3	127	2238
Nov 18, 2021	17497	1	90	2481
Nov 19, 2021	18165	0	52	1869
Nov 20, 2021	18782	0	158	1833
Nov 21, 2021	19323	4	145	2849
Nov 22, 2021	19285	2	146	2442
Nov 23, 2021	20102	1	175	2399
Nov 24, 2021	20111	1	113	2176
Nov 25, 2021	18268	0	102	2271
Nov 26, 2021	19438	2	62	1933
Nov 27, 2021	21174	0	219	1831
Nov 28, 2021	23338	0	221	2769
Nov 29, 2021	23918	4	205	2383
Nov 30, 2021	28151	2	209	2131
Dec 01, 2021	36100	4	230	1983
Dec 02, 2021	46828	1	186	1892
Dec 03, 2021	60861	1	102	1613
Dec 04, 2021	74630	4	381	1428
Dec 05, 2021	83084	3	427	2133
Dec 06, 2021	86228	6	475	1841
Dec 07, 2021	96072	2	654	1856
Dec 08, 2021	112560	2	734	1493
Dec 09, 2021	132563	1	532	1580
Dec 10, 2021	143034	4	291	1300
Dec 11, 2021	158534	5	1184	1132
Dec 12, 2021	163628	5	1504	1796
Dec 13, 2021	176840	2	1960	1532
Dec 14, 2021	170400	5	2034	1135
Dec 15, 2021	191096	2	2328	1363
Dec 16, 2021	210135	4	1357	1367
Dec 17, 2021	210315	7	885	1107
Dec 18, 2021	209475	5	4299	994
Dec 19, 2021	206713	5	5618	1502
Dec 20, 2021	199346	11	6050	1275
Dec 21, 2021	197925	13	6428	1179
Dec 22, 2021	209618	8	7064	1089
Dec 23, 2021	188196	7	4963	1137
Dec 24, 2021	206962	4	2622	964
Dec 25, 2021	213945	12	7336	1008
Dec 26, 2021	210267	8	5518	1369
Dec 27, 2021	205975	10	8338	1266
Dec 28, 2021	198864	9	8501	1193
Dec 29, 2021	196574	9	8826	1183
Dec 30, 2021	195825	13	5428	1177
Dec 31, 2021	192601	18	3177	1046
Jan 01, 2022	193409	18	7756	1186
Jan 02, 2022	183688	13	9355	1964
Jan 03, 2022	159544	22	9061	1748
Jan 04, 2022	153388	35	8338	1559
Jan 05, 2022	152891	31	7638	1645
Jan 06, 2022	151800	19	4435	1699
Jan 07, 2022	148539	35	2750	1893
Jan 08, 2022	147754	34	6362	2520
Jan 09, 2022	146649	36	7002	4223
Jan 10, 2022	144355	33	5560	4187
Jan 11, 2022	142810	30	4899	4375
Jan 12, 2022	138326	28	4154	4359
Jan 13, 2022	106883	34	2255	5233
Jan 14, 2022	100861	38	1321	4792
Jan 15, 2022	102476	35	3080	5195
Jan 16, 2022	94862	29	3051	9513
Jan 17, 2022	91611	51	2861	9440
Jan 18, 2022	90653	25	2266	10154
Jan 19, 2022	85166	35	2067	10191
Jan 20, 2022	84487	18	1202	10873
Jan 21, 2022	79177	24	721	10281
Jan 22, 2022	79652	40	1618	10743
Jan 23, 2022	75627	41	1499	17643
Jan 24, 2022	74500	29	1333	17606
Jan 25, 2022	73368	20	1148	17560
Jan 26, 2022	66410	19	969	19547
Jan 27, 2022	67019	15	634	20698
Jan 28, 2022	67178	21	369	19491
Jan 29, 2022	67243	18	822	19098
Jan 30, 2022	65299	13	645	32258
Jan 31, 2022	53668	22	636	32072
Feb 01, 2022	53601	15	508	32013
Feb 02, 2022	55856	11	524	32015
Feb 03, 2022	54849	13	298	33191
Feb 04, 2022	49967	22	190	27462
Feb 05, 2022	49057	6	427	24936
Feb 06, 2022	47878	16	357	42657
Feb 07, 2022	46895	14	362	41565
Feb 08, 2022	40745	8	259	38428
Feb 09, 2022	43514	10	188	35978
Feb 10, 2022	44090	8	142	35234
Feb 11, 2022	43781	10	83	29313
Feb 12, 2022	42351	6	156	26272
Feb 13, 2022	42499	8	159	42721
Feb 14, 2022	37406	4	102	39816
Feb 15, 2022	36837	3	114	36232
Feb 16, 2022	38370	6	80	33600
Feb 17, 2022	38873	2	60	31474
Feb 18, 2022	38210	5	52	26103
Feb 19, 2022	37228	7	78	23224
Feb 20, 2022	37148	0	72	37720
Feb 21, 2022	36492	4	77	33817
Feb 22, 2022	37049	1	55	31109
Feb 23, 2022	34211	2	60	27992
Feb 24, 2022	34847	3	56	26873
Feb 25, 2022	34023	4	29	21445
Feb 26, 2022	33018	3	111	19448
Feb 27, 2022	32298	2	52	30861
Feb 28, 2022	31521	2	34	27264
Mar 01, 2022	25222	0	52	24111
Mar 02, 2022	25440	1	70	22101
Mar 03, 2022	25758	1	53	21739
Mar 04, 2022	24551	0	42	17248
Mar 05, 2022	23678	1	87	15487
Mar 06, 2022	24559	2	60	25031
Mar 07, 2022	21020	1	78	21403
Mar 08, 2022	17490	0	77	19299
Mar 09, 2022	19229	1	82	17788
Mar 10, 2022	18852	0	51	17190
Mar 11, 2022	19719	1	38	14417
Mar 12, 2022	20351	1	97	12607
Mar 13, 2022	18341	1	105	19787
Mar 14, 2022	18112	0	60	17020
Mar 15, 2022	18219	0	85	16198
Mar 16, 2022	14743	0	113	14727
Mar 17, 2022	15052	0	54	14296
Mar 18, 2022	15029	0	35	11884
Mar 19, 2022	15186	1	95	10936
Mar 20, 2022	14886	0	70	16540
Mar 21, 2022	14628	0	80	13314
Mar 22, 2022	14230	0	82	11867
Mar 23, 2022	12996	0	74	9931
Mar 24, 2022	13765	0	68	9253
Mar 25, 2022	13836	0	22	7040
Mar 26, 2022	14573	0	83	6230
Mar 27, 2022	13723	0	54	9856
Mar 28, 2022	13636	0	70	7854
Mar 29, 2022	13163	1	37	7170
Mar 30, 2022	13699	0	49	6172
Mar 31, 2022	15100	1	36	6010
Apr 01, 2022	12531	1	30	4597
Apr 02, 2022	12742	0	56	4227
Apr 03, 2022	11781	0	40	6503
Apr 04, 2022	11506	0	60	5262
Apr 05, 2022	11422	0	47	4807
Apr 06, 2022	12629	1	56	4075
Apr 07, 2022	13083	0	30	3813
Apr 08, 2022	12358	1	17	3015
Apr 09, 2022	13443	0	57	2851
Apr 10, 2022	12668	2	51	4485
Apr 11, 2022	11447	1	40	3743
Apr 12, 2022	11706	0	42	3108
Apr 13, 2022	10995	0	46	2856
Apr 14, 2022	11801	0	20	2807
Apr 15, 2022	12941	0	11	2258
Apr 16, 2022	13054	0	20	2113
Apr 17, 2022	13489	0	22	3195
Apr 18, 2022	13957	0	58	2585
Apr 19, 2022	14611	1	67	2237
Apr 20, 2022	16180	0	55	2046
Apr 21, 2022	19472	0	41	1680
Apr 22, 2022	22891	1	36	1922
Apr 23, 2022	26819	0	83	2095
Apr 24, 2022	29311	0	89	3240
Apr 25, 2022	30086	0	97	2492
Apr 26, 2022	34150	0	73	2159
Apr 27, 2022	37860	0	81	1989
Apr 28, 2022	39518	0	89	1911
Apr 29, 2022	38797	1	54	1761
Apr 30, 2022	42731	2	135	1645
May 01, 2022	45285	1	116	2559
May 02, 2022	46378	0	124	2344
May 03, 2022	40186	0	153	2168
May 04, 2022	44808	0	153	2017
May 05, 2022	48672	0	98	2084
May 06, 2022	53603	0	88	2118
May 07, 2022	58576	0	200	2204
May 08, 2022	61812	1	170	3383
May 09, 2022	63237	0	239	3228
May 10, 2022	66393	0	202	2974
May 11, 2022	69872	0	205	2836
May 12, 2022	73724	0	162	2900
May 13, 2022	76274	0	89	2975
May 14, 2022	78349	0	320	3076
May 15, 2022	80342	1	361	4707
May 16, 2022	80177	1	393	4716
May 17, 2022	78602	0	425	4600
May 18, 2022	80191	1	438	4268
May 19, 2022	80791	1	274	4552
May 20, 2022	81174	0	233	4536
May 21, 2022	59118	2	607	4335
May 22, 2022	59988	0	938	7045
May 23, 2022	57471	0	966	6366
May 24, 2022	54600	0	1090	6065
May 25, 2022	55077	0	1076	5745
May 26, 2022	50253	0	500	6204
May 27, 2022	48942	0	561	5349
May 28, 2022	53002	1	1677	5549
May 29, 2022	49096	2	1632	8820
May 30, 2022	45730	0	1568	8336
May 31, 2022	44024	0	1734	7775
Jun 01, 2022	42203	1	1956	7193
Jun 02, 2022	40594	1	1258	7088
Jun 03, 2022	33552	0	607	6332
Jun 04, 2022	31952	0	3059	5904
Jun 05, 2022	30551	5	3141	9926
Jun 06, 2022	27723	2	3086	8852
Jun 07, 2022	25556	3	3343	8941
Jun 08, 2022	25065	1	3235	8202
Jun 09, 2022	23897	3	2117	8950
Jun 10, 2022	23329	0	715	8305
Jun 11, 2022	22482	3	4009	7900
Jun 12, 2022	22233	3	3604	12888
Jun 13, 2022	20660	2	4003	11438
Jun 14, 2022	19337	4	3370	10592
Jun 15, 2022	18286	3	3306	9980
Jun 16, 2022	15851	1	1720	10073
Jun 17, 2022	14798	3	941	8630
Jun 18, 2022	14573	11	3849	8171
Jun 19, 2022	14102	2	3043	13416
Jun 20, 2022	13851	9	2782	11685
Jun 21, 2022	13571	5	2451	10770
Jun 22, 2022	13520	4	2476	9701
Jun 23, 2022	13409	5	1120	9226
Jun 24, 2022	13204	1	274	7546
Jun 25, 2022	13271	3	587	6885
Jun 26, 2022	13318	5	2064	11791
Jun 27, 2022	12972	2	1943	8587
Jun 28, 2022	12257	6	2021	11813
Jun 29, 2022	11739	5	1654	9858
Jun 30, 2022	11588	6	787	9217
Jul 01, 2022	9274	5	469	7879
Jul 02, 2022	9542	4	1575	6909
Jul 03, 2022	9590	5	1209	8653
Jul 04, 2022	9131	6	1131	11748
Jul 05, 2022	8344	5	842	10238
Jul 06, 2022	7798	2	797	8795
Jul 07, 2022	8252	2	444	8551
Jul 08, 2022	8211	2	254	7422
Jul 09, 2022	8211	9	743	6931
Jul 10, 2022	8211	2	659	10936
Jul 11, 2022	7355	2	554	9560
Jul 12, 2022	7376	5	431	8638
Jul 13, 2022	7761	1	354	8091
Jul 14, 2022	7432	3	219	7854
Jul 15, 2022	7324	1	147	6612
Jul 16, 2022	7324	4	374	6288
Jul 17, 2022	7324	6	317	9598
Jul 18, 2022	6675	2	266	8129
Jul 19, 2022	5964	4	218	7434
Jul 20, 2022	5913	2	201	6219
Jul 21, 2022	6002	1	121	6158
Jul 22, 2022	5974	2	74	5345
Jul 23, 2022	5974	1	191	5289
Jul 24, 2022	5974	2	148	9024
Jul 25, 2022	6179	2	129	7889
Jul 26, 2022	6167	3	92	7572
Jul 27, 2022	6299	1	117	7139
Jul 28, 2022	4931	1	80	7411
Jul 29, 2022	4966	0	38	6867
Jul 30, 2022	5531	0	100	6541
Jul 31, 2022	5689	0	109	10378
Aug 01, 2022	5847	0	79	8837
Aug 02, 2022	6003	0	86	8430
Aug 03, 2022	6159	1	78	6601
Aug 04, 2022	6315	0	42	6602
Aug 05, 2022	6476	0	25	8184
Aug 06, 2022	6735	0	58	7646
Aug 07, 2022	7018	0	62	7532
Aug 08, 2022	7287	1	70	12328
Aug 09, 2022	7283	0	37	10558
Aug 10, 2022	7442	0	49	10033
Aug 11, 2022	7969	0	30	9376
Aug 12, 2022	8277	1	26	9495
Aug 13, 2022	8511	1	46	9218
Aug 14, 2022	8674	0	47	8458
Aug 15, 2022	8780	0	33	13732
Aug 16, 2022	9028	1	27	11781
Aug 17, 2022	5590	0	36	11135
Aug 18, 2022	5842	0	18	0
Aug 19, 2022	6105	0	7	18721
Aug 20, 2022	6323	0	24	7626
Aug 21, 2022	6320	1	17	6902
Aug 22, 2022	6588	0	12	0
Aug 23, 2022	6793	0	13	19792
Aug 24, 2022	5547	1	26	9411
Aug 25, 2022	5588	0	11	0
Aug 26, 2022	5582	0	5	16290
Aug 27, 2022	5523	0	26	6900
Aug 28, 2022	5415	0	21	0
Aug 29, 2022	5227	0	20	15291
Aug 30, 2022	5241	0	12	7843
Aug 31, 2022	5316	1	19	0
Sep 01, 2022	5615	0	17	13154
Sep 02, 2022	5858	0	6	0
Sep 03, 2022	6023	0	22	11084
Sep 04, 2022	6179	1	15	4775
Sep 05, 2022	6284	0	18	6659
Sep 06, 2022	6281	0	10	5660
Sep 07, 2022	5380	0	22	5095
Sep 08, 2022	5655	0	7	0
Sep 09, 2022	5984	0	4	8943
Sep 10, 2022	6211	0	20	3957
Sep 11, 2022	6339	0	17	3619
Sep 12, 2022	6419	0	15	0
Sep 13, 2022	6658	0	10	10670
Sep 14, 2022	6920	0	16	4136
Sep 15, 2022	6110	0	11	3661
Sep 16, 2022	6389	0	6	3615
Sep 17, 2022	6643	0	30	3055
Sep 18, 2022	6643	0	24	0
Sep 19, 2022	6905	0	0	0
Sep 20, 2022	6901	0	40	9698
Sep 21, 2022	7200	0	14	2669
Sep 22, 2022	5577	0	7	2231
Sep 23, 2022	5729	0	10	1939
Sep 24, 2022	6051	0	12	0
Sep 25, 2022	6118	0	23	5148
Sep 26, 2022	6354	0	24	3274
Sep 27, 2022	6668	0	18	4565
Sep 28, 2022	6991	0	21	0
Sep 29, 2022	7319	1	19	7462
Sep 30, 2022	7627	0	12	3168
Oct 01, 2022	7627	1	33	2977
Oct 02, 2022	7627	0	36	2799
Oct 03, 2022	7950	0	31	4139
Oct 04, 2022	8350	0	31	0
Oct 05, 2022	5442	0	19	6565
Oct 06, 2022	5729	0	7	2719
Oct 07, 2022	6088	0	7	2674
Oct 08, 2022	6349	1	35	2544
Oct 09, 2022	6552	0	46	2669
Oct 10, 2022	6686	0	46	4096
Oct 11, 2022	7046	0	26	3433
Oct 12, 2022	7407	0	23	3064
Oct 13, 2022	7825	0	17	3026
Oct 14, 2022	8221	0	12	2939
Oct 15, 2022	8606	0	49	0
Oct 16, 2022	8606	0	82	5715
Oct 17, 2022	8980	0	56	13276
Oct 18, 2022	9377	0	88	0
Oct 19, 2022	9801	0	89	8169
Oct 20, 2022	10207	1	33	4036
Oct 21, 2022	10612	0	11	4222
Oct 22, 2022	10612	0	95	7620
Oct 23, 2022	10824	1	127	5520
Oct 24, 2022	11305	0	119	5418
Oct 25, 2022	11674	0	108	5623
Oct 26, 2022	12023	0	103	0
Oct 27, 2022	12394	0	56	10304
Oct 28, 2022	12750	0	22	5021
Oct 29, 2022	12927	0	149	0
Oct 30, 2022	13343	0	129	14528
Oct 31, 2022	13491	0	122	5605
Nov 01, 2022	13834	0	138	4865
Nov 02, 2022	14210	0	89	4334
Nov 03, 2022	14679	0	49	0
Nov 04, 2022	14868	0	35	7420
Nov 05, 2022	14868	0	247	5244
Nov 06, 2022	15073	0	219	5180
Nov 07, 2022	15791	0	150	7836
Nov 08, 2022	16227	1	170	7496
Nov 09, 2022	16747	0	159	6762
Nov 10, 2022	17232	0	101	5336
Nov 11, 2022	17841	0	44	5533
Nov 12, 2022	18305	0	199	8947
Nov 13, 2022	18568	0	184	6535
Nov 14, 2022	19466	0	179	5802
Nov 15, 2022	20645	0	149	5611
Nov 16, 2022	21288	1	145	5297
Nov 17, 2022	21746	0	49	4342
Nov 18, 2022	22344	0	46	4352
Nov 19, 2022	22344	1	179	7735
Nov 20, 2022	22344	1	147	5912
Nov 21, 2022	23220	0	134	5493
Nov 22, 2022	23600	0	156	5050
Nov 23, 2022	24443	1	112	4852
Nov 24, 2022	24957	0	42	3906
Nov 25, 2022	25355	0	18	3946
Nov 26, 2022	25355	1	139	6425
Nov 27, 2022	25778	1	148	4820
Nov 28, 2022	26046	1	122	7309
Nov 29, 2022	26511	3	111	1211
Nov 30, 2022	26956	0	83	3883
Dec 01, 2022	27238	0	38	3193
Dec 02, 2022	27550	0	20	3318
Dec 03, 2022	27799	0	105	0
Dec 04, 2022	27942	0	72	9392
Dec 05, 2022	28047	0	80	0
Dec 06, 2022	28272	0	69	7072
Dec 07, 2022	28573	0	78	3210
Dec 08, 2022	29366	0	16	2628
Dec 09, 2022	29705	0	16	2552
Dec 10, 2022	30014	0	98	0
Dec 11, 2022	30206	0	66	0
Dec 12, 2022	30206	0	53	0
Dec 13, 2022	30416	0	55	0
Dec 14, 2022	30817	0	47	12564
Dec 15, 2022	31076	1	15	6807
Dec 16, 2022	31494	0	6	2915
Dec 17, 2022	31529	0	55	4578
Dec 18, 2022	31529	0	47	3605
Dec 19, 2022	31529	0	68	3572
Dec 20, 2022	31912	0	37	3353
Dec 21, 2022	31912	0	45	3323
Dec 22, 2022	32199	0	13	3122
Dec 23, 2022	32607	0	6	3184
Dec 24, 2022	32973	0	55	5283
Dec 25, 2022	33125	0	39	4287
Dec 26, 2022	33207	0	8	3767
Dec 27, 2022	33361	0	33	3848
Dec 28, 2022	33506	0	21	0
Dec 29, 2022	33506	0	7	7093
Dec 30, 2022	33924	0	3	3889
Dec 31, 2022	34128	1	37	6752
Jan 01, 2023	34245	0	26	5186
Jan 02, 2023	34292	0	15	4458
Jan 03, 2023	34380	0	15	3703
Jan 04, 2023	34405	0	16	3277
Jan 05, 2023	34762	0	2	2385
Jan 06, 2023	34976	0	3	2929
Jan 07, 2023	34976	0	19	4074
Jan 08, 2023	35008	0	13	5084
Jan 09, 2023	35214	0	8	3985
Jan 10, 2023	35214	0	10	3604
Jan 11, 2023	35816	0	5	3164
Jan 12, 2023	35986	0	7	2578
Jan 13, 2023	36169	0	0	2530
Jan 14, 2023	36533	0	11	4091
Jan 15, 2023	36713	0	14	3118
Jan 16, 2023	36817	0	4	2756
Jan 17, 2023	37040	0	9	0
Jan 18, 2023	37914	0	9	4944
Jan 19, 2023	38453	0	4	0
Jan 20, 2023	38702	0	1	4047
Jan 21, 2023	38702	0	18	3094
Jan 22, 2023	39066	0	11	2409
Jan 23, 2023	39173	0	13	2041
Jan 24, 2023	39428	0	5	2101
Jan 25, 2023	39702	0	4	1844
Jan 26, 2023	39953	0	3	1608
Jan 27, 2023	40183	0	4	1600
Jan 28, 2023	40183	0	5	2395
Jan 29, 2023	40315	0	9	1915
Jan 30, 2023	40619	0	8	1677
Jan 31, 2023	40865	0	5	1607
Feb 01, 2023	41100	0	5	1567
Feb 02, 2023	41357	0	12	1502
Feb 03, 2023	41600	0	3	1398
Feb 04, 2023	41600	0	14	2091
Feb 05, 2023	41600	0	11	1615
Feb 06, 2023	42110	0	7	1606
Feb 07, 2023	42561	0	17	1470
Feb 08, 2023	42909	0	7	3823
Feb 09, 2023	43245	0	3	0
Feb 10, 2023	43522	0	1	183
Feb 11, 2023	43721	0	8	2002
Feb 12, 2023	43811	0	5	1639
Feb 13, 2023	43865	0	12	1483
Feb 14, 2023	44247	0	6	1410
Feb 15, 2023	44247	0	9	1318
Feb 16, 2023	44976	0	1	0
Feb 17, 2023	45248	0	3	0
Feb 18, 2023	45248	0	0	4433
Feb 19, 2023	45248	0	0	0
Feb 20, 2023	45984	0	0	3173
Feb 21, 2023	45984	0	36	1585
Feb 22, 2023	45984	0	0	1674
Feb 23, 2023	45984	0	0	0
Feb 24, 2023	46282	0	0	3396
Feb 25, 2023	46477	0	0	2668
Feb 26, 2023	47222	0	0	2210
Feb 27, 2023	48136	0	0	2039
Feb 28, 2023	48472	0	0	2091
Mar 01, 2023	48762	0	0	1963
Mar 02, 2023	49356	0	0	0
Mar 03, 2023	49788	0	59	0
Mar 04, 2023	49788	0	0	7102
Mar 05, 2023	49788	0	0	2710
Mar 06, 2023	50756	0	0	2592
Mar 07, 2023	50943	0	37	2602
Mar 08, 2023	51540	0	0	2722
Mar 09, 2023	51966	0	0	0
Mar 10, 2023	52352	0	0	5428
Mar 11, 2023	52352	0	0	4092
Mar 12, 2023	52352	0	0	3657
Mar 13, 2023	53218	0	0	3426
Mar 14, 2023	53218	0	0	3676
Mar 15, 2023	53218	0	0	3819
Mar 16, 2023	54477	0	57	3535
Mar 17, 2023	54477	0	0	3596
Mar 18, 2023	54477	0	0	5249
Mar 19, 2023	54477	0	0	4031
Mar 20, 2023	54478	0	0	3712
Mar 21, 2023	55960	0	0	3546
Mar 22, 2023	56158	0	0	3237
Mar 23, 2023	56538	0	54	0
Mar 24, 2023	56897	0	0	5760
Mar 25, 2023	57193	0	0	4205
Mar 26, 2023	57193	0	0	0
Mar 27, 2023	57519	0	0	5627
Mar 28, 2023	57791	0	0	2524
Mar 29, 2023	57791	0	0	2180
Mar 30, 2023	57791	0	156	0
Mar 31, 2023	58106	0	0	0
Apr 01, 2023	58106	0	0	6226
Apr 02, 2023	58106	0	0	1850
Apr 03, 2023	59210	0	0	0
Apr 04, 2023	59454	0	0	2993
Apr 05, 2023	59713	0	0	1170
Apr 06, 2023	60000	1	241	1047
Apr 07, 2023	60000	0	0	1146
Apr 08, 2023	60000	0	0	1456
Apr 09, 2023	60000	0	0	0
Apr 10, 2023	60000	0	0	0
Apr 11, 2023	60136	0	0	0
Apr 12, 2023	60411	0	333	0
Apr 13, 2023	60411	0	0	4096
Apr 14, 2023	60748	0	0	788
Apr 15, 2023	60748	0	0	1201
Apr 16, 2023	60748	0	0	773
Apr 17, 2023	61362	0	0	597
Apr 18, 2023	61362	0	0	566
Apr 19, 2023	61362	0	0	561
Apr 20, 2023	61362	0	369	428
Apr 21, 2023	61362	0	0	0
Apr 22, 2023	61362	0	0	979
Apr 23, 2023	61362	0	0	0
Apr 24, 2023	61362	0	0	795
Apr 25, 2023	61362	0	0	383
Apr 26, 2023	61362	0	348	342
Apr 27, 2023	61362	0	0	0
Apr 28, 2023	61362	0	0	0
Apr 29, 2023	61362	0	0	0
Apr 30, 2023	61362	0	0	1276
May 01, 2023	61362	0	0	240
May 02, 2023	61362	0	0	175
May 03, 2023	61362	0	0	203
May 04, 2023	61362	0	373	134
May 05, 2023	61362	0	0	152
May 06, 2023	61362	0	0	180
May 07, 2023	61362	0	0	240
May 08, 2023	61362	0	0	141
May 09, 2023	61362	0	0	0
May 10, 2023	61362	0	0	305
May 11, 2023	61362	0	180	0
May 12, 2023	61362	0	0	255
May 13, 2023	61362	0	0	181
May 14, 2023	61362	0	0	0
May 15, 2023	61362	0	0	219
May 16, 2023	61362	0	0	97
May 17, 2023	61362	0	0	104
May 18, 2023	61362	0	168	0
May 19, 2023	61362	0	0	186
May 20, 2023	61362	0	0	123
May 21, 2023	61362	0	0	112
May 22, 2023	61362	0	0	63
May 23, 2023	61362	0	0	74
May 24, 2023	61362	0	0	77
May 25, 2023	61362	0	102	54
May 26, 2023	61362	0	0	64
May 27, 2023	61362	0	0	85
May 28, 2023	61362	0	0	66
May 29, 2023	61362	0	0	42
May 30, 2023	61362	0	0	68
May 31, 2023	61362	0	0	36
Jun 01, 2023	61362	0	86	43
Jun 02, 2023	61362	0	0	33
Jun 03, 2023	61362	0	0	60
Jun 04, 2023	61362	0	0	52
Jun 05, 2023	61362	0	0	34
Jun 06, 2023	61362	0	0	32
Jun 07, 2023	61362	0	0	42
Jun 08, 2023	61362	0	47	24
Jun 09, 2023	61362	0	0	27
Jun 10, 2023	61362	0	0	42
Jun 11, 2023	61362	0	0	31
Jun 12, 2023	61362	0	0	26
Jun 13, 2023	61362	0	0	22
Jun 14, 2023	61362	0	32	23
Jun 15, 2023	61362	0	0	24
Jun 16, 2023	61362	0	0	22
Jun 17, 2023	61362	0	0	51
Jun 18, 2023	61362	0	0	28
Jun 19, 2023	61362	0	0	38
Jun 20, 2023	61362	0	0	26
Jun 21, 2023	61362	0	23	27
Jun 22, 2023	61362	0	0	20
Jun 23, 2023	61362	0	0	20
Jun 24, 2023	61362	0	0	32
Jun 25, 2023	61362	0	0	17
Jun 26, 2023	61362	0	0	16
Jun 27, 2023	61362	0	0	19
Jun 28, 2023	61362	0	33	29
Jun 29, 2023	61362	0	0	25
Jun 30, 2023	61362	0	0	18
Jul 01, 2023	61362	0	0	26
Jul 02, 2023	61362	0	0	30
Jul 03, 2023	61362	0	0	15
Jul 04, 2023	61362	0	0	23
Jul 05, 2023	61362	0	21	19
Jul 06, 2023	61362	0	0	16
Jul 07, 2023	61362	0	0	0
Jul 08, 2023	61362	0	0	34
Jul 09, 2023	61362	0	0	0
Jul 10, 2023	61362	0	0	41
Jul 11, 2023	61362	0	0	18
Jul 12, 2023	61362	0	28	12
Jul 13, 2023	61362	0	0	24
Jul 14, 2023	61362	0	0	22
Jul 15, 2023	61362	0	0	38
Jul 16, 2023	61362	0	0	0
Jul 17, 2023	61362	0	0	32
Jul 18, 2023	61362	0	0	20
Jul 19, 2023	61362	0	20	22
Jul 20, 2023	61362	0	0	13
Jul 21, 2023	61362	0	0	21
Jul 22, 2023	61362	0	0	31
Jul 23, 2023	61362	0	0	29
Jul 24, 2023	61362	0	0	23
Jul 25, 2023	61362	0	0	28
Jul 26, 2023	61362	0	0	0
Jul 27, 2023	61362	0	27	55
Jul 28, 2023	61362	0	0	44
Jul 29, 2023	61362	0	0	55
Jul 30, 2023	61362	0	0	44
Jul 31, 2023	61362	0	0	36
Aug 01, 2023	61362	0	0	50
Aug 02, 2023	61362	0	74	44
Aug 03, 2023	61362	0	0	44
Aug 04, 2023	61362	0	0	43
Aug 05, 2023	61362	0	0	71
Aug 06, 2023	61362	0	0	50
Aug 07, 2023	61362	0	0	50
Aug 08, 2023	61362	0	0	0
Aug 09, 2023	61362	0	0	0
Aug 10, 2023	61362	0	161	0
Aug 11, 2023	61362	0	0	224
Aug 12, 2023	61362	0	0	0
Aug 13, 2023	61362	0	0	0
Aug 14, 2023	61362	0	0	188
Aug 15, 2023	61362	0	0	63
Aug 16, 2023	61362	0	0	69
Aug 17, 2023	61362	0	309	0
Aug 18, 2023	61362	0	0	104
Aug 19, 2023	61362	0	0	0
Aug 20, 2023	61362	0	0	0
Aug 21, 2023	61362	0	0	228
Aug 22, 2023	61362	0	0	0
Aug 23, 2023	61362	0	312	0
Aug 24, 2023	61362	0	0	215
Aug 25, 2023	61362	0	0	73
Aug 26, 2023	61362	0	0	0
Aug 27, 2023	61362	0	0	0
Aug 28, 2023	61362	0	0	0
Aug 29, 2023	61362	0	0	371
Aug 30, 2023	61362	0	254	0
Aug 31, 2023	61362	0	0	83
Sep 01, 2023	61362	0	0	0
Sep 02, 2023	61362	0	0	0
Sep 03, 2023	61362	0	0	0
Sep 04, 2023	61362	0	0	0
Sep 05, 2023	61362	0	0	0
Sep 06, 2023	61362	0	205	491
Sep 07, 2023	61362	0	0	0
Sep 08, 2023	61362	0	0	0
Sep 09, 2023	61362	0	0	0
Sep 10, 2023	61362	0	0	0
Sep 11, 2023	61362	0	0	0
Sep 12, 2023	61362	0	0	0
Sep 13, 2023	61362	0	177	0
Sep 14, 2023	61362	0	0	649
Sep 15, 2023	61362	0	0	0
Sep 16, 2023	61362	0	0	0
Sep 17, 2023	61362	0	0	0
Sep 18, 2023	61362	0	0	0
Sep 19, 2023	61362	0	0	0
Sep 20, 2023	61362	0	138	0
Sep 21, 2023	61362	0	0	790
Sep 22, 2023	61362	0	0	0
Sep 23, 2023	61362	0	0	0
Sep 24, 2023	61362	0	0	0
Sep 25, 2023	61362	0	0	0
Sep 26, 2023	61362	0	0	0
Sep 27, 2023	61362	0	0	0
Sep 28, 2023	61362	0	0	0
Sep 29, 2023	61362	0	0	0
Sep 30, 2023	61362	0	132	864
Oct 01, 2023	61362	0	0	0
Oct 02, 2023	61362	0	0	0
Oct 03, 2023	61362	0	0	0
Oct 04, 2023	61362	0	0	0
Oct 05, 2023	61362	0	0	0
Oct 06, 2023	61362	0	136	1354
Oct 07, 2023	61362	0	0	0
Oct 08, 2023	61362	0	0	0
Oct 09, 2023	61362	0	0	0
Oct 10, 2023	61362	0	0	0
Oct 11, 2023	61362	0	124	0
Oct 12, 2023	61362	0	0	0
Oct 13, 2023	61362	0	0	1774
Oct 14, 2023	61362	0	0	0
Oct 15, 2023	61362	0	0	0
Oct 16, 2023	61362	0	0	0
Oct 17, 2023	61362	0	0	0
Oct 18, 2023	61362	0	0	0
Oct 19, 2023	61362	0	0	0
Oct 20, 2023	61362	0	0	2091
Oct 21, 2023	61362	0	0	0
Oct 22, 2023	61362	0	0	0
Oct 23, 2023	61362	0	0	0
Oct 24, 2023	61362	0	0	0
Oct 25, 2023	61362	0	196	0
Oct 26, 2023	61362	0	0	0
Oct 27, 2023	61362	0	0	2952
Oct 28, 2023	61362	0	0	3418
Oct 29, 2023	61362	0	0	0
Oct 30, 2023	61362	0	0	0
Oct 31, 2023	61362	0	0	0
Nov 01, 2023	61362	0	104	0
Nov 02, 2023	61362	0	0	0
Nov 03, 2023	61362	0	0	0
Nov 04, 2023	61362	0	0	0
Nov 05, 2023	61362	0	0	0
Nov 06, 2023	61362	0	0	0
Nov 07, 2023	61362	0	0	0
Nov 08, 2023	61362	0	0	0
Nov 09, 2023	61362	0	104	0
Nov 10, 2023	61362	0	0	0
Nov 11, 2023	61362	0	0	3539
Nov 12, 2023	61362	0	0	8006
Nov 13, 2023	61362	0	0	0
Nov 14, 2023	61362	0	0	0
Nov 15, 2023	61362	1	116	0
Nov 16, 2023	61362	0	0	0
Nov 17, 2023	61362	0	0	0
Nov 18, 2023	61362	0	0	0
Nov 19, 2023	61362	0	0	0
Nov 20, 2023	61362	0	0	0
Nov 21, 2023	61362	0	0	0
Nov 22, 2023	61362	0	94	0
Nov 23, 2023	61362	0	0	0
Nov 24, 2023	61362	0	0	0
Nov 25, 2023	61362	0	0	0
Nov 26, 2023	61362	0	0	0
Nov 27, 2023	61362	0	0	0
Nov 28, 2023	61362	0	0	0
Nov 29, 2023	61362	0	99	0
Nov 30, 2023	61362	0	0	0
Dec 01, 2023	61362	0	0	0
Dec 02, 2023	61362	0	0	0
Dec 03, 2023	61362	0	0	0
Dec 04, 2023	61362	0	0	0
Dec 05, 2023	61362	0	0	0
Dec 06, 2023	61362	0	0	0
Dec 07, 2023	61362	0	109	0
Dec 08, 2023	61362	0	0	0
Dec 09, 2023	61362	0	0	0
Dec 10, 2023	61362	0	0	0
Dec 11, 2023	61362	0	0	0
Dec 12, 2023	61362	0	0	0
Dec 13, 2023	61362	0	0	0
Dec 14, 2023	61362	2	105	0
Dec 15, 2023	61362	0	0	0
Dec 16, 2023	61362	0	0	0
Dec 17, 2023	61362	0	0	0
Dec 18, 2023	61362	0	0	0
Dec 19, 2023	61362	0	0	0
Dec 20, 2023	61362	0	0	0
Dec 21, 2023	61362	0	130	0
Dec 22, 2023	61362	0	0	0
Dec 23, 2023	61362	0	0	0
Dec 24, 2023	61362	0	0	0
Dec 25, 2023	61362	0	0	0
Dec 26, 2023	61362	0	0	0
Dec 27, 2023	61362	0	0	0
Dec 28, 2023	61362	1	113	0
Dec 29, 2023	61362	0	0	0
Dec 30, 2023	61362	0	0	0
Dec 31, 2023	61362	0	0	0
Jan 01, 2024	61362	0	0	0
Jan 02, 2024	61362	0	0	0
Jan 03, 2024	61362	0	0	0
Jan 04, 2024	61362	0	154	0
Jan 05, 2024	61362	0	0	0
Jan 06, 2024	61362	0	0	0
Jan 07, 2024	61362	0	0	0
Jan 08, 2024	61362	0	0	0
Jan 09, 2024	61362	0	0	0
Jan 10, 2024	61362	0	0	0
Jan 11, 2024	61362	0	86	0
Jan 12, 2024	61362	0	0	0
Jan 13, 2024	61362	0	0	0
Jan 14, 2024	61362	0	0	0
Jan 15, 2024	61362	0	0	0
Jan 16, 2024	61362	0	0	0
Jan 17, 2024	61362	0	0	0
Jan 18, 2024	61362	0	92	0
Jan 19, 2024	61362	0	0	0
Jan 20, 2024	61362	0	0	0
Jan 21, 2024	61362	0	0	0
Jan 22, 2024	61362	0	0	0
Jan 23, 2024	61362	0	0	0
Jan 24, 2024	61362	0	0	0
Jan 25, 2024	61362	0	100	0
Jan 26, 2024	61362	0	0	0
Jan 27, 2024	61362	0	0	0
Jan 28, 2024	61362	0	0	0
Jan 29, 2024	61362	0	0	0
Jan 30, 2024	61362	0	0	0
Jan 31, 2024	61362	0	0	0
Feb 01, 2024	61362	2	44	0
Feb 02, 2024	61362	0	0	0
Feb 03, 2024	61362	0	0	0
Feb 04, 2024	61362	0	0	0
Feb 05, 2024	61362	0	0	0
Feb 06, 2024	61362	0	0	0
Feb 07, 2024	61362	0	0	0
Feb 08, 2024	61362	0	0	0
Feb 09, 2024	61362	0	0	0
Feb 10, 2024	61362	0	0	0
Feb 11, 2024	61362	0	0	0
Feb 12, 2024	61362	0	0	0
Feb 13, 2024	61362	0	0	0
Feb 14, 2024	61362	0	0	0
Feb 15, 2024	61362	0	0	0
Feb 16, 2024	61362	0	0	0
Feb 17, 2024	61362	0	0	0
Feb 18, 2024	61362	0	0	0
Feb 19, 2024	61362	0	0	0
Feb 20, 2024	61362	0	0	0
Feb 21, 2024	61362	0	0	0
Feb 22, 2024	61362	0	0	0
Feb 23, 2024	61362	0	0	0
Feb 24, 2024	61362	0	0	0
Feb 25, 2024	61362	0	0	0
Feb 26, 2024	61362	0	0	0
Feb 27, 2024	61362	0	0	0
Feb 28, 2024	61362	0	0	0
Feb 29, 2024	61362	0	0	0
Mar 01, 2024	61362	0	0	0
Mar 02, 2024	61362	0	0	0
Mar 03, 2024	61362	0	0	0
Mar 04, 2024	61362	0	0	0
Mar 05, 2024	61362	0	0	0
Mar 06, 2024	61362	0	0	0
Mar 07, 2024	61362	0	0	0
Mar 08, 2024	61362	NA	NA	0
Mar 09, 2024	61362	NA	NA	0
Mar 10, 2024	61362	NA	NA	0
Mar 11, 2024	61362	NA	NA	0
Mar 12, 2024	61362	NA	NA	0
Mar 13, 2024	61362	NA	NA	0
Mar 14, 2024	61362	NA	NA	0
Mar 15, 2024	61362	NA	NA	0
Mar 16, 2024	61362	NA	NA	0
Mar 17, 2024	61362	NA	NA	0
Mar 18, 2024	61362	NA	NA	0
Mar 19, 2024	61362	NA	NA	0
Mar 20, 2024	61362	NA	NA	0
Mar 21, 2024	61362	NA	NA	0
Mar 22, 2024	61362	NA	NA	0
Mar 23, 2024	61362	NA	NA	0
Mar 24, 2024	61362	NA	NA	NA
