Dates	Active	Deaths	Newcases	recover
Feb 15, 2020	0	0	1	0
Feb 16, 2020	0	0	0	0
Feb 17, 2020	0	0	0	0
Feb 18, 2020	0	0	0	0
Feb 19, 2020	0	0	0	0
Feb 20, 2020	0	0	2	0
Feb 21, 2020	0	0	0	0
Feb 22, 2020	0	0	0	0
Feb 23, 2020	0	0	0	0
Feb 24, 2020	0	0	7	0
Feb 25, 2020	0	0	0	0
Feb 26, 2020	0	0	0	0
Feb 27, 2020	0	0	0	0
Feb 28, 2020	0	0	0	0
Feb 29, 2020	0	0	0	0
Mar 01, 2020	0	0	0	0
Mar 02, 2020	0	0	2	0
Mar 03, 2020	0	0	0	0
Mar 04, 2020	0	0	0	0
Mar 05, 2020	0	0	5	0
Mar 06, 2020	0	0	0	0
Mar 07, 2020	0	0	0	0
Mar 08, 2020	0	0	2	0
Mar 09, 2020	0	0	0	0
Mar 10, 2020	0	0	0	0
Mar 11, 2020	0	0	0	0
Mar 12, 2020	0	0	0	0
Mar 13, 2020	0	0	0	0
Mar 14, 2020	0	0	1	0
Mar 15, 2020	0	0	0	0
Mar 16, 2020	0	0	0	0
Mar 17, 2020	0	0	0	0
Mar 18, 2020	0	0	0	0
Mar 19, 2020	0	0	0	6
Mar 20, 2020	0	0	0	2
Mar 21, 2020	0	0	0	0
Mar 22, 2020	0	0	0	3
Mar 23, 2020	0	0	0	6
Mar 24, 2020	0	0	0	5
Mar 25, 2020	0	0	0	0
Mar 26, 2020	0	0	0	21
Mar 27, 2020	0	0	1	18
Mar 28, 2020	0	0	0	14
Mar 29, 2020	0	0	0	81
Mar 30, 2020	3	0	0	0
Mar 31, 2020	3	0	0	78
Apr 01, 2020	3	0	0	101
Apr 02, 2020	3	0	1	92
Apr 03, 2020	3	0	0	101
Apr 04, 2020	3	0	0	90
Apr 05, 2020	5	0	0	110
Apr 06, 2020	5	0	4	170
Apr 07, 2020	5	0	1	217
Apr 08, 2020	5	0	0	159
Apr 09, 2020	12	0	5	297
Apr 10, 2020	12	0	0	293
Apr 11, 2020	12	0	0	195
Apr 12, 2020	12	0	0	308
Apr 13, 2020	12	0	0	279
Apr 14, 2020	12	0	0	291
Apr 15, 2020	12	0	0	362
Apr 16, 2020	14	0	0	322
Apr 17, 2020	14	0	3	414
Apr 18, 2020	14	0	2	303
Apr 19, 2020	19	0	0	338
Apr 20, 2020	19	0	0	293
Apr 21, 2020	19	0	0	417
Apr 22, 2020	21	0	0	418
Apr 23, 2020	21	0	0	523
Apr 24, 2020	21	0	2	419
Apr 25, 2020	21	0	0	278
Apr 26, 2020	21	0	6	303
Apr 27, 2020	21	0	0	383
Apr 28, 2020	22	0	0	347
Apr 29, 2020	17	0	12	523
Apr 30, 2020	17	0	0	438
May 01, 2020	14	0	0	554
May 02, 2020	14	0	0	469
May 03, 2020	14	0	19	374
May 04, 2020	14	0	0	295
May 05, 2020	14	0	10	479
May 06, 2020	14	0	0	475
May 07, 2020	13	0	0	496
May 08, 2020	13	0	0	507
May 09, 2020	10	0	0	445
May 10, 2020	10	0	32	493
May 11, 2020	11	0	0	520
May 12, 2020	6	0	0	740
May 13, 2020	6	0	0	790
May 14, 2020	6	0	54	959
May 15, 2020	6	0	0	1400
May 16, 2020	6	0	52	1199
May 17, 2020	7	0	0	952
May 18, 2020	7	0	0	1342
May 19, 2020	7	0	50	997
May 20, 2020	7	0	0	1488
May 21, 2020	9	0	0	1350
May 22, 2020	10	0	37	1204
May 23, 2020	10	0	0	1602
May 24, 2020	15	0	0	1154
May 25, 2020	15	0	0	1613
May 26, 2020	14	0	0	2625
May 27, 2020	14	0	0	2610
May 28, 2020	14	0	85	2448
May 29, 2020	14	0	0	1833
May 30, 2020	14	0	0	2296
May 31, 2020	14	0	0	2219
Jun 01, 2020	17	0	123	0
Jun 02, 2020	16	0	0	41227
Jun 03, 2020	16	0	0	4575
Jun 04, 2020	16	0	70	4883
Jun 05, 2020	16	0	0	0
Jun 06, 2020	16	0	0	0
Jun 07, 2020	16	0	0	0
Jun 08, 2020	17	0	0	0
Jun 09, 2020	17	0	94	0
Jun 10, 2020	23	0	0	30813
Jun 11, 2020	23	1	0	4914
Jun 12, 2020	23	0	53	5938
Jun 13, 2020	35	0	0	6408
Jun 14, 2020	35	0	65	5088
Jun 15, 2020	35	0	0	7440
Jun 16, 2020	35	0	90	0
Jun 17, 2020	53	0	0	30209
Jun 18, 2020	53	0	0	5050
Jun 19, 2020	63	0	0	5118
Jun 20, 2020	63	0	0	3960
Jun 21, 2020	63	0	0	4828
Jun 22, 2020	63	0	0	5173
Jun 23, 2020	63	0	0	4523
Jun 24, 2020	95	0	0	4234
Jun 25, 2020	95	0	0	4104
Jun 26, 2020	95	0	172	4624
Jun 27, 2020	95	0	0	4155
Jun 28, 2020	149	1	0	3944
Jun 29, 2020	149	0	148	5075
Jun 30, 2020	198	0	0	4214
Jul 01, 2020	198	0	0	3804
Jul 02, 2020	198	0	0	4096
Jul 03, 2020	247	0	94	4102
Jul 04, 2020	247	0	0	3587
Jul 05, 2020	247	0	0	3339
Jul 06, 2020	282	0	0	3874
Jul 07, 2020	282	0	0	3458
Jul 08, 2020	282	0	0	3219
Jul 09, 2020	282	0	0	3131
Jul 10, 2020	282	0	254	3061
Jul 11, 2020	282	3	0	2788
Jul 12, 2020	360	0	71	2654
Jul 13, 2020	360	0	0	2664
Jul 14, 2020	360	0	0	2865
Jul 15, 2020	360	0	0	3216
Jul 16, 2020	473	0	0	1513
Jul 17, 2020	473	0	91	2635
Jul 18, 2020	473	0	0	2345
Jul 19, 2020	543	0	0	2198
Jul 20, 2020	543	2	0	2824
Jul 21, 2020	543	0	278	2425
Jul 22, 2020	543	0	0	2190
Jul 23, 2020	543	1	0	2265
Jul 24, 2020	633	0	124	2473
Jul 25, 2020	633	0	0	1926
Jul 26, 2020	633	1	0	1859
Jul 27, 2020	674	0	126	2378
Jul 28, 2020	674	0	0	2225
Jul 29, 2020	739	0	0	2071
Jul 30, 2020	739	1	0	1699
Jul 31, 2020	829	0	211	2180
Aug 01, 2020	829	0	0	1904
Aug 02, 2020	829	2	0	1565
Aug 03, 2020	829	0	104	2354
Aug 04, 2020	829	0	0	1961
Aug 05, 2020	829	0	0	1877
Aug 06, 2020	829	0	0	2000
Aug 07, 2020	829	0	0	1965
Aug 08, 2020	829	0	0	1693
Aug 09, 2020	829	3	0	1516
Aug 10, 2020	984	0	354	2199
Aug 11, 2020	984	0	0	1878
Aug 12, 2020	984	0	0	1712
Aug 13, 2020	1091	0	0	1906
Aug 14, 2020	1091	0	251	1914
Aug 15, 2020	1091	0	0	1877
Aug 16, 2020	1091	0	0	1557
Aug 17, 2020	1169	0	0	2055
Aug 18, 2020	1169	0	0	1845
Aug 19, 2020	1169	0	0	1778
Aug 20, 2020	1169	0	0	1834
Aug 21, 2020	1169	2	0	1833
Aug 22, 2020	1169	0	0	1449
Aug 23, 2020	1169	0	0	1285
Aug 24, 2020	1360	0	47	1999
Aug 25, 2020	1360	0	0	1805
Aug 26, 2020	1403	0	0	1654
Aug 27, 2020	1403	2	1328	1530
Aug 28, 2020	1403	0	296	1731
Aug 29, 2020	1403	0	0	1401
Aug 30, 2020	1403	0	0	1295
Aug 31, 2020	1225	0	399	1911
Sep 01, 2020	1225	0	0	1893
Sep 02, 2020	1225	0	0	1726
Sep 03, 2020	1225	1	0	1839
Sep 04, 2020	1501	0	367	1719
Sep 05, 2020	1501	0	0	1432
Sep 06, 2020	1501	0	0	1318
Sep 07, 2020	1624	0	314	2013
Sep 08, 2020	1624	0	0	1825
Sep 09, 2020	1624	0	0	1801
Sep 10, 2020	1696	0	0	1708
Sep 11, 2020	1696	0	360	1855
Sep 12, 2020	1696	0	0	1407
Sep 13, 2020	1696	3	0	1399
Sep 14, 2020	1877	0	359	2219
Sep 15, 2020	1877	0	0	1909
Sep 16, 2020	1877	0	0	2075
Sep 17, 2020	1930	0	0	2053
Sep 18, 2020	1930	0	0	2120
Sep 19, 2020	1930	0	0	1645
Sep 20, 2020	1930	3	0	1365
Sep 21, 2020	1930	0	1193	2065
Sep 22, 2020	1930	0	0	1989
Sep 23, 2020	1930	0	0	1711
Sep 24, 2020	2204	0	0	1704
Sep 25, 2020	2204	0	0	4390
Sep 26, 2020	2204	0	0	1429
Sep 27, 2020	2204	0	0	2113
Sep 28, 2020	2446	0	390	1764
Sep 29, 2020	2446	0	0	1842
Sep 30, 2020	2446	0	0	1700
Oct 01, 2020	2446	3	0	1839
Oct 02, 2020	2446	0	878	1402
Oct 03, 2020	2446	0	0	1165
Oct 04, 2020	2446	1	0	1981
Oct 05, 2020	2446	0	491	1580
Oct 06, 2020	2320	0	0	1436
Oct 07, 2020	2320	0	0	1617
Oct 08, 2020	2367	0	0	1665
Oct 09, 2020	2367	0	398	1275
Oct 10, 2020	2367	0	0	1093
Oct 11, 2020	3695	0	0	1638
Oct 12, 2020	3970	0	266	1619
Oct 13, 2020	3970	0	0	1558
Oct 14, 2020	3970	0	0	1582
Oct 15, 2020	4317	3	0	1531
Oct 16, 2020	4317	0	484	1337
Oct 17, 2020	4317	0	0	1033
Oct 18, 2020	4317	0	0	1265
Oct 19, 2020	4673	0	789	1767
Oct 20, 2020	4673	0	0	1613
Oct 21, 2020	4673	0	0	1517
Oct 22, 2020	4975	2	0	1425
Oct 23, 2020	4975	0	527	1246
Oct 24, 2020	4975	0	0	1123
Oct 25, 2020	4975	1	0	1698
Oct 26, 2020	1824	0	443	1481
Oct 27, 2020	1824	0	0	1395
Oct 28, 2020	1824	0	0	1295
Oct 29, 2020	1942	1	0	1350
Oct 30, 2020	1942	0	372	1118
Oct 31, 2020	1942	0	0	1031
Nov 01, 2020	1942	0	0	1591
Nov 02, 2020	1942	0	141	1508
Nov 03, 2020	1942	0	0	1503
Nov 04, 2020	1942	0	0	1218
Nov 05, 2020	2274	0	0	1340
Nov 06, 2020	2274	0	608	1054
Nov 07, 2020	2274	0	0	1079
Nov 08, 2020	2274	2	0	1727
Nov 09, 2020	2274	0	403	1473
Nov 10, 2020	2274	0	0	1313
Nov 11, 2020	2274	0	0	1343
Nov 12, 2020	2639	0	0	1353
Nov 13, 2020	2639	0	0	1170
Nov 14, 2020	2639	0	0	1052
Nov 15, 2020	2639	2	675	1632
Nov 16, 2020	2272	0	105	1529
Nov 17, 2020	2272	0	0	1366
Nov 18, 2020	2272	0	0	1319
Nov 19, 2020	2267	3	0	1332
Nov 20, 2020	2267	0	635	1150
Nov 21, 2020	2267	0	0	1027
Nov 22, 2020	2267	3	0	1557
Nov 23, 2020	2269	0	610	1393
Nov 24, 2020	2269	0	0	1401
Nov 25, 2020	2269	0	0	1377
Nov 26, 2020	2510	12	0	1486
Nov 27, 2020	2510	0	718	1140
Nov 28, 2020	2510	0	0	1070
Nov 29, 2020	2510	13	0	1683
Nov 30, 2020	2796	0	597	1501
Dec 01, 2020	2796	0	0	1446
Dec 02, 2020	2796	0	0	1400
Dec 03, 2020	2519	19	0	1410
Dec 04, 2020	2519	0	1265	1190
Dec 05, 2020	2519	0	0	1036
Dec 06, 2020	2519	19	0	1787
Dec 07, 2020	2622	0	1024	1766
Dec 08, 2020	2622	0	0	1683
Dec 09, 2020	2622	0	0	1677
Dec 10, 2020	2524	21	0	1665
Dec 11, 2020	2524	0	1004	1420
Dec 12, 2020	2524	0	0	1227
Dec 13, 2020	2524	11	0	2044
Dec 14, 2020	2379	0	635	1589
Dec 15, 2020	2379	0	0	1893
Dec 16, 2020	2379	0	0	1884
Dec 17, 2020	2441	15	0	1912
Dec 18, 2020	2441	0	1445	1664
Dec 19, 2020	2441	0	0	1533
Dec 20, 2020	2441	16	0	2334
Dec 21, 2020	2437	0	765	2222
Dec 22, 2020	2437	0	0	2039
Dec 23, 2020	2437	0	0	1980
Dec 24, 2020	2358	18	0	2054
Dec 25, 2020	2358	0	932	1805
Dec 26, 2020	2358	0	0	1783
Dec 27, 2020	2358	25	0	2672
Dec 28, 2020	2358	0	491	2400
Dec 29, 2020	2358	0	0	2425
Dec 30, 2020	2654	0	0	2144
Dec 31, 2020	2627	26	0	1915
Jan 01, 2021	2627	0	876	2535
Jan 02, 2021	2627	0	0	2474
Jan 03, 2021	2627	31	0	3728
Jan 04, 2021	2914	0	722	3088
Jan 05, 2021	2914	0	0	3115
Jan 06, 2021	2914	0	0	2675
Jan 07, 2021	3075	50	0	2735
Jan 08, 2021	3075	0	1197	3088
Jan 09, 2021	3075	0	0	3022
Jan 10, 2021	3075	11	0	4823
Jan 11, 2021	3398	0	650	4156
Jan 12, 2021	3398	0	0	4216
Jan 13, 2021	3398	0	0	4112
Jan 14, 2021	3773	24	0	3991
Jan 15, 2021	3773	0	2356	3416
Jan 16, 2021	3773	0	0	2859
Jan 17, 2021	3773	30	0	4566
Jan 18, 2021	3914	0	1019	4157
Jan 19, 2021	3914	0	0	4106
Jan 20, 2021	3914	0	0	3942
Jan 21, 2021	3632	59	0	4289
Jan 22, 2021	3632	0	1166	3515
Jan 23, 2021	3632	0	0	3111
Jan 24, 2021	3632	12	0	4892
Jan 25, 2021	3732	0	1186	4341
Jan 26, 2021	3732	0	0	4236
Jan 27, 2021	3732	0	0	4091
Jan 28, 2021	3952	25	0	4167
Jan 29, 2021	3952	0	901	3280
Jan 30, 2021	3952	0	0	2817
Jan 31, 2021	3952	12	0	4573
Feb 01, 2021	4112	0	816	3871
Feb 02, 2021	4112	0	0	3651
Feb 03, 2021	4112	0	0	3723
Feb 04, 2021	3755	30	0	3506
Feb 05, 2021	3755	0	1744	2716
Feb 06, 2021	3755	0	0	2339
Feb 07, 2021	3755	23	0	4400
Feb 08, 2021	3701	0	907	3611
Feb 09, 2021	3701	0	0	3391
Feb 10, 2021	3701	0	0	3390
Feb 11, 2021	3495	68	0	3519
Feb 12, 2021	3495	0	1382	2983
Feb 13, 2021	3495	0	0	2482
Feb 14, 2021	3495	25	0	4060
Feb 15, 2021	3666	0	1030	3688
Feb 16, 2021	3666	0	0	3692
Feb 17, 2021	3666	0	0	3359
Feb 18, 2021	3887	27	0	3338
Feb 19, 2021	3887	0	832	2821
Feb 20, 2021	3887	0	0	2557
Feb 21, 2021	3887	0	0	3999
Feb 22, 2021	4624	22	0	3543
Feb 23, 2021	4624	0	964	3619
Feb 24, 2021	4624	0	0	3413
Feb 25, 2021	4792	30	0	3654
Feb 26, 2021	4792	0	770	3124
Feb 27, 2021	4792	0	0	2721
Feb 28, 2021	4792	9	0	4639
Mar 01, 2021	5484	0	631	3939
Mar 02, 2021	5484	0	0	3968
Mar 03, 2021	5484	0	0	3990
Mar 04, 2021	4597	14	0	4124
Mar 05, 2021	4597	0	627	3634
Mar 06, 2021	4597	0	0	3351
Mar 07, 2021	4597	8	0	5641
Mar 08, 2021	4699	0	1153	4841
Mar 09, 2021	4699	0	0	4817
Mar 10, 2021	4699	0	0	4822
Mar 11, 2021	4756	0	0	5159
Mar 12, 2021	4756	12	0	4509
Mar 13, 2021	4756	0	745	3947
Mar 14, 2021	4756	11	0	6122
Mar 15, 2021	4598	0	334	5635
Mar 16, 2021	4598	0	0	5720
Mar 17, 2021	4598	0	0	5459
Mar 18, 2021	4190	13	0	5956
Mar 19, 2021	4190	0	917	5116
Mar 20, 2021	4190	0	0	4557
Mar 21, 2021	4190	11	0	7417
Mar 22, 2021	4482	0	566	6501
Mar 23, 2021	4482	0	0	6546
Mar 24, 2021	4482	0	0	6228
Mar 25, 2021	4013	19	0	6760
Mar 26, 2021	4013	0	624	5772
Mar 27, 2021	4013	0	0	5190
Mar 28, 2021	4013	0	0	8099
Mar 29, 2021	2272	11	0	7232
Mar 30, 2021	2272	0	615	6962
Mar 31, 2021	2272	0	0	6864
Apr 01, 2021	3277	14	0	7488
Apr 02, 2021	3277	0	1144	5833
Apr 03, 2021	3277	0	0	5028
Apr 04, 2021	3277	11	0	8481
Apr 05, 2021	4082	0	820	7163
Apr 06, 2021	4082	0	0	6834
Apr 07, 2021	4082	0	0	7592
Apr 08, 2021	4082	27	0	5879
Apr 09, 2021	3779	0	1245	5895
Apr 10, 2021	3779	0	0	5443
Apr 11, 2021	3779	24	0	8509
Apr 12, 2021	3799	0	906	7383
Apr 13, 2021	3799	0	0	6918
Apr 14, 2021	3799	0	0	6748
Apr 15, 2021	3851	20	0	6900
Apr 16, 2021	3851	0	1202	5913
Apr 17, 2021	3851	0	0	4953
Apr 18, 2021	3851	19	0	7785
Apr 19, 2021	4224	0	1244	6799
Apr 20, 2021	4224	0	0	6589
Apr 21, 2021	4224	0	0	6555
Apr 22, 2021	3764	21	0	6564
Apr 23, 2021	3764	0	1878	5452
Apr 24, 2021	3764	0	0	4631
Apr 25, 2021	3764	12	0	7248
Apr 26, 2021	3764	0	1385	6539
Apr 27, 2021	1095	0	0	6006
Apr 28, 2021	1095	0	0	5778
Apr 29, 2021	1198	33	0	6042
Apr 30, 2021	1198	0	1977	5109
May 01, 2021	1198	0	0	4237
May 02, 2021	1198	15	0	6603
May 03, 2021	1417	12	1790	5666
May 04, 2021	1417	10	0	5401
May 05, 2021	1417	11	0	4928
May 06, 2021	1391	10	0	5350
May 07, 2021	1391	0	2561	4381
May 08, 2021	1391	0	0	3979
May 09, 2021	1391	26	0	6445
May 10, 2021	1932	0	1684	5492
May 11, 2021	1932	0	0	5452
May 12, 2021	1932	0	0	5331
May 13, 2021	1932	30	0	5626
May 14, 2021	2186	0	2188	4658
May 15, 2021	2186	0	0	4222
May 16, 2021	2186	33	0	7083
May 17, 2021	2479	0	1763	6091
May 18, 2021	2479	0	0	6026
May 19, 2021	2479	0	0	5692
May 20, 2021	2316	30	0	6406
May 21, 2021	2316	0	2534	5367
May 22, 2021	2316	0	0	4987
May 23, 2021	2316	14	0	7984
May 24, 2021	2342	0	1411	6958
May 25, 2021	2342	0	0	6512
May 26, 2021	2342	0	0	6920
May 27, 2021	2371	51	0	5611
May 28, 2021	2371	0	4765	5820
May 29, 2021	2371	0	0	5643
May 30, 2021	2371	21	0	8386
May 31, 2021	2788	0	5980	7598
Jun 01, 2021	2788	0	0	7270
Jun 02, 2021	2788	0	0	6848
Jun 03, 2021	2597	54	0	7106
Jun 04, 2021	2597	0	5769	6083
Jun 05, 2021	2597	0	0	5334
Jun 06, 2021	2597	47	0	8722
Jun 07, 2021	3242	0	5755	8119
Jun 08, 2021	3242	0	0	7466
Jun 09, 2021	3242	0	0	7021
Jun 10, 2021	2885	110	0	7190
Jun 11, 2021	2885	0	4467	5984
Jun 12, 2021	2885	0	0	5108
Jun 13, 2021	2885	84	0	7761
Jun 14, 2021	3648	0	4566	7023
Jun 15, 2021	3648	0	0	6508
Jun 16, 2021	3648	0	0	6020
Jun 17, 2021	3680	84	0	6136
Jun 18, 2021	3668	0	8530	5106
Jun 19, 2021	3658	0	0	4086
Jun 20, 2021	3647	51	0	6467
Jun 21, 2021	5123	0	7354	5462
Jun 22, 2021	5123	0	0	5047
Jun 23, 2021	5123	0	0	4728
Jun 24, 2021	5056	128	0	4693
Jun 25, 2021	5056	0	8197	3646
Jun 26, 2021	5056	0	0	3293
Jun 27, 2021	5056	141	0	3605
Jun 28, 2021	4623	0	5987	4495
Jun 29, 2021	4623	0	0	3947
Jun 30, 2021	4623	0	0	3606
Jul 01, 2021	3962	70	0	3437
Jul 02, 2021	3962	0	5622	2816
Jul 03, 2021	3962	0	0	2263
Jul 04, 2021	3962	38	0	2767
Jul 05, 2021	4720	0	4081	3079
Jul 06, 2021	4720	0	0	2899
Jul 07, 2021	4720	0	0	2821
Jul 08, 2021	4272	90	0	2698
Jul 09, 2021	4272	0	4381	2047
Jul 10, 2021	4272	0	0	1863
Jul 11, 2021	4272	42	0	2677
Jul 12, 2021	8969	0	2951	2242
Jul 13, 2021	8969	0	0	2039
Jul 14, 2021	8969	0	0	1971
Jul 15, 2021	11479	48	0	1830
Jul 16, 2021	11479	0	3134	1521
Jul 17, 2021	11479	0	0	1173
Jul 18, 2021	11479	15	0	1879
Jul 19, 2021	14792	0	2390	1542
Jul 20, 2021	14792	0	0	1515
Jul 21, 2021	14792	0	0	1385
Jul 22, 2021	12093	33	0	1093
Jul 23, 2021	12093	0	2869	1145
Jul 24, 2021	12093	0	0	1047
Jul 25, 2021	12093	16	0	1565
Jul 26, 2021	13122	0	1479	1359
Jul 27, 2021	13122	0	0	1184
Jul 28, 2021	13122	0	0	1141
Jul 29, 2021	9798	12	0	1147
Jul 30, 2021	9798	0	1979	916
Jul 31, 2021	9798	0	0	821
Aug 01, 2021	9798	6	0	1217
Aug 02, 2021	16603	0	6608	1063
Aug 03, 2021	16603	0	0	986
Aug 04, 2021	16603	0	0	911
Aug 05, 2021	16139	11	0	851
Aug 06, 2021	16139	0	1536	772
Aug 07, 2021	16139	0	0	785
Aug 08, 2021	16139	6	0	1019
Aug 09, 2021	17528	0	2639	942
Aug 10, 2021	17528	0	0	837
Aug 11, 2021	17528	0	0	788
Aug 12, 2021	12798	7	0	829
Aug 13, 2021	12798	0	1623	665
Aug 14, 2021	12798	0	0	613
Aug 15, 2021	12798	1	0	958
Aug 16, 2021	13740	0	1170	790
Aug 17, 2021	13740	0	0	738
Aug 18, 2021	13740	0	0	682
Aug 19, 2021	10120	0	0	682
Aug 20, 2021	10120	6	0	540
Aug 21, 2021	10120	0	977	531
Aug 22, 2021	10120	2	0	807
Aug 23, 2021	8321	0	241	665
Aug 24, 2021	8321	0	0	613
Aug 25, 2021	8321	0	0	562
Aug 26, 2021	7326	5	0	579
Aug 27, 2021	7326	0	813	465
Aug 28, 2021	7326	0	0	420
Aug 29, 2021	7326	5	0	675
Aug 30, 2021	6147	0	605	542
Aug 31, 2021	6147	0	0	544
Sep 01, 2021	6147	0	0	469
Sep 02, 2021	5146	3	0	450
Sep 03, 2021	5146	0	2195	386
Sep 04, 2021	5146	0	0	335
Sep 05, 2021	5146	7	0	462
Sep 06, 2021	4474	0	868	412
Sep 07, 2021	4474	0	0	437
Sep 08, 2021	4474	0	0	386
Sep 09, 2021	3002	6	0	444
Sep 10, 2021	3002	0	1066	372
Sep 11, 2021	3002	0	0	332
Sep 12, 2021	3002	4	0	544
Sep 13, 2021	3086	0	609	471
Sep 14, 2021	3086	0	0	423
Sep 15, 2021	3086	0	0	397
Sep 16, 2021	2591	1	0	460
Sep 17, 2021	2591	0	687	428
Sep 18, 2021	2591	0	0	396
Sep 19, 2021	2591	0	0	602
Sep 20, 2021	4116	0	5654	494
Sep 21, 2021	4116	0	0	584
Sep 22, 2021	4116	0	0	509
Sep 23, 2021	2016	2	0	492
Sep 24, 2021	2016	0	514	485
Sep 25, 2021	2016	0	0	549
Sep 26, 2021	2016	2	0	879
Sep 27, 2021	2679	0	252	760
Sep 28, 2021	2679	0	0	687
Sep 29, 2021	2679	0	0	694
Sep 30, 2021	2303	5	0	640
Oct 01, 2021	2303	0	428	490
Oct 02, 2021	2303	0	0	562
Oct 03, 2021	2303	0	0	884
Oct 04, 2021	2303	0	316	717
Oct 05, 2021	1969	0	0	724
Oct 06, 2021	1969	0	0	712
Oct 07, 2021	1467	0	0	802
Oct 08, 2021	1467	0	207	708
Oct 09, 2021	1467	0	0	679
Oct 10, 2021	1467	0	0	1062
Oct 11, 2021	1344	0	257	982
Oct 12, 2021	1344	0	0	976
Oct 13, 2021	1344	0	0	972
Oct 14, 2021	1346	2	0	1046
Oct 15, 2021	1346	0	159	986
Oct 16, 2021	1346	0	0	1003
Oct 17, 2021	1346	1	0	1240
Oct 18, 2021	1729	0	234	1726
Oct 19, 2021	1729	0	0	1574
Oct 20, 2021	1729	0	0	1386
Oct 21, 2021	1336	1	0	1430
Oct 22, 2021	1336	0	250	1303
Oct 23, 2021	1336	0	0	1211
Oct 24, 2021	1336	1	0	1982
Oct 25, 2021	1279	0	538	1921
Oct 26, 2021	1279	0	0	1921
Oct 27, 2021	1279	0	0	1703
Oct 28, 2021	1260	0	0	1790
Oct 29, 2021	1260	3	0	1598
Oct 30, 2021	1260	0	1554	1506
Oct 31, 2021	1260	1	0	2298
Nov 01, 2021	1230	0	2220	2110
Nov 02, 2021	1230	0	0	1950
Nov 03, 2021	1230	0	0	1956
Nov 04, 2021	2528	0	0	1811
Nov 05, 2021	2528	0	4837	1536
Nov 06, 2021	2528	0	0	1606
Nov 07, 2021	2528	2	0	2177
Nov 08, 2021	2679	0	4293	2640
Nov 09, 2021	2679	0	0	2565
Nov 10, 2021	2679	0	0	2430
Nov 11, 2021	713	12	0	2354
Nov 12, 2021	713	0	3488	1975
Nov 13, 2021	713	0	0	1992
Nov 14, 2021	713	5	0	2852
Nov 15, 2021	850	0	7027	2748
Nov 16, 2021	850	0	0	2433
Nov 17, 2021	850	0	0	2238
Nov 18, 2021	684	8	0	2481
Nov 19, 2021	684	0	2544	1869
Nov 20, 2021	684	0	0	1833
Nov 21, 2021	684	23	0	2849
Nov 22, 2021	707	0	7802	2442
Nov 23, 2021	707	0	0	2399
Nov 24, 2021	707	0	0	2176
Nov 25, 2021	532	22	0	2271
Nov 26, 2021	532	0	2577	1933
Nov 27, 2021	532	0	0	1831
Nov 28, 2021	532	17	0	2769
Nov 29, 2021	602	0	5246	2383
Nov 30, 2021	602	0	0	2131
Dec 01, 2021	602	0	0	1983
Dec 02, 2021	431	20	0	1892
Dec 03, 2021	431	0	2209	1613
Dec 04, 2021	431	0	0	1428
Dec 05, 2021	431	10	0	2133
Dec 06, 2021	680	0	4059	1841
Dec 07, 2021	680	0	0	1856
Dec 08, 2021	680	0	0	1493
Dec 09, 2021	1217	21	0	1580
Dec 10, 2021	1217	0	1958	1300
Dec 11, 2021	1217	0	0	1132
Dec 12, 2021	1217	15	0	1796
Dec 13, 2021	1217	0	4842	1532
Dec 14, 2021	2768	0	0	1135
Dec 15, 2021	2768	0	0	1363
Dec 16, 2021	4987	1	0	1367
Dec 17, 2021	4987	0	2290	1107
Dec 18, 2021	4987	0	0	994
Dec 19, 2021	4987	4	0	1502
Dec 20, 2021	8822	0	3005	1275
Dec 21, 2021	8822	0	0	1179
Dec 22, 2021	8822	0	0	1089
Dec 23, 2021	11088	8	0	1137
Dec 24, 2021	11088	0	1126	964
Dec 25, 2021	11088	0	0	1008
Dec 26, 2021	11088	4	0	1369
Dec 27, 2021	13588	0	2488	1266
Dec 28, 2021	13588	0	0	1193
Dec 29, 2021	13588	0	0	1183
Dec 30, 2021	12254	6	0	1177
Dec 31, 2021	12254	0	836	1046
Jan 01, 2022	12254	0	0	1186
Jan 02, 2022	12254	5	0	1964
Jan 03, 2022	14597	0	1422	1748
Jan 04, 2022	14597	0	0	1559
Jan 05, 2022	14597	0	0	1645
Jan 06, 2022	10956	6	0	1699
Jan 07, 2022	10956	0	739	1893
Jan 08, 2022	10956	0	0	2520
Jan 09, 2022	10956	0	0	4223
Jan 10, 2022	13115	7	0	4187
Jan 11, 2022	13115	2	1298	4375
Jan 12, 2022	13115	2	1338	4359
Jan 13, 2022	8336	2	1338	5233
Jan 14, 2022	8336	2	1338	4792
Jan 15, 2022	8336	2	1338	5195
Jan 16, 2022	8336	2	1338	9513
Jan 17, 2022	10312	2	1338	9440
Jan 18, 2022	10312	2	1338	10154
Jan 19, 2022	10312	2	1338	10191
Jan 20, 2022	6372	2	1338	10873
Jan 21, 2022	6372	2	1338	10281
Jan 22, 2022	6372	2	1338	10743
Jan 23, 2022	6372	2	1338	17643
Jan 24, 2022	8123	2	1338	17606
Jan 25, 2022	8123	2	1338	17560
Jan 26, 2022	8123	2	1338	19547
Jan 27, 2022	4841	2	1338	20698
Jan 28, 2022	4841	2	1338	19491
Jan 29, 2022	4841	2	1338	19098
Jan 30, 2022	4841	2	1338	32258
Jan 31, 2022	6657	2	1338	32072
Feb 01, 2022	6657	2	1338	32013
Feb 02, 2022	6657	2	1338	32015
Feb 03, 2022	4685	2	1338	33191
Feb 04, 2022	4685	2	1338	27462
Feb 05, 2022	4685	2	1338	24936
Feb 06, 2022	4685	2	1338	42657
Feb 07, 2022	5492	2	1338	41565
Feb 08, 2022	5492	2	1338	38428
Feb 09, 2022	5492	2	1338	35978
Feb 10, 2022	3212	2	1339	35234
Feb 11, 2022	3212	3	1339	29313
Feb 12, 2022	3212	0	96	26272
Feb 13, 2022	3212	0	0	42721
Feb 14, 2022	3941	0	0	39816
Feb 15, 2022	3941	0	0	36232
Feb 16, 2022	3941	0	0	33600
Feb 17, 2022	2867	0	0	31474
Feb 18, 2022	2867	0	0	26103
Feb 19, 2022	2867	0	0	23224
Feb 20, 2022	2867	0	0	37720
Feb 21, 2022	3152	0	0	33817
Feb 22, 2022	3152	0	0	31109
Feb 23, 2022	3152	0	0	27992
Feb 24, 2022	3152	0	0	26873
Feb 25, 2022	591	2	0	21445
Feb 26, 2022	623	0	333	19448
Feb 27, 2022	655	0	0	30861
Feb 28, 2022	687	0	0	27264
Mar 01, 2022	719	0	0	24111
Mar 02, 2022	751	0	0	22101
Mar 03, 2022	783	0	0	21739
Mar 04, 2022	815	0	0	17248
Mar 05, 2022	847	0	0	15487
Mar 06, 2022	879	0	0	25031
Mar 07, 2022	911	0	0	21403
Mar 08, 2022	943	0	0	19299
Mar 09, 2022	975	0	0	17788
Mar 10, 2022	1007	0	0	17190
Mar 11, 2022	1039	0	0	14417
Mar 12, 2022	1071	0	0	12607
Mar 13, 2022	1103	0	0	19787
Mar 14, 2022	1135	0	0	17020
Mar 15, 2022	1167	0	0	16198
Mar 16, 2022	1199	0	0	14727
Mar 17, 2022	1231	0	0	14296
Mar 18, 2022	1263	0	0	11884
Mar 19, 2022	1295	0	0	10936
Mar 20, 2022	1326	0	0	16540
Mar 21, 2022	1357	0	0	13314
Mar 22, 2022	1388	0	0	11867
Mar 23, 2022	1419	0	0	9931
Mar 24, 2022	1450	0	0	9253
Mar 25, 2022	1481	2	0	7040
Mar 26, 2022	1512	0	465	6230
Mar 27, 2022	1544	0	0	9856
Mar 28, 2022	1576	0	0	7854
Mar 29, 2022	364	0	0	7170
Mar 30, 2022	364	0	0	6172
Mar 31, 2022	364	0	0	6010
Apr 01, 2022	364	2	0	4597
Apr 02, 2022	364	0	290	4227
Apr 03, 2022	364	0	0	6503
Apr 04, 2022	364	0	0	5262
Apr 05, 2022	364	0	0	4807
Apr 06, 2022	364	0	0	4075
Apr 07, 2022	364	0	0	3813
Apr 08, 2022	364	3	0	3015
Apr 09, 2022	364	0	512	2851
Apr 10, 2022	364	0	0	4485
Apr 11, 2022	364	0	0	3743
Apr 12, 2022	145	0	0	3108
Apr 13, 2022	145	0	0	2856
Apr 14, 2022	145	0	0	2807
Apr 15, 2022	145	2	0	2258
Apr 16, 2022	145	0	1000	2113
Apr 17, 2022	145	0	0	3195
Apr 18, 2022	145	0	0	2585
Apr 19, 2022	145	0	0	2237
Apr 20, 2022	145	0	0	2046
Apr 21, 2022	145	0	0	1680
Apr 22, 2022	145	4	0	1922
Apr 23, 2022	145	0	2305	2095
Apr 24, 2022	145	0	0	3240
Apr 25, 2022	145	0	0	2492
Apr 26, 2022	145	0	0	2159
Apr 27, 2022	145	0	0	1989
Apr 28, 2022	145	0	0	1911
Apr 29, 2022	145	8	0	1761
Apr 30, 2022	145	0	3811	1645
May 01, 2022	145	0	0	2559
May 02, 2022	145	0	0	2344
May 03, 2022	145	0	0	2168
May 04, 2022	145	0	0	2017
May 05, 2022	145	0	0	2084
May 06, 2022	145	10	0	2118
May 07, 2022	145	0	4286	2204
May 08, 2022	145	0	0	3383
May 09, 2022	145	0	0	3228
May 10, 2022	608	0	0	2974
May 11, 2022	608	0	0	2836
May 12, 2022	608	0	0	2900
May 13, 2022	608	20	0	2975
May 14, 2022	608	0	3440	3076
May 15, 2022	608	11	0	4707
May 16, 2022	608	0	801	4716
May 17, 2022	303	0	0	4600
May 18, 2022	303	0	0	4268
May 19, 2022	303	0	0	4552
May 20, 2022	303	0	0	4536
May 21, 2022	303	0	0	4335
May 22, 2022	303	3	0	7045
May 23, 2022	303	0	1385	6366
May 24, 2022	586	0	0	6065
May 25, 2022	586	0	0	5745
May 26, 2022	586	0	0	6204
May 27, 2022	586	0	0	5349
May 28, 2022	586	0	0	5549
May 29, 2022	586	7	0	8820
May 30, 2022	586	0	687	8336
May 31, 2022	1584	0	0	7775
Jun 01, 2022	1584	0	0	7193
Jun 02, 2022	1584	0	0	7088
Jun 03, 2022	1584	0	0	6332
Jun 04, 2022	1584	0	0	5904
Jun 05, 2022	1584	3	0	9926
Jun 06, 2022	1584	0	340	8852
Jun 07, 2022	2843	0	0	8941
Jun 08, 2022	2843	0	0	8202
Jun 09, 2022	2843	0	0	8950
Jun 10, 2022	2843	0	0	8305
Jun 11, 2022	2843	0	0	7900
Jun 12, 2022	2843	7	0	12888
Jun 13, 2022	2843	0	289	11438
Jun 14, 2022	5415	0	0	10592
Jun 15, 2022	5415	0	0	9980
Jun 16, 2022	5415	0	0	10073
Jun 17, 2022	5415	0	0	8630
Jun 18, 2022	5415	0	0	8171
Jun 19, 2022	5415	2	0	13416
Jun 20, 2022	5415	0	254	11685
Jun 21, 2022	6685	0	0	10770
Jun 22, 2022	6685	0	0	9701
Jun 23, 2022	6685	0	0	9226
Jun 24, 2022	6685	0	0	7546
Jun 25, 2022	6685	0	0	6885
Jun 26, 2022	6685	2	0	11791
Jun 27, 2022	6685	0	100	8587
Jun 28, 2022	5653	0	0	11813
Jun 29, 2022	5653	0	0	9858
Jun 30, 2022	4351	0	0	9217
Jul 01, 2022	4351	0	0	7879
Jul 02, 2022	4351	0	0	6909
Jul 03, 2022	4351	3	0	8653
Jul 04, 2022	4351	0	26	11748
Jul 05, 2022	4351	0	0	10238
Jul 06, 2022	4351	0	0	8795
Jul 07, 2022	2302	0	0	8551
Jul 08, 2022	2302	0	0	7422
Jul 09, 2022	2302	0	0	6931
Jul 10, 2022	2302	1	0	10936
Jul 11, 2022	2302	0	14	9560
Jul 12, 2022	2302	0	0	8638
Jul 13, 2022	2302	0	0	8091
Jul 14, 2022	1057	0	0	7854
Jul 15, 2022	1057	0	0	6612
Jul 16, 2022	1057	0	0	6288
Jul 17, 2022	1057	0	0	9598
Jul 18, 2022	1057	0	0	8129
Jul 19, 2022	1057	0	0	7434
Jul 20, 2022	1057	0	0	6219
Jul 21, 2022	603	0	0	6158
Jul 22, 2022	603	0	0	5345
Jul 23, 2022	603	0	47	5289
Jul 24, 2022	603	0	0	9024
Jul 25, 2022	603	8	0	7889
Jul 26, 2022	603	0	20	7572
Jul 27, 2022	603	0	0	7139
Jul 28, 2022	285	0	0	7411
Jul 29, 2022	285	1	0	6867
Jul 30, 2022	285	0	196	6541
Jul 31, 2022	285	0	0	10378
Aug 01, 2022	285	0	0	8837
Aug 02, 2022	285	0	0	8430
Aug 03, 2022	285	0	0	6601
Aug 04, 2022	194	0	0	6602
Aug 05, 2022	194	0	0	8184
Aug 06, 2022	194	0	0	7646
Aug 07, 2022	194	0	0	7532
Aug 08, 2022	194	0	0	12328
Aug 09, 2022	194	0	0	10558
Aug 10, 2022	194	0	0	10033
Aug 11, 2022	95	2	0	9376
Aug 12, 2022	95	0	181	9495
Aug 13, 2022	95	0	0	9218
Aug 14, 2022	95	0	0	8458
Aug 15, 2022	95	0	0	13732
Aug 16, 2022	95	0	0	11781
Aug 17, 2022	95	0	0	11135
Aug 18, 2022	118	0	0	0
Aug 19, 2022	118	0	21	18721
Aug 20, 2022	118	0	0	7626
Aug 21, 2022	118	0	0	6902
Aug 22, 2022	118	0	0	0
Aug 23, 2022	118	0	0	19792
Aug 24, 2022	118	0	0	9411
Aug 25, 2022	131	1	0	0
Aug 26, 2022	131	0	15	16290
Aug 27, 2022	131	0	0	6900
Aug 28, 2022	131	0	0	0
Aug 29, 2022	131	0	0	15291
Aug 30, 2022	131	0	0	7843
Aug 31, 2022	131	0	0	0
Sep 01, 2022	131	0	0	13154
Sep 02, 2022	131	0	0	0
Sep 03, 2022	131	0	0	11084
Sep 04, 2022	131	0	0	4775
Sep 05, 2022	131	0	0	6659
Sep 06, 2022	178	0	0	5660
Sep 07, 2022	178	0	0	5095
Sep 08, 2022	178	0	0	0
Sep 09, 2022	190	0	0	8943
Sep 10, 2022	190	0	0	3957
Sep 11, 2022	190	0	0	3619
Sep 12, 2022	190	0	0	0
Sep 13, 2022	385	0	0	10670
Sep 14, 2022	385	0	0	4136
Sep 15, 2022	385	0	0	3661
Sep 16, 2022	385	0	0	3615
Sep 17, 2022	385	0	0	3055
Sep 18, 2022	385	0	0	0
Sep 19, 2022	385	0	0	0
Sep 20, 2022	385	0	0	9698
Sep 21, 2022	385	0	0	2669
Sep 22, 2022	385	0	0	2231
Sep 23, 2022	385	0	0	1939
Sep 24, 2022	385	0	0	0
Sep 25, 2022	385	0	0	5148
Sep 26, 2022	564	0	0	3274
Sep 27, 2022	564	0	0	4565
Sep 28, 2022	564	0	0	0
Sep 29, 2022	564	0	0	7462
Sep 30, 2022	564	0	0	3168
Oct 01, 2022	564	0	0	2977
Oct 02, 2022	564	0	0	2799
Oct 03, 2022	585	0	0	4139
Oct 04, 2022	585	0	0	0
Oct 05, 2022	585	0	0	6565
Oct 06, 2022	585	0	0	2719
Oct 07, 2022	585	0	0	2674
Oct 08, 2022	585	0	0	2544
Oct 09, 2022	585	0	0	2669
Oct 10, 2022	599	0	0	4096
Oct 11, 2022	599	0	0	3433
Oct 12, 2022	599	0	0	3064
Oct 13, 2022	599	0	0	3026
Oct 14, 2022	599	0	29	2939
Oct 15, 2022	599	0	0	0
Oct 16, 2022	599	0	260	5715
Oct 17, 2022	599	0	0	13276
Oct 18, 2022	599	0	0	0
Oct 19, 2022	599	0	0	8169
Oct 20, 2022	599	0	0	4036
Oct 21, 2022	599	3	0	4222
Oct 22, 2022	599	0	167	7620
Oct 23, 2022	599	0	0	5520
Oct 24, 2022	599	0	0	5418
Oct 25, 2022	599	0	0	5623
Oct 26, 2022	599	0	0	0
Oct 27, 2022	599	0	0	10304
Oct 28, 2022	599	0	261	5021
Oct 29, 2022	599	0	0	0
Oct 30, 2022	599	0	0	14528
Oct 31, 2022	599	1	0	5605
Nov 01, 2022	599	0	450	4865
Nov 02, 2022	599	0	0	4334
Nov 03, 2022	599	0	0	0
Nov 04, 2022	599	0	0	7420
Nov 05, 2022	599	0	0	5244
Nov 06, 2022	599	0	0	5180
Nov 07, 2022	599	0	0	7836
Nov 08, 2022	599	0	0	7496
Nov 09, 2022	599	0	0	6762
Nov 10, 2022	599	0	0	5336
Nov 11, 2022	599	0	0	5533
Nov 12, 2022	599	0	0	8947
Nov 13, 2022	599	0	0	6535
Nov 14, 2022	599	0	0	5802
Nov 15, 2022	599	0	349	5611
Nov 16, 2022	599	0	0	5297
Nov 17, 2022	599	0	0	4342
Nov 18, 2022	599	0	0	4352
Nov 19, 2022	599	0	211	7735
Nov 20, 2022	599	0	0	5912
Nov 21, 2022	599	0	0	5493
Nov 22, 2022	599	0	0	5050
Nov 23, 2022	599	0	0	4852
Nov 24, 2022	599	1	0	3906
Nov 25, 2022	599	0	159	3946
Nov 26, 2022	599	0	0	6425
Nov 27, 2022	599	0	0	4820
Nov 28, 2022	12	0	0	7309
Nov 29, 2022	12	0	0	1211
Nov 30, 2022	96	0	0	3883
Dec 01, 2022	96	0	0	3193
Dec 02, 2022	96	0	311	3318
Dec 03, 2022	96	0	40	0
Dec 04, 2022	96	0	0	9392
Dec 05, 2022	96	0	0	0
Dec 06, 2022	260	0	0	7072
Dec 07, 2022	260	0	0	3210
Dec 08, 2022	260	0	0	2628
Dec 09, 2022	260	3	0	2552
Dec 10, 2022	260	0	306	0
Dec 11, 2022	260	0	0	0
Dec 12, 2022	521	0	0	0
Dec 13, 2022	521	0	0	0
Dec 14, 2022	521	0	0	12564
Dec 15, 2022	521	2	0	6807
Dec 16, 2022	970	0	340	2915
Dec 17, 2022	970	0	0	4578
Dec 18, 2022	970	0	0	3605
Dec 19, 2022	970	0	0	3572
Dec 20, 2022	970	0	0	3353
Dec 21, 2022	970	0	0	3323
Dec 22, 2022	970	1	0	3122
Dec 23, 2022	970	0	267	3184
Dec 24, 2022	970	0	0	5283
Dec 25, 2022	970	0	0	4287
Dec 26, 2022	970	0	0	3767
Dec 27, 2022	970	0	0	3848
Dec 28, 2022	970	0	0	0
Dec 29, 2022	970	0	0	7093
Dec 30, 2022	1319	0	101	3889
Dec 31, 2022	1319	0	0	6752
Jan 01, 2023	1319	0	0	5186
Jan 02, 2023	1319	0	0	4458
Jan 03, 2023	1530	0	0	3703
Jan 04, 2023	1530	0	0	3277
Jan 05, 2023	1530	0	0	2385
Jan 06, 2023	1530	0	67	2929
Jan 07, 2023	1530	0	0	4074
Jan 08, 2023	1530	0	0	5084
Jan 09, 2023	1688	0	0	3985
Jan 10, 2023	1688	0	0	3604
Jan 11, 2023	1688	0	0	3164
Jan 12, 2023	1688	0	0	2578
Jan 13, 2023	1688	0	65	2530
Jan 14, 2023	1688	0	0	4091
Jan 15, 2023	1688	0	0	3118
Jan 16, 2023	1999	0	0	2756
Jan 17, 2023	2039	0	0	0
Jan 18, 2023	2039	0	0	4944
Jan 19, 2023	2039	0	0	0
Jan 20, 2023	2039	0	0	4047
Jan 21, 2023	2039	0	31	3094
Jan 22, 2023	2039	0	0	2409
Jan 23, 2023	2039	0	0	2041
Jan 24, 2023	479	0	0	2101
Jan 25, 2023	479	0	0	1844
Jan 26, 2023	479	0	0	1608
Jan 27, 2023	479	0	11	1600
Jan 28, 2023	479	0	0	2395
Jan 29, 2023	479	0	0	1915
Jan 30, 2023	493	0	0	1677
Jan 31, 2023	493	0	0	1607
Feb 01, 2023	493	0	0	1567
Feb 02, 2023	493	0	0	1502
Feb 03, 2023	493	0	0	1398
Feb 04, 2023	493	0	0	2091
Feb 05, 2023	493	0	16	1615
Feb 06, 2023	427	0	0	1606
Feb 07, 2023	427	0	0	1470
Feb 08, 2023	427	0	0	3823
Feb 09, 2023	427	0	0	0
Feb 10, 2023	427	0	0	183
Feb 11, 2023	427	0	0	2002
Feb 12, 2023	427	0	27	1639
Feb 13, 2023	248	0	0	1483
Feb 14, 2023	248	0	0	1410
Feb 15, 2023	248	0	0	1318
Feb 16, 2023	248	0	0	0
Feb 17, 2023	248	0	0	0
Feb 18, 2023	248	0	0	4433
Feb 19, 2023	248	0	18	0
Feb 20, 2023	-7	0	0	3173
Feb 21, 2023	-7	0	0	1585
Feb 22, 2023	-7	0	0	1674
Feb 23, 2023	-7	0	0	0
Feb 24, 2023	-7	0	7	3396
Feb 25, 2023	-7	0	0	2668
Feb 26, 2023	-7	0	0	2210
Feb 27, 2023	58	0	0	2039
Feb 28, 2023	58	0	0	2091
Mar 01, 2023	58	0	0	1963
Mar 02, 2023	58	0	0	0
Mar 03, 2023	58	0	4	0
Mar 04, 2023	58	0	0	7102
Mar 05, 2023	58	0	0	2710
Mar 06, 2023	58	0	0	2592
Mar 07, 2023	41	0	0	2602
Mar 08, 2023	41	0	0	2722
Mar 09, 2023	41	0	0	0
Mar 10, 2023	41	0	6	5428
Mar 11, 2023	41	0	0	4092
Mar 12, 2023	41	0	0	3657
Mar 13, 2023	6	0	0	3426
Mar 14, 2023	6	0	0	3676
Mar 15, 2023	6	0	0	3819
Mar 16, 2023	6	0	0	3535
Mar 17, 2023	6	0	0	3596
Mar 18, 2023	6	0	0	5249
Mar 19, 2023	6	0	5	4031
Mar 20, 2023	6	0	0	3712
Mar 21, 2023	6	0	0	3546
Mar 22, 2023	15	0	0	3237
Mar 23, 2023	15	0	0	0
Mar 24, 2023	15	0	0	5760
Mar 25, 2023	15	0	0	4205
Mar 26, 2023	15	0	4	0
Mar 27, 2023	15	0	0	5627
Mar 28, 2023	15	0	0	2524
Mar 29, 2023	42	0	0	2180
Mar 30, 2023	42	0	0	0
Mar 31, 2023	42	0	0	0
Apr 01, 2023	42	0	0	6226
Apr 02, 2023	42	0	6	1850
Apr 03, 2023	42	0	0	0
Apr 04, 2023	42	0	0	2993
Apr 05, 2023	60	0	0	1170
Apr 06, 2023	60	0	0	1047
Apr 07, 2023	60	0	0	1146
Apr 08, 2023	60	0	0	1456
Apr 09, 2023	60	0	0	0
Apr 10, 2023	9	0	0	0
Apr 11, 2023	9	0	0	0
Apr 12, 2023	9	0	0	0
Apr 13, 2023	9	0	0	4096
Apr 14, 2023	9	0	0	788
Apr 15, 2023	9	0	0	1201
Apr 16, 2023	9	0	43	773
Apr 17, 2023	1	0	0	597
Apr 18, 2023	1	0	0	566
Apr 19, 2023	1	0	0	561
Apr 20, 2023	1	0	0	428
Apr 21, 2023	1	0	0	0
Apr 22, 2023	1	0	0	979
Apr 23, 2023	1	0	33	0
Apr 24, 2023	0	0	0	795
Apr 25, 2023	0	0	0	383
Apr 26, 2023	0	0	0	342
Apr 27, 2023	0	0	0	0
Apr 28, 2023	0	0	0	0
Apr 29, 2023	0	0	0	0
Apr 30, 2023	0	0	15	1276
May 01, 2023	0	0	0	240
May 02, 2023	0	0	0	175
May 03, 2023	2	0	0	203
May 04, 2023	2	0	0	134
May 05, 2023	2	0	0	152
May 06, 2023	2	0	0	180
May 07, 2023	2	0	32	240
May 08, 2023	2	0	0	141
May 09, 2023	2	0	0	0
May 10, 2023	6	0	0	305
May 11, 2023	6	0	0	0
May 12, 2023	6	0	0	255
May 13, 2023	6	0	0	181
May 14, 2023	6	0	23	0
May 15, 2023	6	0	0	219
May 16, 2023	6	0	0	97
May 17, 2023	12	0	0	104
May 18, 2023	12	0	0	0
May 19, 2023	12	0	0	186
May 20, 2023	12	0	0	123
May 21, 2023	12	0	69	112
May 22, 2023	12	0	0	63
May 23, 2023	12	0	0	74
May 24, 2023	12	0	0	77
May 25, 2023	12	0	0	54
May 26, 2023	12	0	0	64
May 27, 2023	12	0	0	85
May 28, 2023	12	0	0	66
May 29, 2023	12	0	0	42
May 30, 2023	12	0	0	68
May 31, 2023	55	0	0	36
Jun 01, 2023	55	0	0	43
Jun 02, 2023	55	0	0	33
Jun 03, 2023	55	0	0	60
Jun 04, 2023	55	0	0	52
Jun 05, 2023	55	0	0	34
Jun 06, 2023	55	0	0	32
Jun 07, 2023	88	0	0	42
Jun 08, 2023	88	0	0	24
Jun 09, 2023	88	0	0	27
Jun 10, 2023	88	0	0	42
Jun 11, 2023	88	0	78	31
Jun 12, 2023	88	0	0	26
Jun 13, 2023	88	0	0	22
Jun 14, 2023	103	0	0	23
Jun 15, 2023	103	0	0	24
Jun 16, 2023	103	0	0	22
Jun 17, 2023	103	0	0	51
Jun 18, 2023	103	0	21	28
Jun 19, 2023	103	0	0	38
Jun 20, 2023	103	0	0	26
Jun 21, 2023	135	0	0	27
Jun 22, 2023	135	0	0	20
Jun 23, 2023	135	0	0	20
Jun 24, 2023	135	0	0	32
Jun 25, 2023	135	0	0	17
Jun 26, 2023	135	0	18	16
Jun 27, 2023	135	0	0	19
Jun 28, 2023	158	0	0	29
Jun 29, 2023	158	0	0	25
Jun 30, 2023	158	0	0	18
Jul 01, 2023	158	0	0	26
Jul 02, 2023	158	0	0	30
Jul 03, 2023	158	0	21	15
Jul 04, 2023	158	0	0	23
Jul 05, 2023	227	0	0	19
Jul 06, 2023	227	0	0	16
Jul 07, 2023	227	0	0	0
Jul 08, 2023	227	0	0	34
Jul 09, 2023	227	0	14	0
Jul 10, 2023	227	0	0	41
Jul 11, 2023	227	0	0	18
Jul 12, 2023	227	0	0	12
Jul 13, 2023	227	0	0	24
Jul 14, 2023	227	0	0	22
Jul 15, 2023	227	0	0	38
Jul 16, 2023	227	0	0	0
Jul 17, 2023	227	0	0	32
Jul 18, 2023	227	0	0	20
Jul 19, 2023	227	0	0	22
Jul 20, 2023	227	0	0	13
Jul 21, 2023	227	0	0	21
Jul 22, 2023	227	0	0	31
Jul 23, 2023	227	0	0	29
Jul 24, 2023	227	0	22	23
Jul 25, 2023	227	0	0	28
Jul 26, 2023	305	0	0	0
Jul 27, 2023	305	0	0	55
Jul 28, 2023	305	0	0	44
Jul 29, 2023	305	0	0	55
Jul 30, 2023	305	0	0	44
Jul 31, 2023	305	0	5	36
Aug 01, 2023	305	0	0	50
Aug 02, 2023	326	0	0	44
Aug 03, 2023	326	0	0	44
Aug 04, 2023	326	0	0	43
Aug 05, 2023	326	0	0	71
Aug 06, 2023	326	0	0	50
Aug 07, 2023	326	0	0	50
Aug 08, 2023	326	0	0	0
Aug 09, 2023	326	0	0	0
Aug 10, 2023	344	0	0	0
Aug 11, 2023	344	0	0	224
Aug 12, 2023	344	0	0	0
Aug 13, 2023	344	0	0	0
Aug 14, 2023	344	0	0	188
Aug 15, 2023	344	0	0	63
Aug 16, 2023	344	0	0	69
Aug 17, 2023	365	0	0	0
Aug 18, 2023	365	0	0	104
Aug 19, 2023	365	0	19	0
Aug 20, 2023	365	0	0	0
Aug 21, 2023	365	0	0	228
Aug 22, 2023	365	0	0	0
Aug 23, 2023	379	0	0	0
Aug 24, 2023	379	0	0	215
Aug 25, 2023	379	0	0	73
Aug 26, 2023	379	0	0	0
Aug 27, 2023	379	0	0	0
Aug 28, 2023	379	0	9	0
Aug 29, 2023	379	0	0	371
Aug 30, 2023	379	0	0	0
Aug 31, 2023	379	0	0	83
Sep 01, 2023	379	0	0	0
Sep 02, 2023	379	0	0	0
Sep 03, 2023	379	0	0	0
Sep 04, 2023	379	0	14	0
Sep 05, 2023	379	0	0	0
Sep 06, 2023	379	0	0	491
Sep 07, 2023	401	0	0	0
Sep 08, 2023	401	0	0	0
Sep 09, 2023	401	0	0	0
Sep 10, 2023	401	0	0	0
Sep 11, 2023	401	0	23	0
Sep 12, 2023	401	0	0	0
Sep 13, 2023	401	0	0	0
Sep 14, 2023	406	0	0	649
Sep 15, 2023	406	0	0	0
Sep 16, 2023	406	0	0	0
Sep 17, 2023	406	0	0	0
Sep 18, 2023	406	0	0	0
Sep 19, 2023	406	0	0	0
Sep 20, 2023	406	0	0	0
Sep 21, 2023	406	0	0	790
Sep 22, 2023	406	0	0	0
Sep 23, 2023	406	0	0	0
Sep 24, 2023	406	0	0	0
Sep 25, 2023	406	0	0	0
Sep 26, 2023	406	0	39	0
Sep 27, 2023	406	0	0	0
Sep 28, 2023	406	0	0	0
Sep 29, 2023	406	0	0	0
Sep 30, 2023	406	0	0	864
Oct 01, 2023	406	0	0	0
Oct 02, 2023	406	0	0	0
Oct 03, 2023	425	0	0	0
Oct 04, 2023	425	0	0	0
Oct 05, 2023	425	0	0	0
Oct 06, 2023	425	0	44	1354
Oct 07, 2023	425	0	0	0
Oct 08, 2023	425	0	0	0
Oct 09, 2023	425	0	0	0
Oct 10, 2023	425	0	0	0
Oct 11, 2023	425	0	0	0
Oct 12, 2023	434	0	0	0
Oct 13, 2023	434	0	5	1774
Oct 14, 2023	434	0	0	0
Oct 15, 2023	434	0	0	0
Oct 16, 2023	434	0	0	0
Oct 17, 2023	434	0	0	0
Oct 18, 2023	434	0	0	0
Oct 19, 2023	448	0	0	0
Oct 20, 2023	448	0	0	2091
Oct 21, 2023	448	0	0	0
Oct 22, 2023	448	0	0	0
Oct 23, 2023	448	0	0	0
Oct 24, 2023	448	0	0	0
Oct 25, 2023	448	0	0	0
Oct 26, 2023	471	0	4	0
Oct 27, 2023	471	0	0	2952
Oct 28, 2023	471	0	0	3418
Oct 29, 2023	471	0	0	0
Oct 30, 2023	471	0	0	0
Oct 31, 2023	471	0	0	0
Nov 01, 2023	471	0	0	0
Nov 02, 2023	471	0	4	0
Nov 03, 2023	471	0	0	0
Nov 04, 2023	471	0	0	0
Nov 05, 2023	471	0	0	0
Nov 06, 2023	471	0	0	0
Nov 07, 2023	471	0	0	0
Nov 08, 2023	471	0	0	0
Nov 09, 2023	471	0	0	0
Nov 10, 2023	510	0	0	0
Nov 11, 2023	510	0	0	3539
Nov 12, 2023	510	0	0	8006
Nov 13, 2023	510	0	0	0
Nov 14, 2023	510	0	0	0
Nov 15, 2023	510	0	0	0
Nov 16, 2023	510	0	25	0
Nov 17, 2023	510	0	0	0
Nov 18, 2023	510	0	0	0
Nov 19, 2023	510	0	0	0
Nov 20, 2023	554	0	0	0
Nov 21, 2023	554	0	0	0
Nov 22, 2023	554	0	0	0
Nov 23, 2023	554	0	0	0
Nov 24, 2023	554	0	0	0
Nov 25, 2023	554	0	0	0
Nov 26, 2023	554	0	0	0
Nov 27, 2023	559	0	0	0
Nov 28, 2023	559	0	0	0
Nov 29, 2023	559	0	0	0
Nov 30, 2023	559	0	0	0
Dec 01, 2023	559	0	0	0
Dec 02, 2023	559	0	0	0
Dec 03, 2023	559	0	0	0
Dec 04, 2023	559	0	0	0
Dec 05, 2023	559	0	0	0
Dec 06, 2023	559	0	0	0
Dec 07, 2023	559	0	0	0
Dec 08, 2023	559	0	0	0
Dec 09, 2023	559	0	0	0
Dec 10, 2023	563	0	0	0
Dec 11, 2023	563	0	0	0
Dec 12, 2023	563	0	0	0
Dec 13, 2023	563	0	0	0
Dec 14, 2023	563	0	0	0
Dec 15, 2023	563	0	0	0
Dec 16, 2023	563	0	0	0
Dec 17, 2023	567	0	0	0
Dec 18, 2023	567	0	0	0
Dec 19, 2023	567	0	0	0
Dec 20, 2023	567	0	0	0
Dec 21, 2023	567	0	0	0
Dec 22, 2023	567	0	0	0
Dec 23, 2023	567	0	0	0
Dec 24, 2023	567	0	0	0
Dec 25, 2023	567	0	0	0
Dec 26, 2023	567	0	0	0
Dec 27, 2023	567	0	0	0
Dec 28, 2023	567	0	0	0
Dec 29, 2023	567	0	0	0
Dec 30, 2023	567	0	0	0
Dec 31, 2023	592	0	0	0
Jan 01, 2024	592	0	0	0
Jan 02, 2024	592	0	0	0
Jan 03, 2024	592	0	0	0
Jan 04, 2024	592	0	0	0
Jan 05, 2024	592	0	0	0
Jan 06, 2024	592	0	0	0
Jan 07, 2024	592	0	0	0
Jan 08, 2024	592	0	0	0
Jan 09, 2024	592	0	0	0
Jan 10, 2024	592	0	0	0
Jan 11, 2024	592	0	0	0
Jan 12, 2024	592	0	0	0
Jan 13, 2024	592	0	0	0
Jan 14, 2024	592	0	0	0
Jan 15, 2024	592	0	0	0
Jan 16, 2024	592	0	0	0
Jan 17, 2024	592	0	0	0
Jan 18, 2024	592	0	0	0
Jan 19, 2024	592	0	0	0
Jan 20, 2024	592	0	0	0
Jan 21, 2024	592	0	0	0
Jan 22, 2024	592	0	0	0
Jan 23, 2024	592	0	0	0
Jan 24, 2024	592	0	0	0
Jan 25, 2024	592	0	0	0
Jan 26, 2024	592	0	0	0
Jan 27, 2024	592	0	0	0
Jan 28, 2024	592	0	0	0
Jan 29, 2024	592	0	0	0
Jan 30, 2024	592	0	0	0
Jan 31, 2024	592	0	0	0
Feb 01, 2024	592	0	0	0
Feb 02, 2024	592	0	0	0
Feb 03, 2024	592	0	0	0
Feb 04, 2024	592	0	0	0
Feb 05, 2024	592	0	0	0
Feb 06, 2024	592	0	0	0
Feb 07, 2024	592	0	0	0
Feb 08, 2024	592	NA	0	0
Feb 09, 2024	592	NA	NA	0
Feb 10, 2024	592	NA	NA	0
Feb 11, 2024	592	NA	NA	0
Feb 12, 2024	592	NA	NA	0
Feb 13, 2024	592	NA	NA	0
Feb 14, 2024	592	NA	NA	0
Feb 15, 2024	592	NA	NA	0
Feb 16, 2024	592	NA	NA	0
Feb 17, 2024	592	NA	NA	0
Feb 18, 2024	592	NA	NA	0
Feb 19, 2024	592	NA	NA	0
Feb 20, 2024	592	NA	NA	0
Feb 21, 2024	592	NA	NA	0
Feb 22, 2024	592	NA	NA	0
Feb 23, 2024	592	NA	NA	0
Feb 24, 2024	592	NA	NA	0
Feb 25, 2024	592	NA	NA	0
Feb 26, 2024	592	NA	NA	0
Feb 27, 2024	592	NA	NA	0
Feb 28, 2024	592	NA	NA	0
Feb 29, 2024	592	NA	NA	0
Mar 01, 2024	592	NA	NA	0
Mar 02, 2024	592	NA	NA	0
Mar 03, 2024	592	NA	NA	0
Mar 04, 2024	592	NA	NA	0
Mar 05, 2024	592	NA	NA	0
Mar 06, 2024	592	NA	NA	0
Mar 07, 2024	592	NA	NA	0
Mar 08, 2024	592	NA	NA	0
Mar 09, 2024	592	NA	NA	0
Mar 10, 2024	592	NA	NA	0
Mar 11, 2024	592	NA	NA	0
Mar 12, 2024	592	NA	NA	0
Mar 13, 2024	592	NA	NA	0
Mar 14, 2024	592	NA	NA	0
Mar 15, 2024	592	NA	NA	0
Mar 16, 2024	592	NA	NA	0
Mar 17, 2024	592	NA	NA	0
Mar 18, 2024	592	NA	NA	0
Mar 19, 2024	592	NA	NA	0
Mar 20, 2024	592	NA	NA	0
Mar 21, 2024	592	NA	NA	0
Mar 22, 2024	592	NA	NA	0
Mar 23, 2024	592	NA	NA	0
Mar 24, 2024	592	NA	NA	NA
