Dates	Active	Deaths	Newcases	recover
Feb 15, 2020	0	0	0	0
Feb 16, 2020	0	1	0	0
Feb 17, 2020	0	0	8	0
Feb 18, 2020	0	0	0	0
Feb 19, 2020	0	0	4	1
Feb 20, 2020	0	0	9	1
Feb 21, 2020	0	0	1	0
Feb 22, 2020	0	0	0	0
Feb 23, 2020	0	0	4	0
Feb 24, 2020	0	0	8	0
Feb 25, 2020	0	0	6	0
Feb 26, 2020	0	0	9	0
Feb 27, 2020	0	0	19	0
Feb 28, 2020	0	0	18	1
Feb 29, 2020	0	0	26	0
Mar 01, 2020	0	0	4	3
Mar 02, 2020	0	0	17	0
Mar 03, 2020	0	0	24	0
Mar 04, 2020	0	0	19	1
Mar 05, 2020	0	0	24	0
Mar 06, 2020	0	1	30	0
Mar 07, 2020	0	0	32	0
Mar 08, 2020	0	0	32	0
Mar 09, 2020	0	0	19	0
Mar 10, 2020	0	0	16	1
Mar 11, 2020	3	0	17	2
Mar 12, 2020	3	0	28	0
Mar 13, 2020	4	1	21	0
Mar 14, 2020	4	0	20	0
Mar 15, 2020	4	0	19	0
Mar 16, 2020	4	0	19	1
Mar 17, 2020	7	1	13	0
Mar 18, 2020	9	1	16	0
Mar 19, 2020	10	0	19	2
Mar 20, 2020	20	0	37	0
Mar 21, 2020	20	0	19	0
Mar 22, 2020	34	0	19	98
Mar 23, 2020	39	0	18	0
Mar 24, 2020	46	0	17	73
Mar 25, 2020	55	0	6	43
Mar 26, 2020	64	0	8	126
Mar 27, 2020	74	0	16	42
Mar 28, 2020	112	0	7	177
Mar 29, 2020	132	0	6	520
Mar 30, 2020	162	0	5	149
Mar 31, 2020	172	0	2	494
Apr 01, 2020	194	0	7	243
Apr 02, 2020	214	0	12	207
Apr 03, 2020	248	0	5	409
Apr 04, 2020	267	0	1	347
Apr 05, 2020	297	0	6	674
Apr 06, 2020	323	0	2	412
Apr 07, 2020	358	0	2	520
Apr 08, 2020	418	1	8	763
Apr 09, 2020	472	0	8	702
Apr 10, 2020	498	0	6	415
Apr 11, 2020	527	1	6	744
Apr 12, 2020	559	1	8	584
Apr 13, 2020	584	1	6	479
Apr 14, 2020	613	0	3	744
Apr 15, 2020	639	0	13	750
Apr 16, 2020	664	0	6	814
Apr 17, 2020	700	0	4	664
Apr 18, 2020	727	0	8	636
Apr 19, 2020	746	0	7	743
Apr 20, 2020	766	0	12	602
Apr 21, 2020	790	0	9	798
Apr 22, 2020	808	0	3	775
Apr 23, 2020	827	0	11	708
Apr 24, 2020	820	0	15	956
Apr 25, 2020	849	0	13	896
Apr 26, 2020	814	0	10	947
Apr 27, 2020	808	0	10	922
Apr 28, 2020	804	0	3	1137
Apr 29, 2020	792	0	16	1096
Apr 30, 2020	759	0	15	1328
May 01, 2020	759	0	6	1050
May 02, 2020	780	0	8	1107
May 03, 2020	755	0	7	1109
May 04, 2020	723	0	12	976
May 05, 2020	662	0	21	1178
May 06, 2020	633	0	5	801
May 07, 2020	625	1	28	1434
May 08, 2020	589	1	16	843
May 09, 2020	540	0	22	847
May 10, 2020	496	0	25	898
May 11, 2020	477	0	9	1048
May 12, 2020	449	0	28	1122
May 13, 2020	405	0	21	927
May 14, 2020	368	0	52	804
May 15, 2020	336	0	37	924
May 16, 2020	323	0	34	731
May 17, 2020	298	0	35	678
May 18, 2020	297	0	55	822
May 19, 2020	270	0	24	726
May 20, 2020	248	0	33	939
May 21, 2020	225	0	86	879
May 22, 2020	204	0	77	711
May 23, 2020	179	0	74	680
May 24, 2020	170	0	50	653
May 25, 2020	161	1	53	701
May 26, 2020	172	2	29	825
May 27, 2020	168	0	52	676
May 28, 2020	167	1	75	678
May 29, 2020	163	1	68	585
May 30, 2020	147	1	119	776
May 31, 2020	153	0	69	847
Jun 01, 2020	174	0	86	631
Jun 02, 2020	182	1	64	691
Jun 03, 2020	194	4	91	691
Jun 04, 2020	197	0	147	829
Jun 05, 2020	202	1	169	1046
Jun 06, 2020	235	1	152	619
Jun 07, 2020	246	1	143	767
Jun 08, 2020	249	2	151	572
Jun 09, 2020	242	2	139	1067
Jun 10, 2020	242	1	190	1019
Jun 11, 2020	242	5	294	865
Jun 12, 2020	247	4	270	831
Jun 13, 2020	231	2	288	918
Jun 14, 2020	216	5	310	770
Jun 15, 2020	213	7	375	401
Jun 16, 2020	195	8	245	574
Jun 17, 2020	197	4	245	479
Jun 18, 2020	190	2	350	507
Jun 19, 2020	183	3	649	485
Jun 20, 2020	153	9	360	398
Jun 21, 2020	124	7	386	448
Jun 22, 2020	117	11	365	370
Jun 23, 2020	110	6	440	387
Jun 24, 2020	104	11	446	334
Jun 25, 2020	65	10	504	301
Jun 26, 2020	60	8	560	247
Jun 27, 2020	57	7	423	218
Jun 28, 2020	45	10	582	987
Jun 29, 2020	43	4	563	416
Jun 30, 2020	41	8	420	150
Jul 01, 2020	44	9	277	603
Jul 02, 2020	46	10	550	346
Jul 03, 2020	51	10	768	297
Jul 04, 2020	56	9	540	249
Jul 05, 2020	57	18	931	331
Jul 06, 2020	60	10	629	313
Jul 07, 2020	69	7	612	364
Jul 08, 2020	71	9	503	327
Jul 09, 2020	73	11	456	327
Jul 10, 2020	78	8	490	365
Jul 11, 2020	79	9	530	201
Jul 12, 2020	81	9	367	374
Jul 13, 2020	73	10	788	329
Jul 14, 2020	70	3	427	315
Jul 15, 2020	74	10	435	351
Jul 16, 2020	68	10	580	23853
Jul 17, 2020	57	7	653	225
Jul 18, 2020	54	12	1011	137
Jul 19, 2020	51	7	721	423
Jul 20, 2020	51	8	484	283
Jul 21, 2020	41	7	586	385
Jul 22, 2020	49	7	636	377
Jul 23, 2020	40	14	549	354
Jul 24, 2020	41	10	1072	242
Jul 25, 2020	46	11	802	240
Jul 26, 2020	59	10	806	505
Jul 27, 2020	94	11	728	274
Jul 28, 2020	116	0	619	331
Jul 29, 2020	148	18	559	397
Jul 30, 2020	155	7	766	365
Jul 31, 2020	166	10	666	209
Aug 01, 2020	179	7	1059	138
Aug 02, 2020	190	9	950	23
Aug 03, 2020	210	9	736	853
Aug 04, 2020	231	0	643	338
Aug 05, 2020	242	32	842	318
Aug 06, 2020	278	21	1002	329
Aug 07, 2020	312	12	985	131
Aug 08, 2020	358	24	1193	162
Aug 09, 2020	414	16	1214	2627
Aug 10, 2020	498	7	0	391
Aug 11, 2020	533	16	1588	402
Aug 12, 2020	536	15	897	405
Aug 13, 2020	561	12	1121	389
Aug 14, 2020	594	16	1153	276
Aug 15, 2020	636	17	1222	266
Aug 16, 2020	608	20	1240	575
Aug 17, 2020	584	20	1027	298
Aug 18, 2020	526	21	833	465
Aug 19, 2020	531	18	1117	466
Aug 20, 2020	583	15	1327	360
Aug 21, 2020	542	21	1325	230
Aug 22, 2020	522	14	1420	234
Aug 23, 2020	547	17	1485	582
Aug 24, 2020	547	16	970	356
Aug 25, 2020	551	14	937	405
Aug 26, 2020	508	19	776	370
Aug 27, 2020	519	19	1379	409
Aug 28, 2020	552	24	1302	267
Aug 29, 2020	558	13	1556	163
Aug 30, 2020	552	13	1338	563
Aug 31, 2020	560	20	1187	380
Sep 01, 2020	575	0	703	443
Sep 02, 2020	570	37	1087	394
Sep 03, 2020	640	17	1370	482
Sep 04, 2020	679	20	1400	210
Sep 05, 2020	628	16	1357	221
Sep 06, 2020	618	15	1233	102
Sep 07, 2020	608	21	730	1106
Sep 08, 2020	573	13	935	706
Sep 09, 2020	628	19	890	719
Sep 10, 2020	666	16	1156	684
Sep 11, 2020	643	10	1068	401
Sep 12, 2020	667	25	1001	356
Sep 13, 2020	646	9	1353	793
Sep 14, 2020	578	15	0	616
Sep 15, 2020	576	11	1947	609
Sep 16, 2020	636	10	1013	660
Sep 17, 2020	594	18	1355	614
Sep 18, 2020	644	14	1331	464
Sep 19, 2020	658	15	1225	504
Sep 20, 2020	564	14	1386	843
Sep 21, 2020	563	17	1051	1370
Sep 22, 2020	599	16	733	884
Sep 23, 2020	570	14	1015	919
Sep 24, 2020	579	17	1542	866
Sep 25, 2020	574	11	1372	755
Sep 26, 2020	560	17	1196	770
Sep 27, 2020	584	14	1166	1509
Sep 28, 2020	574	14	929	1130
Sep 29, 2020	543	11	632	1234
Sep 30, 2020	582	8	847	1379
Oct 01, 2020	626	15	1503	1264
Oct 02, 2020	674	12	1191	1253
Oct 03, 2020	540	13	1210	1376
Oct 04, 2020	542	9	1262	2091
Oct 05, 2020	490	11	861	1660
Oct 06, 2020	482	12	511	1672
Oct 07, 2020	454	15	862	1842
Oct 08, 2020	423	11	1231	2016
Oct 09, 2020	422	11	1017	1833
Oct 10, 2020	385	14	1296	1862
Oct 11, 2020	315	10	1105	1039
Oct 12, 2020	303	9	746	3228
Oct 13, 2020	292	9	540	1865
Oct 14, 2020	259	11	863	2139
Oct 15, 2020	261	12	1141	2154
Oct 16, 2020	292	10	1106	1802
Oct 17, 2020	292	11	1050	1666
Oct 18, 2020	327	9	946	2559
Oct 19, 2020	351	0	736	2072
Oct 20, 2020	372	26	488	1771
Oct 21, 2020	427	7	979	2291
Oct 22, 2020	422	21	1202	2074
Oct 23, 2020	452	12	1171	1757
Oct 24, 2020	479	5	1184	1793
Oct 25, 2020	440	11	1100	2877
Oct 26, 2020	438	10	726	2158
Oct 27, 2020	499	15	643	2403
Oct 28, 2020	492	11	998	2342
Oct 29, 2020	506	5	1422	2728
Oct 30, 2020	495	8	1219	1939
Oct 31, 2020	514	18	1187	1853
Nov 01, 2020	518	16	0	2323
Nov 02, 2020	523	20	2259	3457
Nov 03, 2020	532	17	618	2138
Nov 04, 2020	621	15	895	2351
Nov 05, 2020	553	21	1330	3239
Nov 06, 2020	556	18	1222	1857
Nov 07, 2020	555	18	1351	1911
Nov 08, 2020	487	13	1155	3395
Nov 09, 2020	498	18	851	2879
Nov 10, 2020	513	8	539	1920
Nov 11, 2020	468	15	534	3576
Nov 12, 2020	432	20	1168	3871
Nov 13, 2020	445	11	1165	2269
Nov 14, 2020	422	13	1180	2486
Nov 15, 2020	399	16	1206	4886
Nov 16, 2020	430	15	954	3865
Nov 17, 2020	423	12	576	4169
Nov 18, 2020	401	14	1009	3973
Nov 19, 2020	393	14	1258	4352
Nov 20, 2020	365	14	1127	3752
Nov 21, 2020	359	21	1132	3651
Nov 22, 2020	380	17	1149	5150
Nov 23, 2020	391	14	524	4192
Nov 24, 2020	389	17	549	3841
Nov 25, 2020	423	10	927	3691
Nov 26, 2020	445	12	1167	5581
Nov 27, 2020	452	15	1125	4196
Nov 28, 2020	486	14	1084	3711
Nov 29, 2020	513	8	1019	5561
Nov 30, 2020	518	12	767	4916
Dec 01, 2020	587	13	635	4998
Dec 02, 2020	606	11	911	4722
Dec 03, 2020	625	19	1138	5488
Dec 04, 2020	616	19	1048	4786
Dec 05, 2020	669	19	1072	4256
Dec 06, 2020	683	19	545	9597
Dec 07, 2020	773	17	597	5465
Dec 08, 2020	799	16	558	5811
Dec 09, 2020	833	15	1037	5724
Dec 10, 2020	833	14	1315	6558
Dec 11, 2020	841	17	1207	6181
Dec 12, 2020	846	17	1270	4779
Dec 13, 2020	852	15	539	6214
Dec 14, 2020	871	17	589	6508
Dec 15, 2020	859	16	717	5971
Dec 16, 2020	876	9	1155	6466
Dec 17, 2020	864	19	1447	7199
Dec 18, 2020	844	15	1369	5785
Dec 19, 2020	911	14	1207	5312
Dec 20, 2020	950	12	1035	6913
Dec 21, 2020	979	14	756	7940
Dec 22, 2020	1026	11	656	6891
Dec 23, 2020	1054	15	1032	5611
Dec 24, 2020	1200	9	1063	2
Dec 25, 2020	1257	17	1086	4157
Dec 26, 2020	1298	15	945	8971
Dec 27, 2020	1358	5	958	8780
Dec 28, 2020	1494	8	508	12184
Dec 29, 2020	1583	15	363	6426
Dec 30, 2020	1539	7	861	5230
Dec 31, 2020	1592	7	835	6
Jan 01, 2021	1565	9	765	5258
Jan 02, 2021	1585	12	831	9899
Jan 03, 2021	1601	10	651	14030
Jan 04, 2021	1756	8	431	4558
Jan 05, 2021	1781	7	355	7663
Jan 06, 2021	1769	5	600	7040
Jan 07, 2021	1941	6	721	7704
Jan 08, 2021	2144	3	571	6417
Jan 09, 2021	2358	9	639	6384
Jan 10, 2021	2562	4	568	9801
Jan 11, 2021	2832	5	436	7874
Jan 12, 2021	3087	4	289	8205
Jan 13, 2021	3408	7	440	8746
Jan 14, 2021	3690	7	528	8513
Jan 15, 2021	3992	8	455	6174
Jan 16, 2021	4155	11	446	7239
Jan 17, 2021	4438	7	506	7709
Jan 18, 2021	4473	8	281	7397
Jan 19, 2021	4384	6	210	8190
Jan 20, 2021	4451	5	417	7109
Jan 21, 2021	4592	3	486	7100
Jan 22, 2021	4561	8	418	6155
Jan 23, 2021	4555	3	431	5637
Jan 24, 2021	4680	4	390	6705
Jan 25, 2021	4597	3	265	6742
Jan 26, 2021	4711	3	182	5883
Jan 27, 2021	4910	6	430	5468
Jan 28, 2021	4847	8	434	6260
Jan 29, 2021	4941	4	353	5241
Jan 30, 2021	5151	5	437	4739
Jan 31, 2021	5609	4	549	6049
Feb 01, 2021	5520	2	239	4938
Feb 02, 2021	5497	3	208	4429
Feb 03, 2021	5615	3	423	4432
Feb 04, 2021	5652	7	399	5223
Feb 05, 2021	5597	4	418	3914
Feb 06, 2021	5739	7	427	4122
Feb 07, 2021	5854	3	365	8344
Feb 08, 2021	5650	5	200	3599
Feb 09, 2021	5127	8	180	4027
Feb 10, 2021	4999	6	428	3592
Feb 11, 2021	4824	5	376	3872
Feb 12, 2021	4804	5	403	3269
Feb 13, 2021	4713	3	347	3039
Feb 14, 2021	4856	2	416	1421
Feb 15, 2021	4959	0	216	6279
Feb 16, 2021	4951	0	188	3553
Feb 17, 2021	5164	0	372	3651
Feb 18, 2021	5154	12	412	3357
Feb 19, 2021	5054	0	473	3072
Feb 20, 2021	5003	0	376	2762
Feb 21, 2021	5102	23	480	4027
Feb 22, 2021	5024	0	267	3200
Feb 23, 2021	4914	0	176	3096
Feb 24, 2021	4685	0	431	3091
Feb 25, 2021	4445	26	501	3022
Feb 26, 2021	4392	0	485	2333
Feb 27, 2021	4277	0	470	2406
Feb 28, 2021	4215	0	0	3808
Mar 01, 2021	4160	0	0	2864
Mar 02, 2021	4333	0	0	3074
Mar 03, 2021	4542	17	1535	2813
Mar 04, 2021	4631	26	0	3086
Mar 05, 2021	4607	0	0	2473
Mar 06, 2021	4602	0	1740	2171
Mar 07, 2021	4566	18	0	4023
Mar 08, 2021	4507	0	0	2945
Mar 09, 2021	4662	0	0	2927
Mar 10, 2021	4572	0	1586	2752
Mar 11, 2021	4712	26	0	3334
Mar 12, 2021	4702	10	0	2495
Mar 13, 2021	4431	11	0	2477
Mar 14, 2021	4347	6	0	3902
Mar 15, 2021	4283	13	0	2910
Mar 16, 2021	4012	7	1392	3253
Mar 17, 2021	3795	8	1690	5893
Mar 18, 2021	3652	5	0	70
Mar 19, 2021	3631	11	0	2542
Mar 20, 2021	3508	10	2698	2510
Mar 21, 2021	3504	11	0	4059
Mar 22, 2021	3440	7	0	3116
Mar 23, 2021	3417	15	0	3237
Mar 24, 2021	3404	10	2799	3338
Mar 25, 2021	3390	18	1069	3619
Mar 26, 2021	3374	16	1121	2737
Mar 27, 2021	3473	15	1044	2728
Mar 28, 2021	3589	14	1060	4673
Mar 29, 2021	3583	23	664	3670
Mar 30, 2021	3923	12	536	4016
Mar 31, 2021	4225	24	1130	4055
Apr 01, 2021	4358	20	1531	1074
Apr 02, 2021	4573	16	1776	5037
Apr 03, 2021	4862	15	1656	1065
Apr 04, 2021	4862	24	1830	10058
Apr 05, 2021	5047	21	1277	4874
Apr 06, 2021	5329	23	1203	5276
Apr 07, 2021	5276	21	1927	5789
Apr 08, 2021	5119	26	2434	5496
Apr 09, 2021	5168	26	2781	4616
Apr 10, 2021	5161	32	2609	4763
Apr 11, 2021	5267	33	1991	9129
Apr 12, 2021	5018	24	1839	4352
Apr 13, 2021	4882	22	1855	6629
Apr 14, 2021	4803	32	1304	6568
Apr 15, 2021	4796	48	2555	7128
Apr 16, 2021	4806	23	2559	6351
Apr 17, 2021	4901	40	2392	6397
Apr 18, 2021	4951	29	1029	9829
Apr 19, 2021	4967	32	3463	7679
Apr 20, 2021	5149	23	1500	10440
Apr 21, 2021	5179	29	2236	7346
Apr 22, 2021	5358	28	3173	9104
Apr 23, 2021	5679	31	3039	7358
Apr 24, 2021	5789	21	2815	7086
Apr 25, 2021	5817	33	2795	9923
Apr 26, 2021	5522	31	1768	7896
Apr 27, 2021	5458	29	1322	8655
Apr 28, 2021	5362	19	2294	8196
Apr 29, 2021	5399	33	2900	8425
Apr 30, 2021	5460	24	2812	7392
May 01, 2021	5493	26	2587	6859
May 02, 2021	5690	29	2445	9218
May 03, 2021	5694	22	1726	7498
May 04, 2021	5632	30	1139	8353
May 05, 2021	5648	23	2370	8299
May 06, 2021	5604	23	2587	7916
May 07, 2021	5687	27	2436	6929
May 08, 2021	5742	20	2180	6900
May 09, 2021	5886	24	2338	8427
May 10, 2021	6044	24	1405	7141
May 11, 2021	6088	23	1141	7509
May 12, 2021	6146	19	2293	7786
May 13, 2021	6290	19	2319	7996
May 14, 2021	6509	30	2181	6760
May 15, 2021	6920	22	2200	6417
May 16, 2021	6990	14	1836	8213
May 17, 2021	6948	17	1177	6882
May 18, 2021	6768	16	928	7332
May 19, 2021	6978	24	1900	6652
May 20, 2021	6912	16	2187	6623
May 21, 2021	6930	21	2041	5675
May 22, 2021	6949	14	1852	5491
May 23, 2021	6940	21	1642	4326
May 24, 2021	6859	12	1196	7843
May 25, 2021	6984	15	866	5636
May 26, 2021	6842	19	1708	5598
May 27, 2021	6611	13	1845	5374
May 28, 2021	6505	6	1869	4516
May 29, 2021	6234	7	1604	4076
May 30, 2021	6195	12	1582	4754
May 31, 2021	6092	17	1086	4207
Jun 01, 2021	6019	15	797	3904
Jun 02, 2021	5923	8	1525	3622
Jun 03, 2021	5961	14	1903	3243
Jun 04, 2021	5854	13	1743	2869
Jun 05, 2021	6019	7	1739	2522
Jun 06, 2021	5957	13	1563	2878
Jun 07, 2021	5973	13	944	2557
Jun 08, 2021	6090	8	792	2498
Jun 09, 2021	6038	18	1857	2569
Jun 10, 2021	6103	17	1777	2272
Jun 11, 2021	6248	13	1602	2074
Jun 12, 2021	6431	15	1666	1747
Jun 13, 2021	6862	17	1435	2147
Jun 14, 2021	7104	6	993	1811
Jun 15, 2021	7474	15	690	1799
Jun 16, 2021	7681	11	1488	1800
Jun 17, 2021	7798	9	1279	1652
Jun 18, 2021	7804	10	1847	1395
Jun 19, 2021	7935	8	1544	1156
Jun 20, 2021	8157	8	1396	1491
Jun 21, 2021	8420	8	837	1398
Jun 22, 2021	8718	17	785	1218
Jun 23, 2021	9185	15	1569	987
Jun 24, 2021	9542	6	1653	810
Jun 25, 2021	10423	10	1576	826
Jun 26, 2021	11156	16	1500	620
Jun 27, 2021	12241	17	1269	1758
Jun 28, 2021	13269	12	972	948
Jun 29, 2021	14491	6	742	846
Jun 30, 2021	15558	11	1354	41
Jul 01, 2021	16613	11	1532	1701
Jul 02, 2021	17490	17	1802	413
Jul 03, 2021	18504	21	1139	391
Jul 04, 2021	19376	16	1143	1011
Jul 05, 2021	19169	12	823	756
Jul 06, 2021	20363	8	614	545
Jul 07, 2021	20938	18	856	505
Jul 08, 2021	21147	7	1467	843
Jul 09, 2021	24386	16	1695	329
Jul 10, 2021	28261	14	1608	359
Jul 11, 2021	32144	12	1386	722
Jul 12, 2021	34974	14	960	525
Jul 13, 2021	36896	11	1020	482
Jul 14, 2021	38969	19	943	401
Jul 15, 2021	41615	14	1795	471
Jul 16, 2021	43490	15	1827	325
Jul 17, 2021	43625	12	1932	340
Jul 18, 2021	38668	16	1674	715
Jul 19, 2021	34631	18	1223	340
Jul 20, 2021	35673	12	888	349
Jul 21, 2021	36908	19	1882	594
Jul 22, 2021	35705	17	2128	552
Jul 23, 2021	37491	16	2002	216
Jul 24, 2021	39577	23	1821	203
Jul 25, 2021	42203	14	1792	725
Jul 26, 2021	42394	26	1184	436
Jul 27, 2021	42410	14	878	454
Jul 28, 2021	43649	21	1932	391
Jul 29, 2021	44115	14	2195	414
Jul 30, 2021	43217	17	2311	190
Jul 31, 2021	42870	17	2060	181
Aug 01, 2021	43011	28	2048	346
Aug 02, 2021	44011	25	1267	1262
Aug 03, 2021	46022	25	1480	537
Aug 04, 2021	46169	24	2230	615
Aug 05, 2021	45688	31	2619	642
Aug 06, 2021	46135	29	2706	258
Aug 07, 2021	46780	19	2787	285
Aug 08, 2021	47347	33	2278	1590
Aug 09, 2021	46802	26	1629	845
Aug 10, 2021	46110	25	1454	862
Aug 11, 2021	45439	27	2581	949
Aug 12, 2021	44128	19	2848	1035
Aug 13, 2021	44088	38	2991	303
Aug 14, 2021	40847	30	2750	892
Aug 15, 2021	40529	30	2348	1852
Aug 16, 2021	42099	42	2046	1173
Aug 17, 2021	44215	32	1435	1368
Aug 18, 2021	44787	33	2956	1630
Aug 19, 2021	45329	42	2884	1553
Aug 20, 2021	46506	30	2975	911
Aug 21, 2021	47040	40	2825	533
Aug 22, 2021	48544	21	2546	5313
Aug 23, 2021	49958	25	1649	2059
Aug 24, 2021	50428	35	1381	2372
Aug 25, 2021	50987	28	1376	1906
Aug 26, 2021	49654	39	2725	2668
Aug 27, 2021	47188	33	2901	774
Aug 28, 2021	41580	37	2801	740
Aug 29, 2021	38448	27	2349	5148
Aug 30, 2021	36913	28	1627	2683
Aug 31, 2021	35545	27	1514	2882
Sep 01, 2021	33930	26	2731	2759
Sep 02, 2021	32966	28	2547	2983
Sep 03, 2021	32189	31	2701	3716
Sep 04, 2021	33657	31	2550	2922
Sep 05, 2021	37070	28	2271	1664
Sep 06, 2021	38014	29	1368	3672
Sep 07, 2021	38092	23	1178	2319
Sep 08, 2021	39686	34	2078	4364
Sep 09, 2021	39270	20	2036	3518
Sep 10, 2021	39001	26	2072	1099
Sep 11, 2021	38909	27	1688	1001
Sep 12, 2021	39305	26	2070	7988
Sep 13, 2021	39667	22	1092	3714
Sep 14, 2021	39336	17	881	4256
Sep 15, 2021	38893	21	1506	3836
Sep 16, 2021	38851	23	1614	3815
Sep 17, 2021	37539	15	1617	1052
Sep 18, 2021	39136	32	1368	997
Sep 19, 2021	39673	19	1255	9171
Sep 20, 2021	40376	14	754	4137
Sep 21, 2021	41041	14	565	4478
Sep 22, 2021	40374	9	1319	4376
Sep 23, 2021	39434	14	1170	4511
Sep 24, 2021	36852	11	1050	6474
Sep 25, 2021	35377	13	1010	4536
Sep 26, 2021	34229	8	949	1114
Sep 27, 2021	33898	18	502	5048
Sep 28, 2021	32751	13	358	4621
Sep 29, 2021	31043	18	708	2990
Sep 30, 2021	28864	15	943	5591
Oct 01, 2021	27215	18	748	1177
Oct 02, 2021	25845	13	618	1167
Oct 03, 2021	23889	10	569	9411
Oct 04, 2021	23113	10	350	4697
Oct 05, 2021	22350	12	276	4412
Oct 06, 2021	20941	8	757	4149
Oct 07, 2021	20205	12	732	4435
Oct 08, 2021	19550	7	596	1059
Oct 09, 2021	18134	7	448	1178
Oct 10, 2021	17032	7	420	2811
Oct 11, 2021	16201	7	226	10834
Oct 12, 2021	15341	10	219	4004
Oct 13, 2021	13568	9	491	3776
Oct 14, 2021	11648	8	378	3983
Oct 15, 2021	10334	10	397	1123
Oct 16, 2021	8838	7	487	2440
Oct 17, 2021	8740	3	339	7041
Oct 18, 2021	8318	3	157	3782
Oct 19, 2021	7741	3	154	3807
Oct 20, 2021	7044	7	324	3477
Oct 21, 2021	7149	7	320	2956
Oct 22, 2021	6095	9	314	832
Oct 23, 2021	5903	4	235	2152
Oct 24, 2021	5803	3	219	5410
Oct 25, 2021	5818	2	166	2939
Oct 26, 2021	5384	3	118	3157
Oct 27, 2021	4905	4	239	2529
Oct 28, 2021	4696	3	195	2653
Oct 29, 2021	4435	6	251	662
Oct 30, 2021	4166	4	201	1650
Oct 31, 2021	3949	3	192	4946
Nov 01, 2021	3731	3	141	2565
Nov 02, 2021	3435	2	71	2581
Nov 03, 2021	3302	1	167	2549
Nov 04, 2021	3106	6	177	2255
Nov 05, 2021	3114	0	133	655
Nov 06, 2021	2824	4	131	1634
Nov 07, 2021	2698	4	100	4280
Nov 08, 2021	2743	1	70	2658
Nov 09, 2021	2586	0	61	2388
Nov 10, 2021	2443	0	48	1084
Nov 11, 2021	2131	0	120	3707
Nov 12, 2021	2102	3	304	766
Nov 13, 2021	1858	0	120	1875
Nov 14, 2021	1807	4	124	4394
Nov 15, 2021	1812	0	56	2770
Nov 16, 2021	1683	0	51	2564
Nov 17, 2021	1549	2	92	2650
Nov 18, 2021	1475	1	118	2558
Nov 19, 2021	1442	0	82	781
Nov 20, 2021	1472	2	89	2214
Nov 21, 2021	1449	4	74	4346
Nov 22, 2021	1423	2	96	2663
Nov 23, 2021	1308	1	59	2311
Nov 24, 2021	1215	0	81	3674
Nov 25, 2021	1193	1	68	2425
Nov 26, 2021	1077	1	55	804
Nov 27, 2021	1028	3	110	2218
Nov 28, 2021	982	0	103	4008
Nov 29, 2021	920	1	43	2700
Nov 30, 2021	845	3	71	2643
Dec 01, 2021	757	2	105	2625
Dec 02, 2021	751	3	163	2757
Dec 03, 2021	704	3	237	891
Dec 04, 2021	665	1	263	2797
Dec 05, 2021	606	2	385	4147
Dec 06, 2021	590	7	110	3069
Dec 07, 2021	531	2	117	2795
Dec 08, 2021	464	1	421	2859
Dec 09, 2021	458	4	404	3028
Dec 10, 2021	441	8	521	1015
Dec 11, 2021	391	7	1067	3455
Dec 12, 2021	388	5	745	4797
Dec 13, 2021	394	7	550	3346
Dec 14, 2021	369	2	528	3199
Dec 15, 2021	366	6	1500	3399
Dec 16, 2021	373	4	2542	4143
Dec 17, 2021	386	9	2981	1410
Dec 18, 2021	401	7	3153	4846
Dec 19, 2021	415	10	3374	5910
Dec 20, 2021	399	11	1735	4388
Dec 21, 2021	403	8	2089	4631
Dec 22, 2021	412	13	4050	5020
Dec 23, 2021	410	9	4170	3265
Dec 24, 2021	424	13	4693	1872
Dec 25, 2021	489	16	5224	1796
Dec 26, 2021	545	12	4711	17480
Dec 27, 2021	609	14	3169	8071
Dec 28, 2021	680	8	2825	17889
Dec 29, 2021	825	20	5365	13446
Dec 30, 2021	1073	18	5359	5914
Dec 31, 2021	1267	12	6016	4837
Jan 01, 2022	1530	16	6169	41174
Jan 02, 2022	1826	20	5394	19753
Jan 03, 2022	2148	17	4239	30724
Jan 04, 2022	2432	18	2696	23123
Jan 05, 2022	2862	18	5859	26798
Jan 06, 2022	3860	18	6525	32763
Jan 07, 2022	5275	18	6969	12513
Jan 08, 2022	6683	22	7302	11490
Jan 09, 2022	8552	20	6021	73223
Jan 10, 2022	10050	12	3424	31158
Jan 11, 2022	11193	14	2940	36165
Jan 12, 2022	12068	8	6606	43648
Jan 13, 2022	13082	23	7089	49283
Jan 14, 2022	14096	18	7189	27109
Jan 15, 2022	15320	27	6222	18753
Jan 16, 2022	16508	20	5566	71723
Jan 17, 2022	17502	12	3425	28343
Jan 18, 2022	17745	13	2746	33174
Jan 19, 2022	17371	17	6136	38162
Jan 20, 2022	17447	18	6105	28482
Jan 21, 2022	17372	15	5656	14693
Jan 22, 2022	17028	15	5488	5483
Jan 23, 2022	16590	15	4635	57628
Jan 24, 2022	17216	14	2707	22918
Jan 25, 2022	16565	18	2085	28492
Jan 26, 2022	16475	6	4507	36333
Jan 27, 2022	15439	10	4291	21492
Jan 28, 2022	14755	10	4005	10106
Jan 29, 2022	14481	16	4114	8632
Jan 30, 2022	14685	9	3053	39590
Jan 31, 2022	13780	15	2179	12536
Feb 01, 2022	12214	16	1775	23368
Feb 02, 2022	11182	8	3391	33516
Feb 03, 2022	9752	15	3195	17779
Feb 04, 2022	8458	6	2796	6369
Feb 05, 2022	7728	7	2646	6715
Feb 06, 2022	7323	11	2155	30134
Feb 07, 2022	7327	11	1037	12566
Feb 08, 2022	6793	7	1264	11858
Feb 09, 2022	6123	8	2203	21973
Feb 10, 2022	5575	6	1909	7685
Feb 11, 2022	5427	10	1772	3879
Feb 12, 2022	5058	13	1771	4188
Feb 13, 2022	4868	11	1362	26808
Feb 14, 2022	4810	6	773	9542
Feb 15, 2022	4383	3	820	9507
Feb 16, 2022	3776	9	1458	12322
Feb 17, 2022	3580	12	1449	9383
Feb 18, 2022	3368	5	1368	2796
Feb 19, 2022	3222	2	1122	5671
Feb 20, 2022	3203	3	980	8858
Feb 21, 2022	3190	5	789	5753
Feb 22, 2022	3028	2	454	14164
Feb 23, 2022	2807	5	1093	10662
Feb 24, 2022	2665	10	1095	7115
Feb 25, 2022	2645	10	1096	2208
Feb 26, 2022	2627	2	958	2081
Feb 27, 2022	2733	8	899	14513
Feb 28, 2022	2728	5	429	2359
Mar 01, 2022	2517	3	424	7175
Mar 02, 2022	2334	4	902	6566
Mar 03, 2022	2326	7	912	4222
Mar 04, 2022	2390	5	943	1937
Mar 05, 2022	2401	8	817	4916
Mar 06, 2022	2424	3	726	10534
Mar 07, 2022	2573	4	397	4279
Mar 08, 2022	2450	5	369	5266
Mar 09, 2022	2392	4	868	7691
Mar 10, 2022	2384	1	742	6663
Mar 11, 2022	2486	4	709	1722
Mar 12, 2022	2529	4	831	1635
Mar 13, 2022	2585	4	647	7500
Mar 14, 2022	2752	5	368	4186
Mar 15, 2022	2703	4	275	4762
Mar 16, 2022	2650	5	685	5803
Mar 17, 2022	2626	0	707	3530
Mar 18, 2022	2818	5	720	1704
Mar 19, 2022	3059	6	714	1520
Mar 20, 2022	3261	3	508	4839
Mar 21, 2022	3470	3	323	8230
Mar 22, 2022	3393	2	289	2921
Mar 23, 2022	3492	2	288	4552
Mar 24, 2022	3545	1	540	3335
Mar 25, 2022	3686	0	710	1921
Mar 26, 2022	3839	3	209	1638
Mar 27, 2022	3931	2	336	5587
Mar 28, 2022	4077	3	310	7796
Mar 29, 2022	3846	1	787	3700
Mar 30, 2022	3743	3	0	2250
Mar 31, 2022	3674	4	685	5577
Apr 01, 2022	3678	6	730	1913
Apr 02, 2022	3615	2	666	1851
Apr 03, 2022	3659	4	719	8614
Apr 04, 2022	3542	4	437	9066
Apr 05, 2022	3191	3	342	4461
Apr 06, 2022	3052	1	711	4743
Apr 07, 2022	2892	3	0	5824
Apr 08, 2022	2904	7	1759	2300
Apr 09, 2022	2811	2	764	8388
Apr 10, 2022	2829	6	724	5291
Apr 11, 2022	2728	2	508	11999
Apr 12, 2022	2426	3	429	5352
Apr 13, 2022	2243	2	1032	5627
Apr 14, 2022	2121	6	1396	0
Apr 15, 2022	2010	1	1481	5926
Apr 16, 2022	1934	4	1548	0
Apr 17, 2022	1811	4	1164	5182
Apr 18, 2022	1714	5	814	25146
Apr 19, 2022	1532	3	774	5893
Apr 20, 2022	1436	1	1697	6139
Apr 21, 2022	1439	5	1804	6904
Apr 22, 2022	1404	4	1860	3274
Apr 23, 2022	1360	6	1847	3192
Apr 24, 2022	1305	3	1417	2670
Apr 25, 2022	1244	9	1327	8549
Apr 26, 2022	1118	5	1080	4077
Apr 27, 2022	1080	3	2034	3760
Apr 28, 2022	1008	0	2163	3478
Apr 29, 2022	977	0	2505	3158
Apr 30, 2022	907	0	2174	2406
May 01, 2022	897	0	1642	13410
May 02, 2022	881	0	1408	11521
May 03, 2022	811	0	1375	13526
May 04, 2022	694	0	2238	16827
May 05, 2022	662	0	2175	8507
May 06, 2022	672	0	3499	3758
May 07, 2022	651	0	2692	9721
May 08, 2022	624	0	2138	4951
May 09, 2022	634	0	1671	11067
May 10, 2022	570	0	1721	13839
May 11, 2022	523	0	0	19156
May 12, 2022	516	0	0	0
May 13, 2022	495	0	0	8446
May 14, 2022	525	0	0	0
May 15, 2022	526	0	0	5167
May 16, 2022	527	0	0	17062
May 17, 2022	463	0	0	9809
May 18, 2022	455	0	0	19558
May 19, 2022	406	0	0	7440
May 20, 2022	376	0	0	3784
May 21, 2022	338	0	0	3971
May 22, 2022	333	0	0	7197
May 23, 2022	324	0	0	7225
May 24, 2022	300	0	0	11587
May 25, 2022	273	0	0	15308
May 26, 2022	271	0	0	5133
May 27, 2022	265	0	0	2774
May 28, 2022	255	0	0	2076
May 29, 2022	255	0	0	4944
May 30, 2022	251	0	0	4979
May 31, 2022	235	0	0	10125
Jun 01, 2022	236	0	0	11598
Jun 02, 2022	229	0	0	4254
Jun 03, 2022	223	0	0	2154
Jun 04, 2022	210	0	0	1928
Jun 05, 2022	196	0	0	3800
Jun 06, 2022	183	0	0	4086
Jun 07, 2022	163	0	0	7251
Jun 08, 2022	166	0	0	9831
Jun 09, 2022	152	99	0	3243
Jun 10, 2022	163	6	0	1536
Jun 11, 2022	163	7	0	2444
Jun 12, 2022	164	8	0	2033
Jun 13, 2022	168	9	0	3417
Jun 14, 2022	151	8	0	5491
Jun 15, 2022	155	8	0	7507
Jun 16, 2022	147	8	0	2253
Jun 17, 2022	156	7	0	1201
Jun 18, 2022	149	7	0	1032
Jun 19, 2022	136	7	0	845
Jun 20, 2022	146	7	0	3446
Jun 21, 2022	147	7	0	3932
Jun 22, 2022	151	7	67965	5380
Jun 23, 2022	166	5	2719	2419
Jun 24, 2022	163	5	2719	1127
Jun 25, 2022	171	4	2719	861
Jun 26, 2022	180	5	2719	1897
Jun 27, 2022	191	5	2719	2115
Jun 28, 2022	180	5	2719	3955
Jun 29, 2022	174	5	2287	5483
Jun 30, 2022	178	4	2287	1418
Jul 01, 2022	178	4	2287	882
Jul 02, 2022	184	4	2287	689
Jul 03, 2022	200	4	2287	1850
Jul 04, 2022	226	4	2287	1679
Jul 05, 2022	237	4	2288	4115
Jul 06, 2022	233	2	1901	4242
Jul 07, 2022	235	4	1901	2261
Jul 08, 2022	244	4	1901	804
Jul 09, 2022	245	4	1901	638
Jul 10, 2022	267	4	1901	2022
Jul 11, 2022	279	4	1901	2274
Jul 12, 2022	266	4	1904	3504
Jul 13, 2022	284	4	1638	4093
Jul 14, 2022	285	4	1638	760
Jul 15, 2022	306	4	1638	0
Jul 16, 2022	326	4	1638	0
Jul 17, 2022	354	4	1638	2715
Jul 18, 2022	385	4	1638	1866
Jul 19, 2022	380	4	1639	3287
Jul 20, 2022	378	4	1523	8357
Jul 21, 2022	396	5	1523	0
Jul 22, 2022	434	5	1523	0
Jul 23, 2022	483	5	1523	0
Jul 24, 2022	510	4	1523	3348
Jul 25, 2022	549	4	1523	2543
Jul 26, 2022	550	4	1525	2895
Jul 27, 2022	571	4	1270	10442
Jul 28, 2022	541	4	1270	0
Jul 29, 2022	614	4	1270	0
Jul 30, 2022	504	3	1270	0
Jul 31, 2022	505	3	1270	4392
Aug 01, 2022	506	3	1270	2093
Aug 02, 2022	478	5	1271	5801
Aug 03, 2022	484	4	1273	10376
Aug 04, 2022	522	3	1273	1565
Aug 05, 2022	549	3	1273	0
Aug 06, 2022	538	3	1273	0
Aug 07, 2022	528	3	1273	2540
Aug 08, 2022	535	3	1273	1016
Aug 09, 2022	505	3	1275	12081
Aug 10, 2022	497	2	1166	4031
Aug 11, 2022	503	3	1166	15343
Aug 12, 2022	457	3	1166	1881
Aug 13, 2022	454	4	1166	1976
Aug 14, 2022	445	3	1166	2254
Aug 15, 2022	477	4	1166	2254
Aug 16, 2022	434	3	1167	2254
Aug 17, 2022	409	3	882	2254
Aug 18, 2022	427	3	882	2254
Aug 19, 2022	403	3	882	2254
Aug 20, 2022	390	3	882	4372
Aug 21, 2022	409	3	882	4699
Aug 22, 2022	393	3	882	4699
Aug 23, 2022	381	3	885	4699
Aug 24, 2022	330	3	3315	4699
Aug 25, 2022	302	2	3322	4699
Aug 26, 2022	303	3	3181	4699
Aug 27, 2022	292	2	3271	3793
Aug 28, 2022	304	2	3148	4085
Aug 29, 2022	302	0	3400	4085
Aug 30, 2022	280	0	3237	4085
Aug 31, 2022	263	0	3131	4085
Sep 01, 2022	258	0	3411	4085
Sep 02, 2022	256	0	3454	4085
Sep 03, 2022	247	0	3211	3312
Sep 04, 2022	246	8	2900	3600
Sep 05, 2022	249	0	1983	3600
Sep 06, 2022	223	0	1907	3600
Sep 07, 2022	188	0	2344	3600
Sep 08, 2022	178	0	2004	3600
Sep 09, 2022	178	0	2096	4234
Sep 10, 2022	175	0	879	3824
Sep 11, 2022	183	8	0	2619
Sep 12, 2022	189	0	0	3668
Sep 13, 2022	173	0	0	3668
Sep 14, 2022	168	0	0	3668
Sep 15, 2022	163	0	0	3668
Sep 16, 2022	152	0	0	3275
Sep 17, 2022	148	0	4601	3269
Sep 18, 2022	150	8	0	3269
Sep 19, 2022	152	0	0	3269
Sep 20, 2022	152	0	0	3269
Sep 21, 2022	138	0	0	3269
Sep 22, 2022	134	0	0	3269
Sep 23, 2022	130	0	0	3270
Sep 24, 2022	130	0	2966	2726
Sep 25, 2022	132	9	0	2978
Sep 26, 2022	133	0	0	2978
Sep 27, 2022	124	0	0	2978
Sep 28, 2022	107	0	0	2978
Sep 29, 2022	101	0	0	2978
Sep 30, 2022	93	0	0	2978
Oct 01, 2022	87	0	2528	2623
Oct 02, 2022	84	10	0	5246
Oct 03, 2022	84	0	0	-226
Oct 04, 2022	84	0	0	2623
Oct 05, 2022	84	0	0	2623
Oct 06, 2022	86	0	0	2623
Oct 07, 2022	83	0	0	5260
Oct 08, 2022	81	0	2617	-176
Oct 09, 2022	79	0	0	2634
Oct 10, 2022	78	10	0	2634
Oct 11, 2022	78	0	0	2634
Oct 12, 2022	72	0	0	2634
Oct 13, 2022	72	0	0	2634
Oct 14, 2022	72	0	0	5111
Oct 15, 2022	74	0	2703	-295
Oct 16, 2022	77	12	0	2475
Oct 17, 2022	76	0	0	2475
Oct 18, 2022	74	0	0	2475
Oct 19, 2022	74	0	0	2475
Oct 20, 2022	74	0	0	2475
Oct 21, 2022	70	0	0	2477
Oct 22, 2022	68	0	0	2256
Oct 23, 2022	66	7	2448	2592
Oct 24, 2022	70	0	0	2592
Oct 25, 2022	67	0	0	2592
Oct 26, 2022	64	0	0	2592
Oct 27, 2022	65	0	0	2592
Oct 28, 2022	66	0	0	2591
Oct 29, 2022	67	0	2733	2390
Oct 30, 2022	70	8	0	2754
Oct 31, 2022	67	0	0	2754
Nov 01, 2022	66	0	0	2754
Nov 02, 2022	65	0	0	2754
Nov 03, 2022	67	0	0	2754
Nov 04, 2022	66	0	0	2756
Nov 05, 2022	67	0	2538	3197
Nov 06, 2022	71	5	0	6394
Nov 07, 2022	71	0	0	-321
Nov 08, 2022	70	0	0	3197
Nov 09, 2022	70	0	0	3197
Nov 10, 2022	78	0	0	3197
Nov 11, 2022	76	0	0	3200
Nov 12, 2022	80	8	2779	3063
Nov 13, 2022	80	0	0	3063
Nov 14, 2022	78	0	0	6126
Nov 15, 2022	80	0	0	-408
Nov 16, 2022	80	0	0	3063
Nov 17, 2022	77	0	0	3063
Nov 18, 2022	73	0	0	3067
Nov 19, 2022	71	13	3552	3163
Nov 20, 2022	67	0	0	6326
Nov 21, 2022	73	0	0	-350
Nov 22, 2022	73	0	0	3163
Nov 23, 2022	79	0	0	3163
Nov 24, 2022	83	0	0	3163
Nov 25, 2022	81	0	4031	3164
Nov 26, 2022	84	13	0	2291
Nov 27, 2022	89	0	0	4582
Nov 28, 2022	90	19	0	-313
Nov 29, 2022	87	0	0	2291
Nov 30, 2022	89	0	0	2291
Dec 01, 2022	85	0	0	2291
Dec 02, 2022	98	0	5190	2291
Dec 03, 2022	100	0	0	2291
Dec 04, 2022	109	0	0	4739
Dec 05, 2022	114	0	0	-263
Dec 06, 2022	107	0	0	2449
Dec 07, 2022	103	0	0	2449
Dec 08, 2022	112	0	0	2449
Dec 09, 2022	137	0	5155	2449
Dec 10, 2022	144	19	0	2449
Dec 11, 2022	145	0	4960	4898
Dec 12, 2022	143	0	0	-309
Dec 13, 2022	136	0	0	2240
Dec 14, 2022	128	19	0	2239
Dec 15, 2022	117	0	0	2240
Dec 16, 2022	135	0	0	2239
Dec 17, 2022	149	0	0	2240
Dec 18, 2022	155	0	0	2239
Dec 19, 2022	171	0	0	2240
Dec 20, 2022	170	0	0	1926
Dec 21, 2022	157	16	0	2219
Dec 22, 2022	166	0	0	2218
Dec 23, 2022	185	0	5712	2219
Dec 24, 2022	183	0	0	2218
Dec 25, 2022	197	0	0	2219
Dec 26, 2022	203	0	0	2218
Dec 27, 2022	187	0	4857	1808
Dec 28, 2022	207	0	0	2111
Dec 29, 2022	167	0	0	2111
Dec 30, 2022	169	0	0	2111
Dec 31, 2022	161	0	0	2111
Jan 01, 2023	167	0	0	2111
Jan 02, 2023	154	0	0	2111
Jan 03, 2023	148	0	3805	2541
Jan 04, 2023	148	0	0	2541
Jan 05, 2023	141	23	0	2541
Jan 06, 2023	152	0	0	2540
Jan 07, 2023	149	0	0	2541
Jan 08, 2023	152	0	0	5082
Jan 09, 2023	160	0	0	-618
Jan 10, 2023	159	0	0	2361
Jan 11, 2023	150	0	0	2361
Jan 12, 2023	150	14	0	2361
Jan 13, 2023	149	0	0	2361
Jan 14, 2023	145	0	0	2361
Jan 15, 2023	135	0	0	4722
Jan 16, 2023	133	0	0	-305
Jan 17, 2023	128	0	0	2557
Jan 18, 2023	111	0	4201	2558
Jan 19, 2023	105	19	0	2557
Jan 20, 2023	110	0	0	2558
Jan 21, 2023	111	0	0	2557
Jan 22, 2023	109	0	0	5115
Jan 23, 2023	114	0	0	-264
Jan 24, 2023	113	0	0	2402
Jan 25, 2023	109	0	4207	2401
Jan 26, 2023	114	0	0	2402
Jan 27, 2023	112	16	0	2401
Jan 28, 2023	110	0	0	2402
Jan 29, 2023	106	0	0	4803
Jan 30, 2023	112	0	0	-245
Jan 31, 2023	109	0	0	2314
Feb 01, 2023	97	0	4471	2313
Feb 02, 2023	104	0	0	2314
Feb 03, 2023	105	15	0	2314
Feb 04, 2023	100	0	0	2314
Feb 05, 2023	96	0	0	4627
Feb 06, 2023	98	0	0	-249
Feb 07, 2023	93	0	0	2358
Feb 08, 2023	91	0	0	2358
Feb 09, 2023	87	21	5109	2358
Feb 10, 2023	85	0	0	2359
Feb 11, 2023	85	0	0	2358
Feb 12, 2023	83	0	0	2358
Feb 13, 2023	86	0	0	2358
Feb 14, 2023	82	0	0	1830
Feb 15, 2023	80	0	0	2064
Feb 16, 2023	75	25	5561	2064
Feb 17, 2023	79	0	0	2063
Feb 18, 2023	78	0	0	2064
Feb 19, 2023	79	0	0	2064
Feb 20, 2023	81	0	0	3639
Feb 21, 2023	72	0	0	-198
Feb 22, 2023	75	0	4926	1576
Feb 23, 2023	80	18	0	1575
Feb 24, 2023	79	0	0	1575
Feb 25, 2023	83	0	0	1575
Feb 26, 2023	82	0	0	1576
Feb 27, 2023	92	0	0	1575
Feb 28, 2023	91	0	0	1341
Mar 01, 2023	93	0	4423	1530
Mar 02, 2023	91	17	0	1529
Mar 03, 2023	91	0	0	1530
Mar 04, 2023	88	0	0	1529
Mar 05, 2023	87	0	0	1530
Mar 06, 2023	90	0	0	2971
Mar 07, 2023	86	0	0	-198
Mar 08, 2023	83	0	3587	1441
Mar 09, 2023	80	0	0	1442
Mar 10, 2023	79	0	0	1441
Mar 11, 2023	78	0	0	1442
Mar 12, 2023	82	0	0	1441
Mar 13, 2023	90	0	0	2972
Mar 14, 2023	84	0	0	-177
Mar 15, 2023	88	0	3587	1530
Mar 16, 2023	85	0	0	1530
Mar 17, 2023	89	0	0	1530
Mar 18, 2023	90	0	0	1530
Mar 19, 2023	90	0	0	1530
Mar 20, 2023	96	0	67	2871
Mar 21, 2023	94	13	0	-176
Mar 22, 2023	95	0	0	1341
Mar 23, 2023	96	0	0	1341
Mar 24, 2023	103	0	0	1340
Mar 25, 2023	98	0	0	1341
Mar 26, 2023	99	0	0	1341
Mar 27, 2023	95	0	0	2693
Mar 28, 2023	91	12	0	-130
Mar 29, 2023	91	0	0	1353
Mar 30, 2023	87	0	0	1352
Mar 31, 2023	93	0	0	1352
Apr 01, 2023	90	0	0	1352
Apr 02, 2023	95	0	0	1353
Apr 03, 2023	102	0	1231	2589
Apr 04, 2023	100	0	0	-191
Apr 05, 2023	106	0	0	1238
Apr 06, 2023	101	0	0	1237
Apr 07, 2023	100	11	0	1238
Apr 08, 2023	100	0	0	1237
Apr 09, 2023	91	0	0	1238
Apr 10, 2023	99	0	1113	1237
Apr 11, 2023	103	0	0	1255
Apr 12, 2023	104	0	0	2509
Apr 13, 2023	112	0	0	-126
Apr 14, 2023	116	4	0	1254
Apr 15, 2023	120	0	0	1255
Apr 16, 2023	124	0	0	1254
Apr 17, 2023	131	0	0	1255
Apr 18, 2023	113	0	0	1098
Apr 19, 2023	130	0	0	1097
Apr 20, 2023	131	0	928	1098
Apr 21, 2023	117	0	0	1098
Apr 22, 2023	124	0	0	1098
Apr 23, 2023	136	0	0	1097
Apr 24, 2023	136	0	0	1098
Apr 25, 2023	136	8	0	1219
Apr 26, 2023	136	0	0	1219
Apr 27, 2023	135	0	965	1219
Apr 28, 2023	136	0	0	1220
Apr 29, 2023	147	0	0	1219
Apr 30, 2023	147	0	0	1219
May 01, 2023	154	0	0	1219
May 02, 2023	168	0	0	1003
May 03, 2023	138	0	0	1004
May 04, 2023	148	0	0	1003
May 05, 2023	159	5	0	1004
May 06, 2023	165	0	0	1003
May 07, 2023	168	0	0	1004
May 08, 2023	172	0	2024	1003
May 09, 2023	162	0	0	0
May 10, 2023	174	0	0	0
May 11, 2023	165	0	0	0
May 12, 2023	169	3	0	0
May 13, 2023	157	0	0	0
May 14, 2023	166	0	0	0
May 15, 2023	151	0	0	0
May 16, 2023	149	0	0	-54
May 17, 2023	158	0	0	0
May 18, 2023	170	0	906	0
May 19, 2023	171	2	0	0
May 20, 2023	178	0	0	0
May 21, 2023	187	0	0	0
May 22, 2023	187	0	0	0
May 23, 2023	188	0	0	0
May 24, 2023	183	0	0	0
May 25, 2023	204	0	902	-58
May 26, 2023	214	2	0	0
May 27, 2023	208	0	0	0
May 28, 2023	207	0	0	0
May 29, 2023	210	0	0	0
May 30, 2023	184	0	0	-66
May 31, 2023	174	0	0	0
Jun 01, 2023	177	0	772	0
Jun 02, 2023	181	16	0	0
Jun 03, 2023	180	0	0	0
Jun 04, 2023	196	0	0	0
Jun 05, 2023	193	0	0	0
Jun 06, 2023	178	0	0	7833
Jun 07, 2023	168	0	0	-220
Jun 08, 2023	152	0	805	4111
Jun 09, 2023	155	0	0	4090
Jun 10, 2023	159	9	0	4343
Jun 11, 2023	153	0	0	4112
Jun 12, 2023	159	0	0	3574
Jun 13, 2023	158	0	0	1112
Jun 14, 2023	157	0	0	-106
Jun 15, 2023	145	0	1650	556
Jun 16, 2023	163	0	0	556
Jun 17, 2023	147	6	0	556
Jun 18, 2023	157	0	0	556
Jun 19, 2023	155	0	0	1073
Jun 20, 2023	139	0	0	-53
Jun 21, 2023	135	0	0	518
Jun 22, 2023	123	0	0	517
Jun 23, 2023	127	0	632	518
Jun 24, 2023	123	11	0	517
Jun 25, 2023	128	0	0	518
Jun 26, 2023	128	0	0	1143
Jun 27, 2023	120	0	0	-56
Jun 28, 2023	126	0	0	625
Jun 29, 2023	128	0	0	626
Jun 30, 2023	132	0	329	625
Jul 01, 2023	123	0	0	626
Jul 02, 2023	116	0	0	625
Jul 03, 2023	116	0	0	626
Jul 04, 2023	104	0	0	457
Jul 05, 2023	107	0	0	914
Jul 06, 2023	117	0	0	-52
Jul 07, 2023	113	0	311	457
Jul 08, 2023	111	0	0	457
Jul 09, 2023	103	0	0	457
Jul 10, 2023	96	0	0	801
Jul 11, 2023	93	0	0	-134
Jul 12, 2023	88	0	0	345
Jul 13, 2023	82	0	0	344
Jul 14, 2023	88	0	0	345
Jul 15, 2023	88	0	0	344
Jul 16, 2023	75	0	0	345
Jul 17, 2023	84	0	0	624
Jul 18, 2023	81	0	0	-17
Jul 19, 2023	83	0	0	281
Jul 20, 2023	86	0	0	280
Jul 21, 2023	86	0	0	281
Jul 22, 2023	83	0	0	280
Jul 23, 2023	85	0	0	281
Jul 24, 2023	85	0	0	517
Jul 25, 2023	80	0	0	-23
Jul 26, 2023	85	0	0	236
Jul 27, 2023	86	0	0	237
Jul 28, 2023	83	0	0	236
Jul 29, 2023	79	0	0	237
Jul 30, 2023	70	0	0	236
Jul 31, 2023	69	0	0	558
Aug 01, 2023	67	0	0	-61
Aug 02, 2023	66	0	0	321
Aug 03, 2023	65	0	0	321
Aug 04, 2023	65	0	0	320
Aug 05, 2023	68	0	0	321
Aug 06, 2023	69	0	0	321
Aug 07, 2023	70	0	0	321
Aug 08, 2023	68	0	0	152
Aug 09, 2023	69	0	0	305
Aug 10, 2023	71	0	0	-69
Aug 11, 2023	75	0	0	152
Aug 12, 2023	75	0	0	152
Aug 13, 2023	75	0	0	153
Aug 14, 2023	75	0	0	409
Aug 15, 2023	66	0	0	-30
Aug 16, 2023	67	0	0	257
Aug 17, 2023	71	0	0	257
Aug 18, 2023	71	0	0	257
Aug 19, 2023	68	0	0	257
Aug 20, 2023	68	0	0	257
Aug 21, 2023	68	0	0	526
Aug 22, 2023	67	0	0	-53
Aug 23, 2023	67	0	0	273
Aug 24, 2023	67	0	0	273
Aug 25, 2023	65	0	0	273
Aug 26, 2023	65	0	0	273
Aug 27, 2023	65	0	0	273
Aug 28, 2023	65	0	0	564
Aug 29, 2023	65	0	0	-46
Aug 30, 2023	66	0	0	291
Aug 31, 2023	66	0	0	291
Sep 01, 2023	66	0	0	291
Sep 02, 2023	66	0	0	291
Sep 03, 2023	68	0	0	291
Sep 04, 2023	68	0	0	294
Sep 05, 2023	68	0	0	481
Sep 06, 2023	66	0	0	-74
Sep 07, 2023	63	0	0	240
Sep 08, 2023	63	0	0	241
Sep 09, 2023	62	0	0	240
Sep 10, 2023	62	0	0	241
Sep 11, 2023	62	0	0	240
Sep 12, 2023	62	0	0	322
Sep 13, 2023	62	0	0	200
Sep 14, 2023	62	0	0	322
Sep 15, 2023	62	0	0	322
Sep 16, 2023	62	0	0	322
Sep 17, 2023	62	0	0	322
Sep 18, 2023	62	0	0	742
Sep 19, 2023	62	0	0	-103
Sep 20, 2023	62	0	0	425
Sep 21, 2023	62	0	0	425
Sep 22, 2023	62	0	0	425
Sep 23, 2023	62	0	0	425
Sep 24, 2023	62	0	0	425
Sep 25, 2023	62	0	0	1026
Sep 26, 2023	64	0	0	-149
Sep 27, 2023	64	0	0	602
Sep 28, 2023	64	0	0	602
Sep 29, 2023	64	0	0	602
Sep 30, 2023	64	0	0	602
Oct 01, 2023	64	0	0	602
Oct 02, 2023	64	0	0	600
Oct 03, 2023	64	0	0	1526
Oct 04, 2023	64	0	0	-143
Oct 05, 2023	64	0	0	763
Oct 06, 2023	64	0	0	763
Oct 07, 2023	64	0	0	763
Oct 08, 2023	64	0	0	763
Oct 09, 2023	64	0	0	760
Oct 10, 2023	64	0	0	806
Oct 11, 2023	64	0	0	806
Oct 12, 2023	64	0	0	806
Oct 13, 2023	64	0	0	806
Oct 14, 2023	64	0	0	642
Oct 15, 2023	64	0	0	806
Oct 16, 2023	64	0	0	1767
Oct 17, 2023	64	0	0	-176
Oct 18, 2023	64	0	0	963
Oct 19, 2023	64	0	0	963
Oct 20, 2023	64	0	0	963
Oct 21, 2023	63	0	0	963
Oct 22, 2023	63	0	0	963
Oct 23, 2023	63	0	0	2278
Oct 24, 2023	63	0	0	-222
Oct 25, 2023	63	0	0	1321
Oct 26, 2023	63	0	0	1321
Oct 27, 2023	63	0	0	1321
Oct 28, 2023	63	0	0	1321
Oct 29, 2023	63	0	0	1321
Oct 30, 2023	63	0	0	2637
Oct 31, 2023	63	0	0	-236
Nov 01, 2023	63	0	0	1334
Nov 02, 2023	63	0	0	1334
Nov 03, 2023	63	0	0	1334
Nov 04, 2023	63	0	0	1334
Nov 05, 2023	67	0	0	1334
Nov 06, 2023	67	0	0	1334
Nov 07, 2023	67	0	0	1334
Nov 08, 2023	67	0	0	1166
Nov 09, 2023	67	0	0	1773
Nov 10, 2023	67	0	0	1773
Nov 11, 2023	67	0	0	1773
Nov 12, 2023	67	0	0	1773
Nov 13, 2023	67	0	0	1773
Nov 14, 2023	67	0	0	1771
Nov 15, 2023	67	0	0	1136
Nov 16, 2023	67	0	0	1136
Nov 17, 2023	67	0	0	1136
Nov 18, 2023	67	0	0	1136
Nov 19, 2023	67	0	0	1136
Nov 20, 2023	67	0	0	1136
Nov 21, 2023	67	0	0	2486
Nov 22, 2023	67	0	0	-373
Nov 23, 2023	67	0	0	1353
Nov 24, 2023	67	0	0	1353
Nov 25, 2023	67	0	0	1353
Nov 26, 2023	76	0	0	1353
Nov 27, 2023	76	0	0	1353
Nov 28, 2023	76	0	0	1351
Nov 29, 2023	76	0	0	2456
Nov 30, 2023	76	0	0	-242
Dec 01, 2023	76	0	0	1228
Dec 02, 2023	64	0	0	1228
Dec 03, 2023	64	0	0	1228
Dec 04, 2023	64	0	0	1228
Dec 05, 2023	64	0	0	1226
Dec 06, 2023	64	0	0	3052
Dec 07, 2023	64	0	0	0
Dec 08, 2023	64	0	0	1526
Dec 09, 2023	64	0	0	1527
Dec 10, 2023	64	0	0	1526
Dec 11, 2023	64	0	0	1526
Dec 12, 2023	64	0	0	1526
Dec 13, 2023	64	0	0	1448
Dec 14, 2023	64	0	0	0
Dec 15, 2023	64	0	0	1233
Dec 16, 2023	64	0	0	1233
Dec 17, 2023	64	0	0	1233
Dec 18, 2023	64	0	0	1232
Dec 19, 2023	64	0	0	1233
Dec 20, 2023	64	0	0	2125
Dec 21, 2023	66	0	0	2125
Dec 22, 2023	64	0	0	2125
Dec 23, 2023	64	0	0	2125
Dec 24, 2023	64	0	0	2125
Dec 25, 2023	64	0	0	4249
Dec 26, 2023	64	0	0	-253
Dec 27, 2023	64	0	0	1603
Dec 28, 2023	64	0	0	1603
Dec 29, 2023	64	0	0	1603
Dec 30, 2023	64	0	0	1603
Dec 31, 2023	64	0	0	1603
Jan 01, 2024	69	0	0	1603
Jan 02, 2024	69	0	0	1603
Jan 03, 2024	69	0	0	3418
Jan 04, 2024	69	0	0	-203
Jan 05, 2024	69	0	0	1709
Jan 06, 2024	69	0	0	1709
Jan 07, 2024	69	0	0	1709
Jan 08, 2024	69	0	0	1709
Jan 09, 2024	69	0	0	3465
Jan 10, 2024	69	0	0	-284
Jan 11, 2024	63	0	0	1753
Jan 12, 2024	63	0	0	1753
Jan 13, 2024	63	0	0	1753
Jan 14, 2024	63	0	0	1753
Jan 15, 2024	63	0	0	2576
Jan 16, 2024	65	0	0	3000
Jan 17, 2024	65	0	0	-242
Jan 18, 2024	65	0	0	1500
Jan 19, 2024	65	0	0	1500
Jan 20, 2024	65	0	0	1500
Jan 21, 2024	65	0	0	1500
Jan 22, 2024	65	0	0	1500
Jan 23, 2024	69	0	0	3000
Jan 24, 2024	69	0	0	-195
Jan 25, 2024	69	0	0	1800
Jan 26, 2024	69	0	0	1800
Jan 27, 2024	69	0	0	1800
Jan 28, 2024	69	0	0	1800
Jan 29, 2024	69	0	0	1800
Jan 30, 2024	67	0	0	3600
Jan 31, 2024	67	0	0	-194
Feb 01, 2024	67	0	0	2917
Feb 02, 2024	67	0	0	1452
Feb 03, 2024	67	0	0	1452
Feb 04, 2024	67	0	0	1452
Feb 05, 2024	67	0	0	1452
Feb 06, 2024	73	0	0	2873
Feb 07, 2024	73	0	0	-165
Feb 08, 2024	73	0	0	1430
Feb 09, 2024	73	0	0	1430
Feb 10, 2024	73	0	0	1430
Feb 11, 2024	73	0	0	1430
Feb 12, 2024	73	0	0	1430
Feb 13, 2024	73	0	0	2701
Feb 14, 2024	70	0	0	-148
Feb 15, 2024	70	0	0	1260
Feb 16, 2024	70	0	0	1260
Feb 17, 2024	70	0	0	1260
Feb 18, 2024	70	0	0	1260
Feb 19, 2024	70	0	0	1260
Feb 20, 2024	70	0	0	2116
Feb 21, 2024	70	NA	0	-130
Feb 22, 2024	62	NA	0	840
Feb 23, 2024	62	NA	0	840
Feb 24, 2024	62	NA	0	840
Feb 25, 2024	62	NA	0	840
Feb 26, 2024	62	NA	0	840
Feb 27, 2024	66	NA	0	2172
Feb 28, 2024	66	NA	0	-127
Feb 29, 2024	66	NA	0	665
Mar 01, 2024	66	NA	0	665
Mar 02, 2024	66	NA	0	665
Mar 03, 2024	66	NA	0	665
Mar 04, 2024	66	NA	0	665
Mar 05, 2024	66	NA	NA	1314
Mar 06, 2024	66	NA	NA	-85
Mar 07, 2024	66	NA	NA	645
Mar 08, 2024	66	NA	NA	645
Mar 09, 2024	66	NA	NA	645
Mar 10, 2024	66	NA	NA	645
Mar 11, 2024	66	NA	NA	645
Mar 12, 2024	63	NA	NA	645
Mar 13, 2024	63	NA	NA	1127
Mar 14, 2024	63	NA	NA	-83
Mar 15, 2024	63	NA	NA	561
Mar 16, 2024	63	NA	NA	561
Mar 17, 2024	63	NA	NA	561
Mar 18, 2024	63	NA	NA	561
Mar 19, 2024	62	NA	NA	561
Mar 20, 2024	62	NA	NA	513
Mar 21, 2024	62	NA	NA	508
Mar 22, 2024	62	NA	NA	508
Mar 23, 2024	62	NA	NA	508
Mar 24, 2024	62	NA	NA	NA
