Dates	Active	Deaths	Newcases	recover
Feb 15, 2020	7	0	0	0
Feb 16, 2020	7	0	0	0
Feb 17, 2020	7	0	0	0
Feb 18, 2020	7	0	0	0
Feb 19, 2020	7	0	0	1
Feb 20, 2020	6	0	1	0
Feb 21, 2020	7	0	0	0
Feb 22, 2020	7	0	0	0
Feb 23, 2020	7	0	1	0
Feb 24, 2020	8	0	0	0
Feb 25, 2020	8	0	0	0
Feb 26, 2020	8	0	1	0
Feb 27, 2020	9	0	3	0
Feb 28, 2020	12	0	0	0
Feb 29, 2020	12	0	1	0
Mar 01, 2020	13	0	5	0
Mar 02, 2020	18	0	3	0
Mar 03, 2020	21	0	0	0
Mar 04, 2020	21	0	9	0
Mar 05, 2020	30	0	4	0
Mar 06, 2020	34	0	4	0
Mar 07, 2020	38	0	9	0
Mar 08, 2020	47	0	4	0
Mar 09, 2020	51	0	33	0
Mar 10, 2020	84	0	19	0
Mar 11, 2020	103	0	22	0
Mar 12, 2020	125	0	35	1
Mar 13, 2020	159	1	29	0
Mar 14, 2020	188	0	40	0
Mar 15, 2020	228	0	73	0
Mar 16, 2020	301	0	94	2
Mar 17, 2020	393	3	125	2
Mar 18, 2020	516	1	136	4
Mar 19, 2020	648	5	168	1
Mar 20, 2020	814	2	209	0
Mar 21, 2020	1023	1	252	5
Mar 22, 2020	1270	3	350	6
Mar 23, 2020	1614	1	420	5
Mar 24, 2020	2026	4	423	6
Mar 25, 2020	2442	8	519	9
Mar 26, 2020	2947	9	432	18
Mar 27, 2020	3359	5	476	9
Mar 28, 2020	3825	6	528	14
Mar 29, 2020	4336	7	551	33
Mar 30, 2020	4853	8	737	43
Mar 31, 2020	5543	8	694	32
Apr 01, 2020	6197	8	724	79
Apr 02, 2020	6833	9	600	54
Apr 03, 2020	7374	8	428	52
Apr 04, 2020	7744	6	584	101
Apr 05, 2020	8220	6	449	118
Apr 06, 2020	8543	9	376	120
Apr 07, 2020	8791	8	340	106
Apr 08, 2020	9017	13	340	110
Apr 09, 2020	9238	7	355	125
Apr 10, 2020	9460	9	342	120
Apr 11, 2020	9676	11	551	258
Apr 12, 2020	9963	8	437	278
Apr 13, 2020	10113	6	394	286
Apr 14, 2020	10213	10	305	276
Apr 15, 2020	10229	3	296	328
Apr 16, 2020	10190	4	297	356
Apr 17, 2020	10122	3	288	249
Apr 18, 2020	10150	3	274	380
Apr 19, 2020	10036	2	297	448
Apr 20, 2020	9879	4	279	372
Apr 21, 2020	9776	5	226	391
Apr 22, 2020	9608	6	275	329
Apr 23, 2020	9550	6	249	337
Apr 24, 2020	9459	4	159	375
Apr 25, 2020	9240	3	82	431
Apr 26, 2020	8889	3	127	467
Apr 27, 2020	8545	3	161	564
Apr 28, 2020	8137	2	82	350
Apr 29, 2020	7863	1	143	426
Apr 30, 2020	7574	1	116	423
May 01, 2020	7263	6	57	278
May 02, 2020	7039	3	27	286
May 03, 2020	6777	4	55	257
May 04, 2020	6572	5	33	318
May 05, 2020	6285	3	65	261
May 06, 2020	6088	3	61	225
May 07, 2020	5923	3	33	222
May 08, 2020	5728	0	20	91
May 09, 2020	5654	3	29	168
May 10, 2020	5511	4	39	327
May 11, 2020	5218	3	23	258
May 12, 2020	4980	2	39	177
May 13, 2020	4839	1	22	240
May 14, 2020	4618	0	12	160
May 15, 2020	4470	0	5	102
May 16, 2020	4370	0	15	150
May 17, 2020	4231	1	27	274
May 18, 2020	3981	2	22	152
May 19, 2020	3849	0	15	109
May 20, 2020	3754	2	18	122
May 21, 2020	3650	1	19	162
May 22, 2020	3507	0	5	44
May 23, 2020	3468	0	13	115
May 24, 2020	3365	0	22	132
May 25, 2020	3253	3	50	91
May 26, 2020	3212	2	40	60
May 27, 2020	3190	1	77	113
May 28, 2020	3153	0	113	39
May 29, 2020	3227	1	29	41
May 30, 2020	3215	4	87	61
May 31, 2020	3241	2	100	67
Jun 01, 2020	3271	0	121	53
Jun 02, 2020	3337	1	96	27
Jun 03, 2020	3405	1	142	42
Jun 04, 2020	3505	0	127	37
Jun 05, 2020	3594	0	78	24
Jun 06, 2020	3644	1	140	42
Jun 07, 2020	3740	2	179	39
Jun 08, 2020	3880	0	174	46
Jun 09, 2020	4007	1	241	52
Jun 10, 2020	4195	0	192	55
Jun 11, 2020	4332	0	184	53
Jun 12, 2020	4463	1	149	41
Jun 13, 2020	4570	1	137	50
Jun 14, 2020	4655	0	200	88
Jun 15, 2020	4767	1	298	51
Jun 16, 2020	5013	2	269	48
Jun 17, 2020	5234	3	303	50
Jun 18, 2020	5487	4	311	57
Jun 19, 2020	5740	3	161	37
Jun 20, 2020	5863	3	174	49
Jun 21, 2020	5988	2	344	60
Jun 22, 2020	6271	0	452	84
Jun 23, 2020	6637	1	486	72
Jun 24, 2020	7048	3	516	76
Jun 25, 2020	7484	1	464	130
Jun 26, 2020	7815	3	397	50
Jun 27, 2020	8159	5	383	139
Jun 28, 2020	8401	2	759	166
Jun 29, 2020	8994	8	789	127
Jun 30, 2020	9655	5	968	99
Jul 01, 2020	10521	5	1154	124
Jul 02, 2020	11550	5	941	119
Jul 03, 2020	12369	4	821	76
Jul 04, 2020	13109	5	825	143
Jul 05, 2020	13789	7	1128	195
Jul 06, 2020	14714	4	1384	174
Jul 07, 2020	15919	7	1329	226
Jul 08, 2020	17017	6	1521	225
Jul 09, 2020	18308	9	1407	212
Jul 10, 2020	19499	12	1169	191
Jul 11, 2020	20472	8	1236	336
Jul 12, 2020	21365	10	1717	362
Jul 13, 2020	22716	12	1601	314
Jul 14, 2020	23996	9	1873	361
Jul 15, 2020	25502	6	1936	508
Jul 16, 2020	26921	16	1601	481
Jul 17, 2020	28029	8	1445	447
Jul 18, 2020	29019	7	1016	517
Jul 19, 2020	29508	11	1887	626
Jul 20, 2020	30757	7	2004	641
Jul 21, 2020	32111	8	2041	3717
Jul 22, 2020	30429	15	1988	6721
Jul 23, 2020	25680	15	1824	1590
Jul 24, 2020	25906	14	1110	588
Jul 25, 2020	26421	14	1040	2730
Jul 26, 2020	24720	12	2048	1758
Jul 27, 2020	25003	15	2120	1550
Jul 28, 2020	25565	11	1957	1394
Jul 29, 2020	26113	10	1786	1680
Jul 30, 2020	26204	9	1359	1295
Jul 31, 2020	26254	12	623	535
Aug 01, 2020	26328	13	708	2431
Aug 02, 2020	24593	8	1799	1786
Aug 03, 2020	24591	15	1726	1646
Aug 04, 2020	24660	11	1686	1479
Aug 05, 2020	24857	16	1675	1744
Aug 06, 2020	24779	16	1762	1209
Aug 07, 2020	25320	12	755	605
Aug 08, 2020	25457	10	923	2331
Aug 09, 2020	24041	20	1697	1394
Aug 10, 2020	24329	4	1823	985
Aug 11, 2020	25156	14	1617	1135
Aug 12, 2020	25622	12	1641	1305
Aug 13, 2020	25942	14	1389	986
Aug 14, 2020	26333	13	754	567
Aug 15, 2020	26510	10	1069	2218
Aug 16, 2020	25341	13	1651	1190
Aug 17, 2020	25798	16	1648	1114
Aug 18, 2020	26318	19	1639	1478
Aug 19, 2020	26467	11	1485	1429
Aug 20, 2020	26509	11	1492	1037
Aug 21, 2020	26951	13	710	663
Aug 22, 2020	26988	5	964	2116
Aug 23, 2020	25823	14	1901	1399
Aug 24, 2020	26309	23	1958	797
Aug 25, 2020	27451	15	1984	3638
Aug 26, 2020	25786	13	2106	1511
Aug 27, 2020	26370	16	1833	1831
Aug 28, 2020	26359	12	909	708
Aug 29, 2020	26555	15	1100	2259
Aug 30, 2020	25382	12	2171	1469
Aug 31, 2020	26061	17	2254	1008
Sep 01, 2020	27292	20	3194	1398
Sep 02, 2020	29075	15	2664	1798
Sep 03, 2020	29925	14	2623	1191
Sep 04, 2020	31345	20	1504	885
Sep 05, 2020	31949	15	2175	2396
Sep 06, 2020	31716	17	3386	1594
Sep 07, 2020	33491	20	3487	1430
Sep 08, 2020	35528	16	3991	1463
Sep 09, 2020	38041	26	4158	1975
Sep 10, 2020	40210	17	3971	1772
Sep 11, 2020	42389	21	2716	1261
Sep 12, 2020	43829	28	3171	3268
Sep 13, 2020	43715	21	4804	2400
Sep 14, 2020	46099	32	5528	2267
Sep 15, 2020	49344	25	4568	2789
Sep 16, 2020	51097	25	5378	3712
Sep 17, 2020	52746	31	5333	2842
Sep 18, 2020	55216	29	3809	1438
Sep 19, 2020	57559	27	2576	2475
Sep 20, 2020	57639	31	3869	4652
Sep 21, 2020	56824	29	7018	3503
Sep 22, 2020	60314	35	7142	3811
Sep 23, 2020	63620	37	8259	4587
Sep 24, 2020	67261	46	8387	4133
Sep 25, 2020	71486	25	5880	2392
Sep 26, 2020	74947	38	3436	5683
Sep 27, 2020	72669	37	1154	2166
Sep 28, 2020	71628	27	4989	5784
Sep 29, 2020	70798	45	9049	5139
Sep 30, 2020	74671	26	7721	5756
Oct 01, 2020	76590	47	7054	5581
Oct 02, 2020	78038	40	2595	3489
Oct 03, 2020	77106	35	2936	8108
Oct 04, 2020	71897	45	5710	6963
Oct 05, 2020	70617	30	4718	6418
Oct 06, 2020	68872	37	4154	4897
Oct 07, 2020	68103	34	3752	4802
Oct 08, 2020	67006	32	2954	5090
Oct 09, 2020	64830	35	916	3784
Oct 10, 2020	61927	32	1638	7553
Oct 11, 2020	55967	33	3154	5511
Oct 12, 2020	53580	31	2335	5716
Oct 13, 2020	50162	20	2118	5830
Oct 14, 2020	46416	25	1610	5411
Oct 15, 2020	42583	29	1496	3477
Oct 16, 2020	40567	26	410	2504
Oct 17, 2020	38441	26	923	4897
Oct 18, 2020	34434	34	1515	2330
Oct 19, 2020	33588	28	1192	1792
Oct 20, 2020	32968	28	1170	3123
Oct 21, 2020	30990	10	1032	3111
Oct 22, 2020	28882	19	848	2426
Oct 23, 2020	27278	12	247	1303
Oct 24, 2020	26196	25	604	2671
Oct 25, 2020	24095	19	884	1285
Oct 26, 2020	23666	15	885	958
Oct 27, 2020	23565	26	724	1291
Oct 28, 2020	22988	15	647	1440
Oct 29, 2020	22176	14	681	1059
Oct 30, 2020	21786	16	228	796
Oct 31, 2020	21193	8	657	1510
Nov 01, 2020	20321	7	792	911
Nov 02, 2020	20187	8	844	726
Nov 03, 2020	20279	10	769	630
Nov 04, 2020	20403	7	568	843
Nov 05, 2020	20114	12	689	887
Nov 06, 2020	19900	5	212	681
Nov 07, 2020	19423	11	535	679
Nov 08, 2020	19272	14	723	920
Nov 09, 2020	19067	9	674	336
Nov 10, 2020	19395	12	768	1080
Nov 11, 2020	19076	7	837	1205
Nov 12, 2020	18696	8	761	733
Nov 13, 2020	18719	6	292	419
Nov 14, 2020	18581	12	627	965
Nov 15, 2020	18229	16	874	656
Nov 16, 2020	18438	7	830	577
Nov 17, 2020	18679	5	797	792
Nov 18, 2020	18677	5	771	752
Nov 19, 2020	18688	9	772	668
Nov 20, 2020	18786	7	423	448
Nov 21, 2020	18749	9	763	998
Nov 22, 2020	18498	10	961	652
Nov 23, 2020	18800	6	859	543
Nov 24, 2020	19111	10	1082	842
Nov 25, 2020	19346	5	1086	923
Nov 26, 2020	19500	10	1033	684
Nov 27, 2020	19842	9	583	414
Nov 28, 2020	20002	10	1026	1102
Nov 29, 2020	19916	8	1257	731
Nov 30, 2020	20436	7	1200	697
Dec 01, 2020	20929	12	1589	839
Dec 02, 2020	21674	13	1450	1423
Dec 03, 2020	21691	13	1515	860
Dec 04, 2020	22337	11	1000	590
Dec 05, 2020	22737	16	1359	1394
Dec 06, 2020	22694	9	1864	907
Dec 07, 2020	23644	11	1771	892
Dec 08, 2020	24511	15	1868	1022
Dec 09, 2020	25344	15	2009	1432
Dec 10, 2020	25908	17	1835	1144
Dec 11, 2020	26588	16	1297	916
Dec 12, 2020	26953	20	1727	1901
Dec 13, 2020	26770	18	2322	1264
Dec 14, 2020	27817	16	2894	1201
Dec 15, 2020	29495	13	2860	1619
Dec 16, 2020	30721	25	2848	1948
Dec 17, 2020	31604	15	2793	1551
Dec 18, 2020	32830	21	1889	1080
Dec 19, 2020	33619	23	3096	2557
Dec 20, 2020	34140	21	3861	1555
Dec 21, 2020	36430	32	4380	1624
Dec 22, 2020	39173	25	4044	2022
Dec 23, 2020	41170	16	4048	2861
Dec 24, 2020	42342	36	4005	2393
Dec 25, 2020	43933	34	2660	1800
Dec 26, 2020	44770	27	3534	4195
Dec 27, 2020	44088	26	5525	2471
Dec 28, 2020	47110	38	5633	2380
Dec 29, 2020	50338	23	5871	3721
Dec 30, 2020	52472	43	5869	4253
Dec 31, 2020	54052	48	6014	3445
Jan 01, 2021	56587	46	4212	2034
Jan 02, 2021	58738	20	5233	5560
Jan 03, 2021	58385	43	8424	3079
Jan 04, 2021	63692	28	8233	2954
Jan 05, 2021	68948	55	7884	4773
Jan 06, 2021	72016	57	7664	5847
Jan 07, 2021	73785	59	8162	4831
Jan 08, 2021	77070	52	5165	3073
Jan 09, 2021	79142	47	6955	8338
Jan 10, 2021	77716	56	9731	4836
Jan 11, 2021	82583	46	9299	4567
Jan 12, 2021	87260	43	9474	8006
Jan 13, 2021	88671	56	9301	9181
Jan 14, 2021	88732	47	8431	7985
Jan 15, 2021	89126	65	5086	4270
Jan 16, 2021	89895	52	5661	10890
Jan 17, 2021	84610	75	10122	6163
Jan 18, 2021	88523	60	8634	5501
Jan 19, 2021	91613	53	8364	8763
Jan 20, 2021	91158	61	7272	9966
Jan 21, 2021	88417	49	7387	8454
Jan 22, 2021	87285	45	2447	4171
Jan 23, 2021	85509	38	4940	10536
Jan 24, 2021	79838	51	8720	5617
Jan 25, 2021	82881	46	7819	5088
Jan 26, 2021	85559	61	7749	8663
Jan 27, 2021	84584	57	7198	9205
Jan 28, 2021	82528	48	6776	7538
Jan 29, 2021	81721	34	2628	3538
Jan 30, 2021	80773	51	5240	10093
Jan 31, 2021	75869	44	8930	5117
Feb 01, 2021	79636	30	8025	4401
Feb 02, 2021	83199	42	7462	8183
Feb 03, 2021	82421	32	7266	8133
Feb 04, 2021	81506	30	6601	7243
Feb 05, 2021	80830	41	2660	3050
Feb 06, 2021	80389	29	4605	9709
Feb 07, 2021	75241	37	7857	4986
Feb 08, 2021	78082	16	6167	4919
Feb 09, 2021	79288	42	5677	8238
Feb 10, 2021	76695	27	5041	8730
Feb 11, 2021	72976	35	4675	7209
Feb 12, 2021	70401	22	1890	3390
Feb 13, 2021	68872	26	3489	9605
Feb 14, 2021	62719	25	5199	4867
Feb 15, 2021	63035	15	4582	3736
Feb 16, 2021	63839	35	4169	6501
Feb 17, 2021	61480	27	3337	7469
Feb 18, 2021	57313	23	3794	5897
Feb 19, 2021	55188	22	1255	3377
Feb 20, 2021	53040	30	3112	7384
Feb 21, 2021	48743	21	4811	3650
Feb 22, 2021	49889	18	4443	3166
Feb 23, 2021	51131	21	4374	5355
Feb 24, 2021	50123	17	3820	4992
Feb 25, 2021	48928	17	3820	3739
Feb 26, 2021	48987	18	1443	1561
Feb 27, 2021	48839	20	3058	5646
Feb 28, 2021	46230	16	4866	2731
Mar 01, 2021	48347	21	4387	2919
Mar 02, 2021	49794	15	4670	4585
Mar 03, 2021	49862	17	3658	4772
Mar 04, 2021	48731	18	3709	3970
Mar 05, 2021	48452	12	1876	1914
Mar 06, 2021	48394	16	2363	5692
Mar 07, 2021	45049	26	3796	2670
Mar 08, 2021	46154	17	3128	2921
Mar 09, 2021	46346	16	2842	4573
Mar 10, 2021	44598	14	2553	4974
Mar 11, 2021	42159	9	2413	3889
Mar 12, 2021	40671	12	787	2019
Mar 13, 2021	39423	7	1405	5794
Mar 14, 2021	35008	14	2129	2643
Mar 15, 2021	34477	14	1566	2236
Mar 16, 2021	33791	14	1539	3617
Mar 17, 2021	31699	10	1251	3588
Mar 18, 2021	29353	9	1085	2542
Mar 19, 2021	27884	11	351	1456
Mar 20, 2021	26772	6	681	3484
Mar 21, 2021	23955	13	982	1687
Mar 22, 2021	23236	11	694	736
Mar 23, 2021	23180	13	477	2248
Mar 24, 2021	21399	14	868	2094
Mar 25, 2021	20164	8	530	1493
Mar 26, 2021	19190	15	236	857
Mar 27, 2021	18563	7	130	878
Mar 28, 2021	17802	8	371	1468
Mar 29, 2021	16694	6	448	819
Mar 30, 2021	16310	8	498	1079
Mar 31, 2021	15715	9	335	1063
Apr 01, 2021	14979	9	419	636
Apr 02, 2021	14747	10	124	463
Apr 03, 2021	14401	9	197	1058
Apr 04, 2021	13532	6	383	509
Apr 05, 2021	13400	6	307	492
Apr 06, 2021	13207	13	275	426
Apr 07, 2021	13047	3	212	638
Apr 08, 2021	12612	3	226	577
Apr 09, 2021	12251	5	86	387
Apr 10, 2021	11941	7	141	778
Apr 11, 2021	11298	4	224	359
Apr 12, 2021	11157	3	198	379
Apr 13, 2021	10963	3	195	484
Apr 14, 2021	10671	2	95	261
Apr 15, 2021	10502	2	111	366
Apr 16, 2021	10242	5	83	210
Apr 17, 2021	10108	4	171	547
Apr 18, 2021	9728	1	141	202
Apr 19, 2021	9664	3	170	226
Apr 20, 2021	9605	6	115	234
Apr 21, 2021	9484	0	137	334
Apr 22, 2021	9285	2	111	265
Apr 23, 2021	9126	2	39	114
Apr 24, 2021	9047	2	79	192
Apr 25, 2021	8933	1	98	146
Apr 26, 2021	8882	2	94	150
Apr 27, 2021	8820	2	106	177
Apr 28, 2021	8749	2	97	171
Apr 29, 2021	8673	2	79	131
Apr 30, 2021	8619	2	15	71
May 01, 2021	8561	1	53	217
May 02, 2021	8396	1	76	152
May 03, 2021	8318	2	64	108
May 04, 2021	8272	1	72	139
May 05, 2021	8203	0	53	144
May 06, 2021	8110	2	34	88
May 07, 2021	8054	0	16	64
May 08, 2021	8005	1	33	145
May 09, 2021	7892	1	55	57
May 10, 2021	7888	3	38	86
May 11, 2021	7839	0	28	94
May 12, 2021	7773	0	33	75
May 13, 2021	7729	0	27	64
May 14, 2021	7692	2	20	45
May 15, 2021	7666	0	31	100
May 16, 2021	7596	1	15	18
May 17, 2021	7590	1	23	92
May 18, 2021	7521	1	56	92
May 19, 2021	7485	0	35	75
May 20, 2021	7445	2	22	34
May 21, 2021	7431	1	12	25
May 22, 2021	7418	0	26	86
May 23, 2021	7357	0	30	30
May 24, 2021	7356	0	22	42
May 25, 2021	7335	2	16	36
May 26, 2021	7315	0	14	38
May 27, 2021	7289	1	18	40
May 28, 2021	7266	0	13	17
May 29, 2021	7262	1	3	70
May 30, 2021	7195	0	14	28
May 31, 2021	7181	1	35	36
Jun 01, 2021	7178	1	13	48
Jun 02, 2021	7143	0	10	137
Jun 03, 2021	7015	0	31	12
Jun 04, 2021	7034	0	6	6
Jun 05, 2021	7033	0	4	54
Jun 06, 2021	6983	1	7	52
Jun 07, 2021	6937	0	30	15
Jun 08, 2021	6951	0	7	21
Jun 09, 2021	6937	1	18	32
Jun 10, 2021	6923	0	18	19
Jun 11, 2021	6922	0	5	14
Jun 12, 2021	6913	1	3	28
Jun 13, 2021	6887	0	26	21
Jun 14, 2021	6892	0	26	15
Jun 15, 2021	6903	0	14	10
Jun 16, 2021	6906	0	28	44
Jun 17, 2021	6890	0	35	12
Jun 18, 2021	6913	1	47	9
Jun 19, 2021	6950	0	51	86
Jun 20, 2021	6915	0	125	38
Jun 21, 2021	7002	0	112	10
Jun 22, 2021	7104	0	148	25
Jun 23, 2021	7227	0	240	41
Jun 24, 2021	7426	0	232	16
Jun 25, 2021	7641	0	117	15
Jun 26, 2021	7743	0	145	72
Jun 27, 2021	7816	0	289	57
Jun 28, 2021	8048	0	300	75
Jun 29, 2021	8273	0	320	93
Jun 30, 2021	8500	1	299	164
Jul 01, 2021	8635	2	350	136
Jul 02, 2021	8849	0	189	96
Jul 03, 2021	8942	2	350	286
Jul 04, 2021	9006	3	504	195
Jul 05, 2021	9315	2	534	177
Jul 06, 2021	9672	0	526	245
Jul 07, 2021	9952	3	471	326
Jul 08, 2021	10095	1	540	248
Jul 09, 2021	10387	1	261	133
Jul 10, 2021	10513	2	443	427
Jul 11, 2021	10526	3	765	280
Jul 12, 2021	11009	2	748	328
Jul 13, 2021	11429	2	773	450
Jul 14, 2021	11749	3	870	562
Jul 15, 2021	12056	1	1139	473
Jul 16, 2021	12721	0	439	202
Jul 17, 2021	12956	3	838	644
Jul 18, 2021	13147	4	1390	447
Jul 19, 2021	14088	1	1413	382
Jul 20, 2021	15117	1	1355	642
Jul 21, 2021	15827	6	1289	781
Jul 22, 2021	16334	6	1442	697
Jul 23, 2021	17079	2	973	408
Jul 24, 2021	17641	5	1423	1305
Jul 25, 2021	17755	9	2135	835
Jul 26, 2021	19054	9	2299	898
Jul 27, 2021	20454	10	2193	1149
Jul 28, 2021	21492	5	2179	1360
Jul 29, 2021	22305	16	2454	1231
Jul 30, 2021	23526	14	2103	583
Jul 31, 2021	25041	12	2126	1911
Aug 01, 2021	25247	19	3862	1115
Aug 02, 2021	27985	11	3313	1254
Aug 03, 2021	30034	17	3510	1845
Aug 04, 2021	31694	16	3886	2262
Aug 05, 2021	33302	19	3890	1907
Aug 06, 2021	35271	24	2936	1011
Aug 07, 2021	37184	18	3447	3267
Aug 08, 2021	37345	20	6382	2004
Aug 09, 2021	41712	28	5860	2355
Aug 10, 2021	45200	20	6027	3261
Aug 11, 2021	47950	22	6154	3633
Aug 12, 2021	50452	24	5975	3248
Aug 13, 2021	53155	24	4233	1576
Aug 14, 2021	55794	25	5199	5074
Aug 15, 2021	55899	32	8799	3414
Aug 16, 2021	61256	20	7994	3325
Aug 17, 2021	65905	31	8037	5281
Aug 18, 2021	68639	28	7842	5859
Aug 19, 2021	70598	32	7907	5471
Aug 20, 2021	73010	25	5417	2722
Aug 21, 2021	75680	23	6593	8192
Aug 22, 2021	74049	29	10114	4993
Aug 23, 2021	79150	26	10086	4892
Aug 24, 2021	84313	31	9244	7713
Aug 25, 2021	85816	31	9124	8583
Aug 26, 2021	86325	31	8700	7904
Aug 27, 2021	87096	34	7280	3935
Aug 28, 2021	90418	26	6792	10676
Aug 29, 2021	86505	26	11158	6881
Aug 30, 2021	90756	23	10447	6353
Aug 31, 2021	94819	27	11303	9308
Sep 01, 2021	96783	29	11345	10529
Sep 02, 2021	97568	22	9913	9301
Sep 03, 2021	98146	17	5068	5166
Sep 04, 2021	98022	27	5868	12380
Sep 05, 2021	91484	22	10870	9150
Sep 06, 2021	93181	20	6866	4913
Sep 07, 2021	95107	29	3320	5851
Sep 08, 2021	92547	20	7961	13157
Sep 09, 2021	87329	21	9901	11420
Sep 10, 2021	85793	17	10292	5785
Sep 11, 2021	90273	17	7808	12730
Sep 12, 2021	85329	28	10954	7680
Sep 13, 2021	88583	15	9859	6830
Sep 14, 2021	91583	17	8863	10021
Sep 15, 2021	90405	19	3285	3815
Sep 16, 2021	89854	19	5024	6875
Sep 17, 2021	87986	21	8617	3747
Sep 18, 2021	92839	24	6553	15916
Sep 19, 2021	83448	14	8828	10726
Sep 20, 2021	81535	17	4830	4129
Sep 21, 2021	82219	21	6026	11583
Sep 22, 2021	76643	23	6453	9736
Sep 23, 2021	73341	14	4990	7790
Sep 24, 2021	70520	22	2653	3162
Sep 25, 2021	69987	18	3874	5357
Sep 26, 2021	68490	23	5246	8947
Sep 27, 2021	64772	11	2442	5202
Sep 28, 2021	61991	15	3635	9558
Sep 29, 2021	56045	15	4398	6797
Sep 30, 2021	53632	16	3622	4963
Oct 01, 2021	52269	6	1739	3651
Oct 02, 2021	50339	14	2700	7684
Oct 03, 2021	45332	14	3277	4484
Oct 04, 2021	44114	13	2556	4085
Oct 05, 2021	42570	10	2429	4660
Oct 06, 2021	40324	11	2120	3950
Oct 07, 2021	38478	14	2024	3136
Oct 08, 2021	37360	10	1040	3008
Oct 09, 2021	35378	9	1492	5201
Oct 10, 2021	31655	6	2343	2694
Oct 11, 2021	31291	9	1816	2945
Oct 12, 2021	30152	3	1772	3229
Oct 13, 2021	28684	8	1345	3148
Oct 14, 2021	26867	7	1575	2201
Oct 15, 2021	26231	4	740	1205
Oct 16, 2021	25757	8	1223	3022
Oct 17, 2021	23952	6	1507	1838
Oct 18, 2021	23612	11	1150	1752
Oct 19, 2021	23007	9	1036	2308
Oct 20, 2021	21727	5	993	2334
Oct 21, 2021	20379	7	982	1742
Oct 22, 2021	19615	6	332	957
Oct 23, 2021	18982	3	842	2254
Oct 24, 2021	17564	2	929	1357
Oct 25, 2021	17125	4	729	1370
Oct 26, 2021	16475	3	647	1518
Oct 27, 2021	15599	5	661	1371
Oct 28, 2021	14882	6	617	1178
Oct 29, 2021	14315	1	226	642
Oct 30, 2021	13896	1	529	1397
Oct 31, 2021	13026	4	691	820
Nov 01, 2021	12893	3	667	881
Nov 02, 2021	12676	6	616	977
Nov 03, 2021	12310	5	518	1002
Nov 04, 2021	11820	3	558	672
Nov 05, 2021	11705	2	199	438
Nov 06, 2021	11465	2	501	896
Nov 07, 2021	11066	0	566	513
Nov 08, 2021	11116	5	473	528
Nov 09, 2021	11055	4	498	736
Nov 10, 2021	10812	1	393	708
Nov 11, 2021	10494	3	448	623
Nov 12, 2021	10317	3	225	368
Nov 13, 2021	10172	6	397	700
Nov 14, 2021	9869	1	535	462
Nov 15, 2021	9937	2	558	521
Nov 16, 2021	9970	0	483	560
Nov 17, 2021	9892	3	469	622
Nov 18, 2021	9736	3	508	387
Nov 19, 2021	9854	2	237	302
Nov 20, 2021	9783	1	453	689
Nov 21, 2021	9546	3	716	321
Nov 22, 2021	9939	3	604	346
Nov 23, 2021	10197	3	543	520
Nov 24, 2021	10217	1	539	574
Nov 25, 2021	10179	2	540	406
Nov 26, 2021	10311	1	169	316
Nov 27, 2021	10163	2	543	786
Nov 28, 2021	9917	1	698	463
Nov 29, 2021	10149	2	577	555
Nov 30, 2021	10168	3	563	651
Dec 01, 2021	10079	6	519	659
Dec 02, 2021	9937	1	486	531
Dec 03, 2021	9891	2	248	322
Dec 04, 2021	9815	1	539	736
Dec 05, 2021	9617	2	739	459
Dec 06, 2021	9895	4	814	515
Dec 07, 2021	10191	1	714	642
Dec 08, 2021	10257	1	647	692
Dec 09, 2021	10211	1	607	563
Dec 10, 2021	10253	2	236	549
Dec 11, 2021	9939	2	492	716
Dec 12, 2021	9713	2	771	427
Dec 13, 2021	10053	2	701	467
Dec 14, 2021	10286	0	789	674
Dec 15, 2021	10400	0	863	846
Dec 16, 2021	10416	1	877	701
Dec 17, 2021	10590	1	392	427
Dec 18, 2021	10553	0	1022	754
Dec 19, 2021	10819	2	1329	509
Dec 20, 2021	11637	3	1200	448
Dec 21, 2021	12389	1	1417	643
Dec 22, 2021	13163	2	1515	678
Dec 23, 2021	13999	0	1790	671
Dec 24, 2021	15117	1	806	464
Dec 25, 2021	15459	2	1806	909
Dec 26, 2021	16354	4	2974	778
Dec 27, 2021	18547	4	3246	1225
Dec 28, 2021	20567	2	4074	1228
Dec 29, 2021	23411	4	5081	1348
Dec 30, 2021	27144	2	5494	1170
Dec 31, 2021	31467	3	4231	1060
Jan 01, 2022	34636	5	6615	1900
Jan 02, 2022	39347	6	10953	1469
Jan 03, 2022	48827	8	12644	1864
Jan 04, 2022	59605	7	18508	2733
Jan 05, 2022	75376	7	19012	3578
Jan 06, 2022	90808	9	21977	3732
Jan 07, 2022	109050	9	22846	3168
Jan 08, 2022	128723	12	31103	6242
Jan 09, 2022	153578	9	41399	5065
Jan 10, 2022	189904	15	46678	6988
Jan 11, 2022	229587	13	48570	11819
Jan 12, 2022	266331	16	49219	58422
Jan 13, 2022	257119	18	45806	19982
Jan 14, 2022	282934	21	44978	15746
Jan 15, 2022	312154	22	64683	40091
Jan 16, 2022	336737	21	71928	34789
Jan 17, 2022	373861	11	73348	48510
Jan 18, 2022	398686	7	73931	77498
Jan 19, 2022	395103	25	74989	15091
Jan 20, 2022	454983	43	65548	51353
Jan 21, 2022	469157	43	66908	35184
Jan 22, 2022	500859	59	83739	37737
Jan 23, 2022	546840	67	63446	33951
Jan 24, 2022	576324	80	73307	0
Jan 25, 2022	649624	121	76155	0
Jan 26, 2022	725754	1	60271	293087
Jan 27, 2022	492895	86	45376	0
Jan 28, 2022	538228	98	53928	144627
Jan 29, 2022	447470	27	71130	77385
Jan 30, 2022	441148	42	70415	64187
Jan 31, 2022	447296	46	65875	65601
Feb 01, 2022	447449	77	23877	44566
Feb 02, 2022	426759	34	58677	56557
Feb 03, 2022	428793	62	62302	79458
Feb 04, 2022	411539	35	31511	66695
Feb 05, 2022	376328	32	53730	82271
Feb 06, 2022	347745	78	50878	59421
Feb 07, 2022	339156	80	38854	46993
Feb 08, 2022	330940	27	29955	32323
Feb 09, 2022	328538	36	31422	33142
Feb 10, 2022	326756	81	27047	44527
Feb 11, 2022	309241	60	20061	25623
Feb 12, 2022	303647	14	31338	50102
Feb 13, 2022	284805	129	25430	94522
Feb 14, 2022	215633	30	22594	0
Feb 15, 2022	238200	37	17838	80187
Feb 16, 2022	175815	37	16257	23126
Feb 17, 2022	168865	30	15242	31636
Feb 18, 2022	152411	9	11598	21509
Feb 19, 2022	142486	4	17803	27120
Feb 20, 2022	133040	8	13951	26248
Feb 21, 2022	120713	72	10107	17574
Feb 22, 2022	113209	20	12410	14250
Feb 23, 2022	111332	19	12571	15644
Feb 24, 2022	108229	2	5607	19371
Feb 25, 2022	94456	25	6254	0
Feb 26, 2022	100706	10	4680	28044
Feb 27, 2022	77334	8	16065	16025
Feb 28, 2022	77302	35	6794	10930
Mar 01, 2022	73146	5	9927	19892
Mar 02, 2022	63162	0	2377	7460
Mar 03, 2022	58077	36	8463	0
Mar 04, 2022	66515	1	7048	14372
Mar 05, 2022	59181	8	3991	9346
Mar 06, 2022	53818	12	7529	0
Mar 07, 2022	61312	13	4171	16468
Mar 08, 2022	49010	7	6171	8724
Mar 09, 2022	46457	6	13135	7410
Mar 10, 2022	52146	12	3361	10593
Mar 11, 2022	44913	0	5410	6232
Mar 12, 2022	44083	2	6557	9009
Mar 13, 2022	41619	12	5970	7664
Mar 14, 2022	39912	0	7172	6153
Mar 15, 2022	40924	18	4766	5020
Mar 16, 2022	40664	6	8056	5883
Mar 17, 2022	42825	0	5641	6625
Mar 18, 2022	41841	5	7906	6146
Mar 19, 2022	43599	0	13803	6627
Mar 20, 2022	50763	25	13055	9306
Mar 21, 2022	54512	0	15821	4645
Mar 22, 2022	65670	0	13001	9049
Mar 23, 2022	69616	0	3430	0
Mar 24, 2022	73046	0	17635	19976
Mar 25, 2022	70700	11	12321	11817
Mar 26, 2022	71204	19	16134	15738
Mar 27, 2022	71575	15	11967	0
Mar 28, 2022	83542	24	18019	0
Mar 29, 2022	101561	0	10164	0
Mar 30, 2022	111725	1	13927	0
Mar 31, 2022	125652	4	8587	0
Apr 01, 2022	134228	0	7664	53709
Apr 02, 2022	88164	0	8670	11118
Apr 03, 2022	85701	25	14346	36201
Apr 04, 2022	63822	7	10241	10959
Apr 05, 2022	63104	10	7041	7306
Apr 06, 2022	62838	0	7750	9155
Apr 07, 2022	61429	11	5303	12571
Apr 08, 2022	54161	0	5688	9632
Apr 09, 2022	50217	0	4341	9095
Apr 10, 2022	45438	18	8314	0
Apr 11, 2022	53745	17	5489	0
Apr 12, 2022	59224	0	5253	0
Apr 13, 2022	64477	11	5773	0
Apr 14, 2022	70239	0	3258	0
Apr 15, 2022	73497	0	2500	0
Apr 16, 2022	75997	0	3311	0
Apr 17, 2022	79290	12	4923	0
Apr 18, 2022	84196	3	4260	0
Apr 19, 2022	88456	21	4050	0
Apr 20, 2022	92495	1	2699	67311
Apr 21, 2022	27883	0	0	0
Apr 22, 2022	27883	0	6649	0
Apr 23, 2022	34532	0	3430	0
Apr 24, 2022	37950	3	4506	13461
Apr 25, 2022	28992	0	3743	4259
Apr 26, 2022	28455	1	1666	2699
Apr 27, 2022	27421	0	3804	3901
Apr 28, 2022	27324	30	2628	4921
Apr 29, 2022	25031	12	1992	3850
Apr 30, 2022	23173	0	1752	3867
May 01, 2022	21055	0	2624	2697
May 02, 2022	20982	0	2474	0
May 03, 2022	23455	8	2457	3798
May 04, 2022	22114	13	1383	0
May 05, 2022	23467	9	1084	0
May 06, 2022	24539	12	2495	0
May 07, 2022	27034	8	1674	0
May 08, 2022	28708	9	3378	0
May 09, 2022	32086	5	2413	0
May 10, 2022	34491	7	1448	0
May 11, 2022	35926	0	2739	20881
May 12, 2022	17775	14	2254	4260
May 13, 2022	15757	1	1083	0
May 14, 2022	16832	0	3032	3404
May 15, 2022	16451	0	2199	2461
May 16, 2022	16184	6	2239	0
May 17, 2022	18416	0	2128	0
May 18, 2022	20544	0	2112	0
May 19, 2022	22642	6	1904	8385
May 20, 2022	16160	0	1639	2661
May 21, 2022	15138	0	704	1915
May 22, 2022	13927	0	2480	2290
May 23, 2022	14111	13	3220	0
May 24, 2022	17331	0	975	4287
May 25, 2022	14019	0	2878	0
May 26, 2022	16891	8	0	0
May 27, 2022	16891	0	2830	0
May 28, 2022	19721	0	1213	8650
May 29, 2022	12284	4	2379	1773
May 30, 2022	12877	0	1222	0
May 31, 2022	14099	3	5199	0
Jun 01, 2022	19298	0	2462	4717
Jun 02, 2022	17035	0	0	0
Jun 03, 2022	17035	0	0	0
Jun 04, 2022	17035	4	5802	6644
Jun 05, 2022	16189	11	2580	0
Jun 06, 2022	18769	0	5031	5759
Jun 07, 2022	18038	0	4885	1518
Jun 08, 2022	21405	0	4856	1966
Jun 09, 2022	24295	0	6314	2382
Jun 10, 2022	28227	0	4136	3918
Jun 11, 2022	28441	0	3697	4434
Jun 12, 2022	27693	26	6373	4659
Jun 13, 2022	29407	3	8344	5016
Jun 14, 2022	32735	0	7222	3570
Jun 15, 2022	36387	0	10915	2375
Jun 16, 2022	44927	0	7104	0
Jun 17, 2022	52031	10	4962	7526
Jun 18, 2022	49467	5	10202	0
Jun 19, 2022	59643	14	5855	7726
Jun 20, 2022	57769	2	10669	17760
Jun 21, 2022	50678	4	10747	5176
Jun 22, 2022	56249	12	9917	6222
Jun 23, 2022	59944	0	10337	9875
Jun 24, 2022	60396	0	6950	8563
Jun 25, 2022	58778	0	8527	9512
Jun 26, 2022	57779	19	14605	0
Jun 27, 2022	72382	7	12527	19424
Jun 28, 2022	65481	0	9966	7570
Jun 29, 2022	67865	58	6093	0
Jun 30, 2022	73958	14	15928	0
Jul 01, 2022	89886	0	4315	0
Jul 02, 2022	94201	11	6863	4487
Jul 03, 2022	96558	1	19378	0
Jul 04, 2022	115929	1	12939	58010
Jul 05, 2022	70858	32	10849	7518
Jul 06, 2022	74131	15	10260	7677
Jul 07, 2022	76700	16	10668	14013
Jul 08, 2022	73355	15	6286	10916
Jul 09, 2022	68714	13	7370	10081
Jul 10, 2022	66002	12	12648	9595
Jul 11, 2022	69054	9	9820	0
Jul 12, 2022	78842	27	9971	17708
Jul 13, 2022	71090	0	7301	0
Jul 14, 2022	78375	1	8640	15449
Jul 15, 2022	71551	0	7037	11672
Jul 16, 2022	66903	24	7982	10491
Jul 17, 2022	64382	58	5461	5855
Jul 18, 2022	63979	9	6935	5868
Jul 19, 2022	65019	4	6239	4392
Jul 20, 2022	66866	43	6217	4089
Jul 21, 2022	68993	2	5987	3265
Jul 22, 2022	71715	0	4374	0
Jul 23, 2022	76065	7	2878	9470
Jul 24, 2022	69415	0	6637	5781
Jul 25, 2022	70262	35	5990	22172
Jul 26, 2022	54076	8	4120	3637
Jul 27, 2022	54516	0	4033	8314
Jul 28, 2022	50233	0	4274	7499
Jul 29, 2022	47008	34	2303	5668
Jul 30, 2022	43636	20	1234	4415
Jul 31, 2022	40455	3	5855	4624
Aug 01, 2022	41651	5	3702	5072
Aug 02, 2022	40273	6	3284	3899
Aug 03, 2022	39658	3	1990	3288
Aug 04, 2022	38360	13	3908	5794
Aug 05, 2022	36440	0	2127	5794
Aug 06, 2022	32753	0	2314	4062
Aug 07, 2022	31002	18	2546	3154
Aug 08, 2022	30389	0	1280	3514
Aug 09, 2022	28149	4	2102	4263
Aug 10, 2022	25985	19	1819	2191
Aug 11, 2022	25600	1	1796	3327
Aug 12, 2022	24069	0	841	3104
Aug 13, 2022	21806	0	1112	2468
Aug 14, 2022	20432	0	1373	1477
Aug 15, 2022	20328	56	2149	3145
Aug 16, 2022	19328	0	1626	1791
Aug 17, 2022	19144	2	1075	1826
Aug 18, 2022	18392	6	809	0
Aug 19, 2022	19201	0	613	2604
Aug 20, 2022	17210	0	994	3447
Aug 21, 2022	14757	1	1761	1317
Aug 22, 2022	15145	13	1255	0
Aug 23, 2022	16400	0	1050	3004
Aug 24, 2022	14444	17	973	999
Aug 25, 2022	14412	0	968	1997
Aug 26, 2022	13383	0	0	0
Aug 27, 2022	13383	0	971	2104
Aug 28, 2022	12249	0	1552	1833
Aug 29, 2022	11955	0	527	539
Aug 30, 2022	11943	23	1317	2361
Aug 31, 2022	10882	3	825	936
Sep 01, 2022	10771	2	900	1432
Sep 02, 2022	10239	0	681	0
Sep 03, 2022	10920	0	469	1969
Sep 04, 2022	9420	8	1141	1047
Sep 05, 2022	9514	1	984	1057
Sep 06, 2022	9418	10	915	943
Sep 07, 2022	9387	0	879	803
Sep 08, 2022	9461	0	806	0
Sep 09, 2022	10267	9	817	2228
Sep 10, 2022	8856	0	687	900
Sep 11, 2022	8635	5	1466	954
Sep 12, 2022	9146	0	1178	1052
Sep 13, 2022	9262	0	1153	825
Sep 14, 2022	9590	0	738	736
Sep 15, 2022	9592	6	1617	1838
Sep 16, 2022	9362	0	646	1177
Sep 17, 2022	8831	0	967	1325
Sep 18, 2022	8468	0	1482	1202
Sep 19, 2022	8748	0	1399	1302
Sep 20, 2022	8845	0	588	674
Sep 21, 2022	8759	6	1600	1138
Sep 22, 2022	9215	5	0	0
Sep 23, 2022	9215	0	1867	0
Sep 24, 2022	11082	0	534	4112
Sep 25, 2022	7504	0	941	0
Sep 26, 2022	8445	6	436	1891
Sep 27, 2022	6990	2	519	929
Sep 28, 2022	6574	0	1435	0
Sep 29, 2022	8004	4	1483	1620
Sep 30, 2022	7867	0	504	0
Oct 01, 2022	8371	0	432	1067
Oct 02, 2022	7736	0	1013	1199
Oct 03, 2022	7544	0	1492	1687
Oct 04, 2022	7347	0	145	678
Oct 05, 2022	6814	2	451	787
Oct 06, 2022	6474	0	671	620
Oct 07, 2022	6525	0	972	0
Oct 08, 2022	7497	0	392	1722
Oct 09, 2022	6167	0	802	0
Oct 10, 2022	6969	5	296	3503
Oct 11, 2022	3762	11	868	0
Oct 12, 2022	4628	0	726	0
Oct 13, 2022	5354	0	714	0
Oct 14, 2022	6068	16	0	0
Oct 15, 2022	6068	0	674	879
Oct 16, 2022	5863	7	680	716
Oct 17, 2022	5822	1	654	826
Oct 18, 2022	5639	6	513	385
Oct 19, 2022	5767	0	845	526
Oct 20, 2022	6086	1	1079	772
Oct 21, 2022	6377	0	560	426
Oct 22, 2022	6511	3	868	1048
Oct 23, 2022	6324	1	807	787
Oct 24, 2022	6343	4	819	771
Oct 25, 2022	6385	1	838	284
Oct 26, 2022	6939	2	832	0
Oct 27, 2022	7770	2	531	0
Oct 28, 2022	8301	2	955	0
Oct 29, 2022	9253	3	506	3637
Oct 30, 2022	6121	3	1242	0
Oct 31, 2022	7359	2	772	1650
Nov 01, 2022	6480	2	837	0
Nov 02, 2022	7315	4	1072	1054
Nov 03, 2022	7331	0	655	0
Nov 04, 2022	7984	0	875	2087
Nov 05, 2022	6769	0	490	438
Nov 06, 2022	6818	0	1701	0
Nov 07, 2022	8517	6	1301	1945
Nov 08, 2022	7871	7	992	563
Nov 09, 2022	8296	3	516	570
Nov 10, 2022	8242	6	1174	0
Nov 11, 2022	9416	0	0	0
Nov 12, 2022	9416	0	1017	2587
Nov 13, 2022	7846	0	1841	1981
Nov 14, 2022	7700	8	1526	1118
Nov 15, 2022	8101	0	1470	678
Nov 16, 2022	8890	5	1246	823
Nov 17, 2022	9307	0	2073	1662
Nov 18, 2022	9718	5	1126	1363
Nov 19, 2022	9481	0	643	1448
Nov 20, 2022	8676	6	1857	1087
Nov 21, 2022	9438	11	908	913
Nov 22, 2022	9433	9	1253	0
Nov 23, 2022	10681	9	2059	2050
Nov 24, 2022	10690	2	1991	1707
Nov 25, 2022	10969	0	1241	1466
Nov 26, 2022	10744	1	1194	1419
Nov 27, 2022	10513	12	2083	0
Nov 28, 2022	12585	4	2204	2089
Nov 29, 2022	12691	0	1842	1992
Nov 30, 2022	12532	23	1188	932
Dec 01, 2022	12786	0	902	1467
Dec 02, 2022	12221	1	1497	0
Dec 03, 2022	13717	0	1316	3593
Dec 04, 2022	11428	0	2292	0
Dec 05, 2022	13716	13	888	0
Dec 06, 2022	14604	1	2959	4237
Dec 07, 2022	13303	14	1340	981
Dec 08, 2022	13662	20	1303	1468
Dec 09, 2022	13496	0	444	190
Dec 10, 2022	13750	0	1813	3730
Dec 11, 2022	11833	0	1055	1134
Dec 12, 2022	11741	19	1825	0
Dec 13, 2022	13565	0	1702	2861
Dec 14, 2022	12392	8	2235	1092
Dec 15, 2022	13515	6	1529	1535
Dec 16, 2022	13509	1	716	1600
Dec 17, 2022	12625	0	578	1503
Dec 18, 2022	11700	0	2267	1648
Dec 19, 2022	12300	28	907	1125
Dec 20, 2022	12082	7	472	0
Dec 21, 2022	12546	0	2608	2103
Dec 22, 2022	13045	7	763	1423
Dec 23, 2022	12384	7	1106	1654
Dec 24, 2022	11836	0	831	941
Dec 25, 2022	11726	0	1615	0
Dec 26, 2022	13313	10	1480	2564
Dec 27, 2022	12222	15	477	726
Dec 28, 2022	11973	0	1151	0
Dec 29, 2022	13117	17	1101	0
Dec 30, 2022	14211	0	906	3936
Dec 31, 2022	11181	0	361	1098
Jan 01, 2023	10444	0	1073	869
Jan 02, 2023	10638	19	1676	1497
Jan 03, 2023	10802	3	576	784
Jan 04, 2023	10594	7	1386	882
Jan 05, 2023	11081	3	929	0
Jan 06, 2023	12010	0	558	2471
Jan 07, 2023	10097	0	380	963
Jan 08, 2023	9514	0	1057	1102
Jan 09, 2023	9450	15	1074	0
Jan 10, 2023	10521	0	1130	2328
Jan 11, 2023	9316	11	682	880
Jan 12, 2023	9115	4	697	0
Jan 13, 2023	9812	0	496	2162
Jan 14, 2023	8146	0	239	798
Jan 15, 2023	7587	7	1223	1122
Jan 16, 2023	7673	1	0	0
Jan 17, 2023	7673	7	1589	1524
Jan 18, 2023	7727	6	844	653
Jan 19, 2023	7914	8	327	953
Jan 20, 2023	7288	0	438	815
Jan 21, 2023	6911	0	535	794
Jan 22, 2023	6645	4	417	671
Jan 23, 2023	6390	3	1178	781
Jan 24, 2023	6780	16	734	566
Jan 25, 2023	6942	0	503	459
Jan 26, 2023	6978	9	534	960
Jan 27, 2023	6552	1	249	669
Jan 28, 2023	6132	0	141	524
Jan 29, 2023	5745	0	606	625
Jan 30, 2023	5723	12	872	825
Jan 31, 2023	5754	7	469	416
Feb 01, 2023	5807	2	738	480
Feb 02, 2023	6056	4	239	674
Feb 03, 2023	5620	1	447	790
Feb 04, 2023	5277	0	76	355
Feb 05, 2023	4998	7	476	504
Feb 06, 2023	4958	4	860	703
Feb 07, 2023	5108	2	378	340
Feb 08, 2023	5144	2	381	413
Feb 09, 2023	5108	2	330	686
Feb 10, 2023	4751	0	191	522
Feb 11, 2023	4420	1	398	457
Feb 12, 2023	4354	3	568	399
Feb 13, 2023	4519	0	435	442
Feb 14, 2023	4510	6	435	285
Feb 15, 2023	4658	0	633	302
Feb 16, 2023	4987	12	486	627
Feb 17, 2023	4846	0	256	4615
Feb 18, 2023	486	0	311	0
Feb 19, 2023	794	1	0	0
Feb 20, 2023	794	15	1334	0
Feb 21, 2023	2122	6	257	0
Feb 22, 2023	2379	2	785	0
Feb 23, 2023	3152	11	563	0
Feb 24, 2023	3715	0	331	0
Feb 25, 2023	4046	0	123	0
Feb 26, 2023	4168	4	965	0
Feb 27, 2023	5118	0	629	0
Feb 28, 2023	5741	0	357	0
Mar 01, 2023	6096	18	757	0
Mar 02, 2023	6842	4	516	0
Mar 03, 2023	7358	0	317	0
Mar 04, 2023	7675	0	281	0
Mar 05, 2023	7952	9	0	0
Mar 06, 2023	7952	0	0	0
Mar 07, 2023	7952	3	1662	0
Mar 08, 2023	9596	0	660	0
Mar 09, 2023	10252	1	364	0
Mar 10, 2023	10616	7	486	0
Mar 11, 2023	11102	0	358	0
Mar 12, 2023	11451	14	411	0
Mar 13, 2023	11862	7	944	0
Mar 14, 2023	12803	0	319	0
Mar 15, 2023	13122	2	654	0
Mar 16, 2023	13775	0	783	0
Mar 17, 2023	14551	4	0	0
Mar 18, 2023	14551	4	717	0
Mar 19, 2023	15254	4	550	0
Mar 20, 2023	15797	4	253	0
Mar 21, 2023	16050	2	840	0
Mar 22, 2023	16888	0	186	0
Mar 23, 2023	17074	0	894	11920
Mar 24, 2023	6044	0	255	655
Mar 25, 2023	5640	6	477	471
Mar 26, 2023	5642	5	307	323
Mar 27, 2023	5622	3	246	0
Mar 28, 2023	5866	6	0	0
Mar 29, 2023	5866	5	783	0
Mar 30, 2023	6649	0	0	0
Mar 31, 2023	6649	0	910	0
Apr 01, 2023	7553	0	217	0
Apr 02, 2023	7765	1	388	0
Apr 03, 2023	8150	0	162	1733
Apr 04, 2023	6573	0	407	2119
Apr 05, 2023	4856	0	0	0
Apr 06, 2023	4856	0	586	0
Apr 07, 2023	5442	0	0	0
Apr 08, 2023	5442	0	287	0
Apr 09, 2023	5728	24	307	0
Apr 10, 2023	6035	0	345	0
Apr 11, 2023	6380	14	0	0
Apr 12, 2023	6380	1	0	0
Apr 13, 2023	6380	10	0	0
Apr 14, 2023	6380	0	1077	0
Apr 15, 2023	7457	0	311	0
Apr 16, 2023	7744	4	0	0
Apr 17, 2023	7744	0	788	0
Apr 18, 2023	8518	8	259	0
Apr 19, 2023	8776	0	312	0
Apr 20, 2023	9078	7	104	0
Apr 21, 2023	9182	0	260	0
Apr 22, 2023	9442	3	150	0
Apr 23, 2023	9588	3	159	0
Apr 24, 2023	9747	0	274	0
Apr 25, 2023	10013	5	0	0
Apr 26, 2023	10013	0	271	0
Apr 27, 2023	10277	5	0	0
Apr 28, 2023	10277	0	476	0
Apr 29, 2023	10750	0	181	0
Apr 30, 2023	10928	0	0	0
May 01, 2023	10928	0	592	0
May 02, 2023	11515	0	102	0
May 03, 2023	11617	0	311	0
May 04, 2023	11923	0	0	0
May 05, 2023	11923	0	370	0
May 06, 2023	12293	0	63	0
May 07, 2023	12356	0	0	0
May 08, 2023	12356	0	0	0
May 09, 2023	12356	0	0	0
May 10, 2023	12356	9	0	0
May 11, 2023	12356	0	0	0
May 12, 2023	12356	0	0	0
May 13, 2023	12356	0	0	0
May 14, 2023	12356	0	0	0
May 15, 2023	12356	0	0	0
May 16, 2023	12356	0	1222	0
May 17, 2023	13569	15	0	0
May 18, 2023	13569	0	0	0
May 19, 2023	13569	0	0	0
May 20, 2023	13569	0	0	0
May 21, 2023	13569	0	0	0
May 22, 2023	13569	0	0	0
May 23, 2023	13569	0	811	0
May 24, 2023	14365	3	0	0
May 25, 2023	14365	0	0	0
May 26, 2023	14365	0	0	0
May 27, 2023	14365	0	0	0
May 28, 2023	14365	0	0	0
May 29, 2023	14365	0	0	0
May 30, 2023	14365	0	669	0
May 31, 2023	15031	13	0	0
Jun 01, 2023	15031	0	0	0
Jun 02, 2023	15031	0	0	0
Jun 03, 2023	15031	0	0	0
Jun 04, 2023	15031	0	0	0
Jun 05, 2023	15031	0	0	0
Jun 06, 2023	15031	0	749	0
Jun 07, 2023	15767	12	0	0
Jun 08, 2023	15767	0	0	0
Jun 09, 2023	15767	0	0	0
Jun 10, 2023	15767	0	0	0
Jun 11, 2023	15767	0	0	0
Jun 12, 2023	15767	0	0	0
Jun 13, 2023	15767	0	860	0
Jun 14, 2023	16615	0	0	0
Jun 15, 2023	16615	5	0	0
Jun 16, 2023	16615	0	0	0
Jun 17, 2023	16615	0	0	0
Jun 18, 2023	16615	0	0	0
Jun 19, 2023	16615	0	0	0
Jun 20, 2023	16615	0	0	0
Jun 21, 2023	16615	7	483	0
Jun 22, 2023	17093	0	0	0
Jun 23, 2023	17093	0	0	0
Jun 24, 2023	17093	0	0	0
Jun 25, 2023	17093	0	0	0
Jun 26, 2023	17093	0	0	0
Jun 27, 2023	17093	4	645	0
Jun 28, 2023	17731	0	0	0
Jun 29, 2023	17731	0	0	0
Jun 30, 2023	17731	0	0	0
Jul 01, 2023	17731	0	0	0
Jul 02, 2023	17731	0	0	0
Jul 03, 2023	17731	0	446	0
Jul 04, 2023	18173	0	0	0
Jul 05, 2023	18173	7	0	0
Jul 06, 2023	18173	0	0	0
Jul 07, 2023	18173	0	0	0
Jul 08, 2023	18173	0	0	0
Jul 09, 2023	18173	0	0	0
Jul 10, 2023	18173	0	0	0
Jul 11, 2023	18173	0	475	0
Jul 12, 2023	18641	0	0	0
Jul 13, 2023	18641	6	0	0
Jul 14, 2023	18641	0	0	0
Jul 15, 2023	18641	0	0	0
Jul 16, 2023	18641	0	0	0
Jul 17, 2023	18641	0	0	0
Jul 18, 2023	18641	0	0	0
Jul 19, 2023	18641	4	514	0
Jul 20, 2023	19149	0	0	0
Jul 21, 2023	19149	0	0	0
Jul 22, 2023	19149	0	0	0
Jul 23, 2023	19149	0	0	0
Jul 24, 2023	19149	0	0	0
Jul 25, 2023	19149	0	530	0
Jul 26, 2023	19675	0	0	0
Jul 27, 2023	19675	7	0	0
Jul 28, 2023	19675	0	0	0
Jul 29, 2023	19675	0	0	0
Jul 30, 2023	19675	0	0	0
Jul 31, 2023	19675	0	0	0
Aug 01, 2023	19675	0	0	0
Aug 02, 2023	19675	0	569	0
Aug 03, 2023	20237	16	0	0
Aug 04, 2023	20237	0	0	0
Aug 05, 2023	20237	0	0	0
Aug 06, 2023	20237	0	0	0
Aug 07, 2023	20237	0	0	0
Aug 08, 2023	20237	0	0	0
Aug 09, 2023	20237	0	527	0
Aug 10, 2023	20748	12	0	0
Aug 11, 2023	20748	0	0	0
Aug 12, 2023	20748	0	0	0
Aug 13, 2023	20748	0	0	0
Aug 14, 2023	20748	0	0	0
Aug 15, 2023	20748	0	0	0
Aug 16, 2023	20748	0	582	0
Aug 17, 2023	21318	5	0	0
Aug 18, 2023	21318	0	0	0
Aug 19, 2023	21318	0	0	0
Aug 20, 2023	21318	0	0	0
Aug 21, 2023	21318	0	0	0
Aug 22, 2023	21318	0	0	0
Aug 23, 2023	21318	10	678	0
Aug 24, 2023	21991	0	0	0
Aug 25, 2023	21991	0	0	0
Aug 26, 2023	21991	0	0	0
Aug 27, 2023	21991	0	0	0
Aug 28, 2023	21991	0	0	0
Aug 29, 2023	21991	10	894	0
Aug 30, 2023	22875	0	0	0
Aug 31, 2023	22875	0	0	0
Sep 01, 2023	22875	0	0	0
Sep 02, 2023	22875	0	0	0
Sep 03, 2023	22875	0	0	0
Sep 04, 2023	22875	0	965	0
Sep 05, 2023	23830	6	0	0
Sep 06, 2023	23830	0	0	0
Sep 07, 2023	23830	0	0	0
Sep 08, 2023	23830	0	0	0
Sep 09, 2023	23830	0	0	0
Sep 10, 2023	23830	0	0	0
Sep 11, 2023	23830	0	1006	0
Sep 12, 2023	24830	19	0	0
Sep 13, 2023	24830	0	0	0
Sep 14, 2023	24830	0	0	0
Sep 15, 2023	24830	0	0	0
Sep 16, 2023	24830	0	0	0
Sep 17, 2023	24830	0	0	0
Sep 18, 2023	24830	0	1457	0
Sep 19, 2023	26268	0	0	0
Sep 20, 2023	26268	0	0	0
Sep 21, 2023	26268	14	0	0
Sep 22, 2023	26268	0	0	0
Sep 23, 2023	26268	0	0	0
Sep 24, 2023	26268	0	0	0
Sep 25, 2023	26268	0	0	0
Sep 26, 2023	26268	0	0	0
Sep 27, 2023	26268	0	1469	0
Sep 28, 2023	27723	7	0	0
Sep 29, 2023	27723	0	0	0
Sep 30, 2023	27723	0	0	0
Oct 01, 2023	27723	0	0	0
Oct 02, 2023	27723	0	0	0
Oct 03, 2023	27723	0	0	0
Oct 04, 2023	27723	0	1006	0
Oct 05, 2023	28722	0	0	0
Oct 06, 2023	28722	0	0	0
Oct 07, 2023	28722	0	0	0
Oct 08, 2023	28722	0	0	0
Oct 09, 2023	28722	6	0	0
Oct 10, 2023	28722	0	0	0
Oct 11, 2023	28722	0	0	0
Oct 12, 2023	28722	0	0	0
Oct 13, 2023	28722	0	0	0
Oct 14, 2023	28722	0	0	0
Oct 15, 2023	28722	0	828	0
Oct 16, 2023	29544	5	0	0
Oct 17, 2023	29544	0	0	0
Oct 18, 2023	29544	0	0	0
Oct 19, 2023	29544	0	0	0
Oct 20, 2023	29544	0	0	0
Oct 21, 2023	29544	0	0	0
Oct 22, 2023	29544	0	400	0
Oct 23, 2023	29939	0	0	0
Oct 24, 2023	29939	0	0	0
Oct 25, 2023	29939	0	0	0
Oct 26, 2023	29939	0	0	0
Oct 27, 2023	29939	0	0	0
Oct 28, 2023	29939	0	264	0
Oct 29, 2023	30203	5	0	0
Oct 30, 2023	30203	0	0	0
Oct 31, 2023	30203	0	0	0
Nov 01, 2023	30203	0	0	0
Nov 02, 2023	30203	0	0	0
Nov 03, 2023	30203	0	0	0
Nov 04, 2023	30203	0	180	0
Nov 05, 2023	30378	0	0	0
Nov 06, 2023	30378	0	0	0
Nov 07, 2023	30378	0	0	0
Nov 08, 2023	30378	0	0	0
Nov 09, 2023	30378	0	0	0
Nov 10, 2023	30378	0	0	0
Nov 11, 2023	30378	0	198	0
Nov 12, 2023	30576	0	0	0
Nov 13, 2023	30576	0	0	0
Nov 14, 2023	30576	0	0	0
Nov 15, 2023	30576	0	0	0
Nov 16, 2023	30576	0	0	0
Nov 17, 2023	30576	0	0	0
Nov 18, 2023	30576	0	16	0
Nov 19, 2023	30592	0	0	0
Nov 20, 2023	30592	0	0	0
Nov 21, 2023	30592	0	0	0
Nov 22, 2023	30592	0	0	0
Nov 23, 2023	30592	0	0	0
Nov 24, 2023	30592	0	0	0
Nov 25, 2023	30592	0	0	0
Nov 26, 2023	30592	0	0	0
Nov 27, 2023	30592	0	0	0
Nov 28, 2023	30592	0	0	0
Nov 29, 2023	30592	0	0	0
Nov 30, 2023	30592	0	0	0
Dec 01, 2023	30592	0	0	0
Dec 02, 2023	30592	0	0	0
Dec 03, 2023	30592	0	0	0
Dec 04, 2023	30592	0	0	0
Dec 05, 2023	30592	0	0	0
Dec 06, 2023	30592	0	0	0
Dec 07, 2023	30592	0	0	0
Dec 08, 2023	30592	0	0	0
Dec 09, 2023	30592	0	0	0
Dec 10, 2023	30592	0	0	0
Dec 11, 2023	30592	0	0	0
Dec 12, 2023	30592	0	0	0
Dec 13, 2023	30592	0	0	0
Dec 14, 2023	30592	0	0	0
Dec 15, 2023	30592	0	0	0
Dec 16, 2023	30592	0	0	0
Dec 17, 2023	30592	0	0	0
Dec 18, 2023	30592	0	0	0
Dec 19, 2023	30592	0	0	0
Dec 20, 2023	30592	0	0	0
Dec 21, 2023	30592	0	0	0
Dec 22, 2023	30592	0	0	0
Dec 23, 2023	30592	0	0	0
Dec 24, 2023	30592	0	0	0
Dec 25, 2023	30592	0	0	0
Dec 26, 2023	30592	0	0	0
Dec 27, 2023	30592	0	0	0
Dec 28, 2023	30592	0	0	0
Dec 29, 2023	30592	0	0	0
Dec 30, 2023	30592	0	0	0
Dec 31, 2023	30592	0	0	0
Jan 01, 2024	30592	0	0	0
Jan 02, 2024	30592	0	0	0
Jan 03, 2024	30592	0	0	0
Jan 04, 2024	30592	0	0	0
Jan 05, 2024	30592	0	0	0
Jan 06, 2024	30592	0	0	0
Jan 07, 2024	30592	0	0	0
Jan 08, 2024	30592	0	0	0
Jan 09, 2024	30592	0	0	0
Jan 10, 2024	30592	0	0	0
Jan 11, 2024	30592	0	0	0
Jan 12, 2024	30592	0	0	0
Jan 13, 2024	30592	0	0	0
Jan 14, 2024	30592	0	0	0
Jan 15, 2024	30592	0	0	0
Jan 16, 2024	30592	0	0	0
Jan 17, 2024	30592	0	0	0
Jan 18, 2024	30592	0	0	0
Jan 19, 2024	30592	0	0	0
Jan 20, 2024	30592	0	0	0
Jan 21, 2024	30592	0	0	0
Jan 22, 2024	30592	0	0	0
Jan 23, 2024	30592	0	0	0
Jan 24, 2024	30592	0	0	0
Jan 25, 2024	30592	0	0	0
Jan 26, 2024	30592	0	0	0
Jan 27, 2024	30592	0	0	0
Jan 28, 2024	30592	0	0	0
Jan 29, 2024	30592	0	0	0
Jan 30, 2024	30592	0	0	0
Jan 31, 2024	30592	0	0	0
Feb 01, 2024	30592	0	0	0
Feb 02, 2024	30592	0	0	0
Feb 03, 2024	30592	0	0	0
Feb 04, 2024	30592	0	0	0
Feb 05, 2024	30592	0	0	0
Feb 06, 2024	30592	0	0	0
Feb 07, 2024	30592	0	0	0
Feb 08, 2024	30592	0	0	0
Feb 09, 2024	30592	0	0	0
Feb 10, 2024	30592	0	0	0
Feb 11, 2024	30592	0	0	0
Feb 12, 2024	30592	0	0	0
Feb 13, 2024	30592	0	0	0
Feb 14, 2024	30592	0	0	0
Feb 15, 2024	30592	0	0	0
Feb 16, 2024	30592	0	0	0
Feb 17, 2024	30592	0	0	0
Feb 18, 2024	30592	0	0	0
Feb 19, 2024	30592	0	0	0
Feb 20, 2024	30592	0	0	0
Feb 21, 2024	30592	0	0	0
Feb 22, 2024	30592	0	0	0
Feb 23, 2024	30592	0	0	0
Feb 24, 2024	30592	0	0	0
Feb 25, 2024	30592	0	0	0
Feb 26, 2024	30592	0	0	0
Feb 27, 2024	30592	0	0	0
Feb 28, 2024	30592	0	0	0
Feb 29, 2024	30592	0	0	0
Mar 01, 2024	30592	0	0	0
Mar 02, 2024	30592	0	0	0
Mar 03, 2024	30592	0	0	0
Mar 04, 2024	30592	0	0	0
Mar 05, 2024	30592	0	0	0
Mar 06, 2024	30592	0	0	0
Mar 07, 2024	30592	0	0	0
Mar 08, 2024	30592	0	0	0
Mar 09, 2024	30592	0	0	0
Mar 10, 2024	30592	0	0	0
Mar 11, 2024	30592	0	0	0
Mar 12, 2024	30592	0	0	0
Mar 13, 2024	30592	0	0	0
Mar 14, 2024	30592	0	0	0
Mar 15, 2024	30592	0	0	0
Mar 16, 2024	30592	0	0	0
Mar 17, 2024	30592	0	0	0
Mar 18, 2024	30592	NA	0	0
Mar 19, 2024	30592	NA	0	0
Mar 20, 2024	30592	NA	0	0
Mar 21, 2024	30592	NA	0	0
Mar 22, 2024	30592	NA	0	0
Mar 23, 2024	30592	NA	0	0
Mar 24, 2024	30592	NA	NA	NA
