Dates	Active	Deaths	Newcases	recover
Feb 15, 2020	-3	0	0	0
Feb 16, 2020	-3	0	0	1
Feb 17, 2020	-4	0	0	2
Feb 18, 2020	-6	0	0	0
Feb 19, 2020	-6	0	0	0
Feb 20, 2020	-6	0	0	0
Feb 21, 2020	-6	0	0	3
Feb 22, 2020	-9	0	0	0
Feb 23, 2020	-9	0	0	1
Feb 24, 2020	-10	0	2	0
Feb 25, 2020	-8	0	4	0
Feb 26, 2020	-4	0	19	0
Feb 27, 2020	15	0	18	0
Feb 28, 2020	33	0	39	1
Feb 29, 2020	71	0	27	0
Mar 01, 2020	98	0	56	0
Mar 02, 2020	154	0	20	0
Mar 03, 2020	174	0	67	0
Mar 04, 2020	241	0	126	0
Mar 05, 2020	367	0	209	0
Mar 06, 2020	576	5	269	0
Mar 07, 2020	840	3	236	0
Mar 08, 2020	1073	11	185	0
Mar 09, 2020	1247	3	338	0
Mar 10, 2020	1582	15	452	0
Mar 11, 2020	2019	13	540	0
Mar 12, 2020	2546	18	714	0
Mar 13, 2020	3242	12	761	0
Mar 14, 2020	3991	36	840	0
Mar 15, 2020	4795	21	1100	0
Mar 16, 2020	5874	27	997	590
Mar 17, 2020	6254	89	1277	0
Mar 18, 2020	7442	108	1691	693
Mar 19, 2020	8332	78	1469	292
Mar 20, 2020	9431	112	1678	0
Mar 21, 2020	10997	112	1417	613
Mar 22, 2020	11689	186	3488	0
Mar 23, 2020	14991	240	2224	1081
Mar 24, 2020	15894	231	2662	619
Mar 25, 2020	17706	365	3564	1048
Mar 26, 2020	19857	299	3462	752
Mar 27, 2020	22268	319	4191	0
Mar 28, 2020	26140	292	2362	1502
Mar 29, 2020	26708	418	3977	725
Mar 30, 2020	29542	498	6887	1517
Mar 31, 2020	34414	508	4418	1491
Apr 01, 2020	36833	1354	1923	1493
Apr 02, 2020	35909	1119	4755	1580
Apr 03, 2020	37965	1052	3877	1430
Apr 04, 2020	39360	517	1703	745
Apr 05, 2020	39801	832	3555	1067
Apr 06, 2020	41457	1416	3432	2087
Apr 07, 2020	41386	540	3526	1917
Apr 08, 2020	42455	1339	3895	1952
Apr 09, 2020	43059	986	3946	1726
Apr 10, 2020	44293	634	2829	1459
Apr 11, 2020	45029	561	1466	795
Apr 12, 2020	45139	574	2428	532
Apr 13, 2020	46461	761	4996	1087
Apr 14, 2020	49609	1437	2393	2150
Apr 15, 2020	48415	752	2400	1857
Apr 16, 2020	48206	760	368	1608
Apr 17, 2020	46206	641	2335	1563
Apr 18, 2020	46337	395	714	595
Apr 19, 2020	46061	546	1864	831
Apr 20, 2020	46548	530	2423	1772
Apr 21, 2020	46669	543	1661	1476
Apr 22, 2020	46311	515	1502	1431
Apr 23, 2020	45867	389	1611	1405
Apr 24, 2020	45684	369	1397	1101
Apr 25, 2020	45611	242	419	309
Apr 26, 2020	45479	436	3420	610
Apr 27, 2020	47853	367	1381	1373
Apr 28, 2020	47494	426	1675	1342
Apr 29, 2020	47401	289	1061	1248
Apr 30, 2020	46925	218	563	736
May 01, 2020	46534	166	740	350
May 02, 2020	46758	135	287	222
May 03, 2020	46688	306	537	587
May 04, 2020	46332	330	1029	1365
May 05, 2020	45666	278	3898	1236
May 06, 2020	48050	178	586	1055
May 07, 2020	47403	243	598	815
May 08, 2020	46943	80	403	4206
May 09, 2020	43060	70	195	4272
May 10, 2020	38913	263	425	2851
May 11, 2020	36224	348	659	1265
May 12, 2020	35270	83	473	2590
May 13, 2020	33070	351	580	5146
May 14, 2020	28153	104	524	2529
May 15, 2020	26044	96	347	2468
May 16, 2020	23827	146	112	77
May 17, 2020	23716	131	459	2361
May 18, 2020	21683	119	489	1002
May 19, 2020	21051	110	389	1941
May 20, 2020	19389	83	296	2584
May 21, 2020	17018	74	366	1753
May 22, 2020	15557	43	233	1610
May 23, 2020	14137	35	107	1738
May 24, 2020	12471	65	334	1267
May 25, 2020	11473	98	257	3800
May 26, 2020	7832	66	178	520
May 27, 2020	7424	66	3098	532
May 28, 2020	9924	52	556	351
May 29, 2020	10077	57	1703	138
May 30, 2020	11585	31	239	394
May 31, 2020	11399	31	315	628
Jun 01, 2020	11055	107	283	366
Jun 02, 2020	10865	81	330	499
Jun 03, 2020	10615	44	720	480
Jun 04, 2020	10811	46	573	301
Jun 05, 2020	11037	31	543	81
Jun 06, 2020	11468	13	322	446
Jun 07, 2020	11331	54	198	435
Jun 08, 2020	11040	87	378	302
Jun 09, 2020	11029	23	511	273
Jun 10, 2020	11244	27	399	339
Jun 11, 2020	11277	28	681	205
Jun 12, 2020	11725	24	494	83
Jun 13, 2020	12112	9	382	325
Jun 14, 2020	12160	29	143	228
Jun 15, 2020	12046	111	323	67
Jun 16, 2020	12191	28	430	3070
Jun 17, 2020	9523	28	438	528
Jun 18, 2020	9405	14	761	1689
Jun 19, 2020	8463	16	602	223
Jun 20, 2020	8826	7	267	308
Jun 21, 2020	8778	23	350	260
Jun 22, 2020	8845	57	485	273
Jun 23, 2020	9000	11	76	709
Jun 24, 2020	8356	21	0	552
Jun 25, 2020	7783	26	1490	517
Jun 26, 2020	8730	8	490	314
Jun 27, 2020	8898	9	490	189
Jun 28, 2020	9190	18	263	360
Jun 29, 2020	9075	30	508	481
Jun 30, 2020	9072	18	861	381
Jul 01, 2020	9534	14	618	667
Jul 02, 2020	9471	18	546	476
Jul 03, 2020	9523	7	526	375
Jul 04, 2020	9667	7	600	136
Jul 05, 2020	10124	13	165	310
Jul 06, 2020	9966	13	446	417
Jul 07, 2020	9982	32	622	406
Jul 08, 2020	10166	14	583	747
Jul 09, 2020	9988	25	617	577
Jul 10, 2020	10003	4	628	263
Jul 11, 2020	10364	3	627	347
Jul 12, 2020	10641	18	270	467
Jul 13, 2020	10426	71	480	5
Jul 14, 2020	10830	20	390	-20
Jul 15, 2020	11220	18	501	1472
Jul 16, 2020	10231	14	785	476
Jul 17, 2020	10526	9	812	481
Jul 18, 2020	10848	8	812	255
Jul 19, 2020	11397	8	328	500
Jul 20, 2020	11217	13	548	848
Jul 21, 2020	10904	7	937	611
Jul 22, 2020	11223	10	997	536
Jul 23, 2020	11674	10	1060	516
Jul 24, 2020	12208	4	956	596
Jul 25, 2020	12564	4	955	161
Jul 26, 2020	13354	9	482	437
Jul 27, 2020	13390	14	680	608
Jul 28, 2020	13448	15	1306	568
Jul 29, 2020	14171	16	1292	601
Jul 30, 2020	14846	11	1263	617
Jul 31, 2020	15481	3	0	624
Aug 01, 2020	14854	4	2646	266
Aug 02, 2020	17230	22	522	458
Aug 03, 2020	17272	2	975	388
Aug 04, 2020	17857	9	1591	492
Aug 05, 2020	18947	7	1505	778
Aug 06, 2020	19667	12	2147	800
Aug 07, 2020	21002	1	1910	811
Aug 08, 2020	22100	1	1909	327
Aug 09, 2020	23681	14	737	534
Aug 10, 2020	23870	14	1311	923
Aug 11, 2020	24244	17	2369	980
Aug 12, 2020	25616	17	2505	1043
Aug 13, 2020	27061	17	2671	939
Aug 14, 2020	28776	4	3106	951
Aug 15, 2020	30927	1	2829	481
Aug 16, 2020	33274	24	463	656
Aug 17, 2020	33057	17	2100	1289
Aug 18, 2020	33851	17	3544	1275
Aug 19, 2020	36103	12	4477	1251
Aug 20, 2020	39317	23	4304	-23
Aug 21, 2020	43621	9	3380	2637
Aug 22, 2020	44355	1	4596	521
Aug 23, 2020	48429	15	1835	960
Aug 24, 2020	49289	16	3101	1575
Aug 25, 2020	50799	0	5095	1505
Aug 26, 2020	54389	32	5735	2115
Aug 27, 2020	57977	20	6925	1890
Aug 28, 2020	62992	6	5117	1903
Aug 29, 2020	66200	4	5080	733
Aug 30, 2020	70543	29	2892	1282
Aug 31, 2020	72124	26	4675	2343
Sep 01, 2020	74430	25	6585	2480
Sep 02, 2020	78510	0	6716	2671
Sep 03, 2020	82555	0	8423	3106
Sep 04, 2020	87872	12	8024	2817
Sep 05, 2020	93067	3	6636	460
Sep 06, 2020	99240	25	3944	2075
Sep 07, 2020	101084	38	6141	3506
Sep 08, 2020	103681	30	8049	4447
Sep 09, 2020	107253	19	9237	4285
Sep 10, 2020	112186	80	8827	3300
Sep 11, 2020	117633	17	9911	4579
Sep 12, 2020	122948	6	6741	1829
Sep 13, 2020	127854	34	5779	3067
Sep 14, 2020	130532	49	7369	5046
Sep 15, 2020	132806	46	9182	5689
Sep 16, 2020	136253	50	9941	6875
Sep 17, 2020	139269	153	12402	4964
Sep 18, 2020	146554	26	12667	5054
Sep 19, 2020	154141	11	9918	2881
Sep 20, 2020	161167	53	4972	4622
Sep 21, 2020	161464	78	9392	6507
Sep 22, 2020	164271	43	12267	6673
Sep 23, 2020	169822	52	15105	8371
Sep 24, 2020	176504	150	14825	7874
Sep 25, 2020	183305	39	13525	6597
Sep 26, 2020	190194	27	10438	3917
Sep 27, 2020	196688	81	3819	6060
Sep 28, 2020	194366	85	7555	7964
Sep 29, 2020	193872	63	12054	9174
Sep 30, 2020	196689	63	13110	8764
Oct 01, 2020	200972	130	11400	9781
Oct 02, 2020	202461	49	15927	6692
Oct 03, 2020	211647	32	11792	5747
Oct 04, 2020	217660	69	4771	7300
Oct 05, 2020	215062	66	9843	9116
Oct 06, 2020	215723	80	17592	9861
Oct 07, 2020	223374	76	17013	12326
Oct 08, 2020	227985	109	19087	12558
Oct 09, 2020	234405	54	25240	9864
Oct 10, 2020	249727	46	15110	4926
Oct 11, 2020	259865	95	7981	9297
Oct 12, 2020	258454	108	12193	12159
Oct 13, 2020	258380	104	21200	15001
Oct 14, 2020	264475	88	28736	14737
Oct 15, 2020	278386	178	23542	13347
Oct 16, 2020	288403	89	30431	10349
Oct 17, 2020	308396	85	28000	3734
Oct 18, 2020	332577	146	12428	7409
Oct 19, 2020	337450	262	19208	11792
Oct 20, 2020	344604	163	25034	12947
Oct 21, 2020	356528	162	39060	11238
Oct 22, 2020	384188	298	39445	15629
Oct 23, 2020	407706	137	42626	11655
Oct 24, 2020	438540	116	48808	4655
Oct 25, 2020	482577	257	25123	9586
Oct 26, 2020	497857	523	31360	17069
Oct 27, 2020	511625	244	34194	16769
Oct 28, 2020	528806	235	44705	18852
Oct 29, 2020	554424	545	46185	24695
Oct 30, 2020	575369	223	33447	14887
Oct 31, 2020	593706	231	45258	7750
Nov 01, 2020	630983	467	51104	11726
Nov 02, 2020	669894	906	35912	20294
Nov 03, 2020	684606	437	39880	28299
Nov 04, 2020	695750	415	56292	23127
Nov 05, 2020	728500	880	58581	29551
Nov 06, 2020	756650	356	83324	27644
Nov 07, 2020	811974	322	38059	12106
Nov 08, 2020	837605	548	20732	18660
Nov 09, 2020	839129	857	22632	24177
Nov 10, 2020	836727	328	35488	38732
Nov 11, 2020	833155	425	32948	39020
Nov 12, 2020	826658	932	24147	41694
Nov 13, 2020	808179	552	31937	48256
Nov 14, 2020	791308	500	27370	24623
Nov 15, 2020	793555	704	10645	30656
Nov 16, 2020	772840	625	13630	33569
Nov 17, 2020	752276	677	26636	44028
Nov 18, 2020	734207	681	19848	45504
Nov 19, 2020	707870	634	21473	32813
Nov 20, 2020	695896	390	16780	44868
Nov 21, 2020	667418	352	12347	50752
Nov 22, 2020	628661	638	4178	35274
Nov 23, 2020	596927	592	8591	39288
Nov 24, 2020	565638	569	15280	55723
Nov 25, 2020	524626	527	12728	58054
Nov 26, 2020	478773	581	11692	82743
Nov 27, 2020	407141	316	11806	37743
Nov 28, 2020	380888	301	9182	20431
Nov 29, 2020	369338	509	3758	22123
Nov 30, 2020	350464	466	7585	35022
Dec 01, 2020	322561	425	13198	32523
Dec 02, 2020	302811	439	11914	23708
Dec 03, 2020	290578	397	10530	31540
Dec 04, 2020	269171	327	12127	27043
Dec 05, 2020	253928	287	10344	10358
Dec 06, 2020	253627	480	3201	13150
Dec 07, 2020	243198	491	12869	26145
Dec 08, 2020	229431	403	13697	19445
Dec 09, 2020	223280	400	12904	21073
Dec 10, 2020	214711	412	12581	16368
Dec 11, 2020	210512	314	13088	12033
Dec 12, 2020	211253	271	10823	3907
Dec 13, 2020	217898	492	2874	8099
Dec 14, 2020	212181	428	10822	14852
Dec 15, 2020	207723	407	16531	12321
Dec 16, 2020	211526	376	17130	11316
Dec 17, 2020	216964	374	14709	11432
Dec 18, 2020	219867	294	16484	8888
Dec 19, 2020	227169	236	12011	3522
Dec 20, 2020	235422	456	5440	7129
Dec 21, 2020	233277	487	11069	12711
Dec 22, 2020	231148	359	14010	11555
Dec 23, 2020	233244	373	20302	10157
Dec 24, 2020	243016	242	19015	11885
Dec 25, 2020	249904	230	2903	10114
Dec 26, 2020	242463	257	8279	2944
Dec 27, 2020	247541	447	2778	12422
Dec 28, 2020	237450	468	10694	13229
Dec 29, 2020	234447	377	24828	12527
Dec 30, 2020	246371	325	18700	12256
Dec 31, 2020	252490	207	18157	12881
Jan 01, 2021	257559	231	3253	10592
Jan 02, 2021	249989	191	11720	2683
Jan 03, 2021	258835	453	3774	10369
Jan 04, 2021	251787	420	19228	16111
Jan 05, 2021	254484	387	23817	16743
Jan 06, 2021	261171	381	20367	14328
Jan 07, 2021	266829	381	18594	16103
Jan 08, 2021	268939	264	18935	11747
Jan 09, 2021	275863	248	14963	5192
Jan 10, 2021	285386	407	3362	10662
Jan 11, 2021	277679	452	18536	13558
Jan 12, 2021	282205	347	22384	19955
Jan 13, 2021	284287	401	19921	18614
Jan 14, 2021	285193	399	19962	2504
Jan 15, 2021	302252	264	20088	8015
Jan 16, 2021	314061	213	15618	2565
Jan 17, 2021	326901	475	3506	10219
Jan 18, 2021	319713	441	22155	24387
Jan 19, 2021	317040	420	25135	18280
Jan 20, 2021	323475	456	21442	17701
Jan 21, 2021	326760	429	21858	2824
Jan 22, 2021	345365	295	22451	11425
Jan 23, 2021	356096	237	17301	3537
Jan 24, 2021	369623	510	3979	18718
Jan 25, 2021	354374	417	20726	23400
Jan 26, 2021	351283	505	25259	19862
Jan 27, 2021	356175	499	22307	18095
Jan 28, 2021	359888	510	21451	18425
Jan 29, 2021	362404	322	22890	14641
Jan 30, 2021	370331	275	18051	3087
Jan 31, 2021	385020	536	4079	18000
Feb 01, 2021	370563	485	21900	21899
Feb 02, 2021	370079	476	24739	19445
Feb 03, 2021	374897	476	22005	19486
Feb 04, 2021	376940	413	20776	19675
Feb 05, 2021	377628	263	19319	15355
Feb 06, 2021	381329	243	18501	3263
Feb 07, 2021	396324	530	4051	21625
Feb 08, 2021	378220	508	17708	24627
Feb 09, 2021	370793	404	23824	21038
Feb 10, 2021	373175	468	19766	21390
Feb 11, 2021	371083	429	19427	22022
Feb 12, 2021	368059	257	19924	17044
Feb 13, 2021	370682	226	15527	3753
Feb 14, 2021	382230	471	4107	20255
Feb 15, 2021	365611	410	18384	24849
Feb 16, 2021	358736	391	23478	21916
Feb 17, 2021	359907	352	21116	21099
Feb 18, 2021	359572	409	22631	22481
Feb 19, 2021	359313	213	20994	17838
Feb 20, 2021	362256	163	20689	3916
Feb 21, 2021	378866	363	4360	21537
Feb 22, 2021	361326	341	18829	24398
Feb 23, 2021	355416	370	29579	21635
Feb 24, 2021	362990	354	23839	20422
Feb 25, 2021	366053	379	23655	18940
Feb 26, 2021	370389	214	22519	18287
Feb 27, 2021	374407	125	18724	3926
Feb 28, 2021	389080	404	4413	17304
Mar 01, 2021	375785	330	21450	23494
Mar 02, 2021	373411	389	25139	19377
Mar 03, 2021	378784	360	23723	19067
Mar 04, 2021	383080	305	22060	19619
Mar 05, 2021	385216	187	21871	15340
Mar 06, 2021	391560	147	20482	3960
Mar 07, 2021	407935	377	4999	18007
Mar 08, 2021	394550	316	21868	23162
Mar 09, 2021	392940	295	28438	20821
Mar 10, 2021	400262	296	25494	22335
Mar 11, 2021	403125	254	23676	20740
Mar 12, 2021	405807	192	27927	20497
Mar 13, 2021	413045	137	24721	4223
Mar 14, 2021	433406	357	6073	18472
Mar 15, 2021	420650	338	28130	29241
Mar 16, 2021	419201	300	36131	23539
Mar 17, 2021	431493	327	32844	23328
Mar 18, 2021	440682	362	32911	22157
Mar 19, 2021	451074	244	33169	18480
Mar 20, 2021	465519	170	28699	4243
Mar 21, 2021	489805	402	35259	21048
Mar 22, 2021	503614	347	23350	24792
Mar 23, 2021	501825	305	31334	23418
Mar 24, 2021	509436	285	42831	21775
Mar 25, 2021	530207	363	39292	21508
Mar 26, 2021	547628	201	39995	20281
Mar 27, 2021	567141	142	34736	4857
Mar 28, 2021	596878	371	26843	21497
Mar 29, 2021	601853	348	26580	28090
Mar 30, 2021	599995	325	39327	25169
Mar 31, 2021	613828	314	47541	23362
Apr 01, 2021	637693	304	43804	27623
Apr 02, 2021	653570	213	18571	24508
Apr 03, 2021	647420	185	57172	5888
Apr 04, 2021	698519	197	11576	27933
Apr 05, 2021	681965	414	54241	35717
Apr 06, 2021	700075	431	28890	32413
Apr 07, 2021	696121	374	14892	32537
Apr 08, 2021	678102	301	38704	32868
Apr 09, 2021	683637	179	40620	28520
Apr 10, 2021	695558	176	32747	35083
Apr 11, 2021	693046	385	8011	22965
Apr 12, 2021	677707	351	36705	30983
Apr 13, 2021	683078	303	40827	42528
Apr 14, 2021	681074	302	35703	38990
Apr 15, 2021	677485	313	34199	39682
Apr 16, 2021	671689	189	33653	34547
Apr 17, 2021	670606	140	27538	26703
Apr 18, 2021	671301	489	6847	26091
Apr 19, 2021	651568	346	39882	38981
Apr 20, 2021	652123	313	32815	47228
Apr 21, 2021	637397	283	32205	43521
Apr 22, 2021	625798	332	30349	18239
Apr 23, 2021	637576	217	30624	56955
Apr 24, 2021	611028	152	22959	11424
Apr 25, 2021	622411	405	5586	53836
Apr 26, 2021	573756	333	28451	28557
Apr 27, 2021	573317	322	29598	14570
Apr 28, 2021	588023	313	24904	38391
Apr 29, 2021	574223	276	22803	40344
Apr 30, 2021	556406	195	24090	32552
May 01, 2021	547749	116	9279	7895
May 02, 2021	549017	315	3529	36390
May 03, 2021	515841	247	22871	40580
May 04, 2021	497885	252	24400	35451
May 05, 2021	486582	227	20375	33972
May 06, 2021	472758	235	17947	33418
May 07, 2021	457052	179	19468	27359
May 08, 2021	448982	119	8566	6728
May 09, 2021	450701	296	3089	39586
May 10, 2021	413908	240	18573	32575
May 11, 2021	399666	184	20175	32021
May 12, 2021	387636	131	18263	30218
May 13, 2021	375550	173	6593	30451
May 14, 2021	351519	122	14719	22837
May 15, 2021	343279	91	13089	5495
May 16, 2021	350782	206	3144	28245
May 17, 2021	325475	198	16151	29400
May 18, 2021	312028	146	17877	24763
May 19, 2021	304996	138	15415	22803
May 20, 2021	297470	113	12800	23947
May 21, 2021	286210	95	12611	9166
May 22, 2021	289560	76	9704	3440
May 23, 2021	295748	68	2229	22801
May 24, 2021	275108	203	3155	24320
May 25, 2021	253740	153	12646	20172
May 26, 2021	246061	151	13933	17803
May 27, 2021	242040	107	11268	19308
May 28, 2021	233893	69	10675	8459
May 29, 2021	236040	46	8541	3021
May 30, 2021	241514	128	1211	18529
May 31, 2021	224068	129	9848	20044
Jun 01, 2021	213743	98	8743	18134
Jun 02, 2021	204254	72	8161	6469
Jun 03, 2021	205874	84	6953	14673
Jun 04, 2021	198070	57	6654	13005
Jun 05, 2021	191662	26	5070	3087
Jun 06, 2021	193619	65	1166	16126
Jun 07, 2021	178594	73	6016	17811
Jun 08, 2021	166726	66	5557	15342
Jun 09, 2021	156875	70	4475	12735
Jun 10, 2021	148545	71	3871	12540
Jun 11, 2021	139805	34	3972	9604
Jun 12, 2021	134139	13	2855	2195
Jun 13, 2021	134786	63	689	3171
Jun 14, 2021	132241	80	3235	12583
Jun 15, 2021	122813	50	3058	13853
Jun 16, 2021	111968	62	2044	11224
Jun 17, 2021	102726	56	3181	10607
Jun 18, 2021	95244	22	2624	8485
Jun 19, 2021	89361	14	1815	1189
Jun 20, 2021	89973	40	487	9834
Jun 21, 2021	80586	51	2204	8703
Jun 22, 2021	74036	33	2320	8110
Jun 23, 2021	68213	44	2007	6920
Jun 24, 2021	63256	33	1986	6610
Jun 25, 2021	58599	16	2128	5037
Jun 26, 2021	55674	21	1578	1154
Jun 27, 2021	56077	48	509	5999
Jun 28, 2021	50539	33	2314	5501
Jun 29, 2021	47319	25	2457	4442
Jun 30, 2021	45309	29	2664	3846
Jul 01, 2021	44098	24	2683	3943
Jul 02, 2021	42814	17	3006	2831
Jul 03, 2021	42972	9	2549	672
Jul 04, 2021	44840	36	796	3226
Jul 05, 2021	42374	34	3585	3022
Jul 06, 2021	42903	28	4081	2010
Jul 07, 2021	44946	25	4442	3153
Jul 08, 2021	46210	18	4580	2599
Jul 09, 2021	48173	19	4696	1797
Jul 10, 2021	51053	4	4256	468
Jul 11, 2021	54837	28	1260	2200
Jul 12, 2021	53869	54	6950	2292
Jul 13, 2021	58473	6	8875	1953
Jul 14, 2021	65389	16	3617	1980
Jul 15, 2021	67010	22	10908	2112
Jul 16, 2021	75784	16	10949	1556
Jul 17, 2021	85161	5	12532	493
Jul 18, 2021	97195	20	4151	2309
Jul 19, 2021	99017	33	18181	2437
Jul 20, 2021	114728	29	21539	2631
Jul 21, 2021	133607	11	21909	2654
Jul 22, 2021	152851	26	19561	2995
Jul 23, 2021	169391	25	25624	2523
Jul 24, 2021	192467	7	15242	771
Jul 25, 2021	206931	50	5307	3579
Jul 26, 2021	208609	31	26871	4036
Jul 27, 2021	231413	44	27934	4414
Jul 28, 2021	254889	32	25190	4540
Jul 29, 2021	275507	66	24309	4667
Jul 30, 2021	295083	47	23471	4196
Jul 31, 2021	314311	20	19600	1217
Aug 01, 2021	332674	56	5184	6932
Aug 02, 2021	330870	63	26829	8824
Aug 03, 2021	348812	59	28784	3560
Aug 04, 2021	373977	57	26460	10855
Aug 05, 2021	389525	66	25077	10897
Aug 06, 2021	403639	35	25755	12472
Aug 07, 2021	416887	33	20450	4119
Aug 08, 2021	433185	75	5775	18151
Aug 09, 2021	420734	75	28576	21471
Aug 10, 2021	427764	60	30920	21841
Aug 11, 2021	436783	85	28554	19507
Aug 12, 2021	445745	82	26453	25547
Aug 13, 2021	446569	56	24427	15168
Aug 14, 2021	455772	49	21172	5256
Aug 15, 2021	471639	107	5829	26827
Aug 16, 2021	450534	123	28114	27837
Aug 17, 2021	450688	124	28405	25079
Aug 18, 2021	453890	140	23973	24197
Aug 19, 2021	453526	92	22319	23344
Aug 20, 2021	452409	89	22636	19517
Aug 21, 2021	455439	49	17300	5103
Aug 22, 2021	467587	119	5166	26785
Aug 23, 2021	445849	169	24853	28676
Aug 24, 2021	441857	102	23706	26307
Aug 25, 2021	439154	110	19683	24984
Aug 26, 2021	433743	109	18249	25432
Aug 27, 2021	426451	85	17590	20355
Aug 28, 2021	423601	61	13630	5701
Aug 29, 2021	431469	112	3795	28523
Aug 30, 2021	406629	136	19425	30822
Aug 31, 2021	395096	86	17621	28418
Sep 01, 2021	384213	103	15911	26320
Sep 02, 2021	373701	93	13466	24324
Sep 03, 2021	362750	83	13336	21079
Sep 04, 2021	354924	49	10410	5746
Sep 05, 2021	359539	102	3042	28065
Sep 06, 2021	334414	152	14534	28303
Sep 07, 2021	320493	100	12828	23821
Sep 08, 2021	309400	103	10969	22219
Sep 09, 2021	298047	80	9966	22533
Sep 10, 2021	285400	46	9601	17220
Sep 11, 2021	277735	29	7679	5120
Sep 12, 2021	280265	86	2062	24824
Sep 13, 2021	257417	147	10327	23620
Sep 14, 2021	243977	79	9144	19536
Sep 15, 2021	233506	65	8128	18170
Sep 16, 2021	223399	66	7373	17525
Sep 17, 2021	213181	42	7414	13564
Sep 18, 2021	206989	28	5814	3753
Sep 19, 2021	209022	68	1515	19397
Sep 20, 2021	191072	153	7851	17553
Sep 21, 2021	181217	58	6794	15758
Sep 22, 2021	172195	62	6229	13408
Sep 23, 2021	164954	49	5879	13274
Sep 24, 2021	157510	29	6012	10361
Sep 25, 2021	153132	14	4706	3013
Sep 26, 2021	154811	92	1309	14520
Sep 27, 2021	141508	60	6765	12736
Sep 28, 2021	135477	42	5835	10909
Sep 29, 2021	130361	56	5204	9924
Sep 30, 2021	125585	46	4935	9545
Oct 01, 2021	120929	30	4948	7633
Oct 02, 2021	118214	9	3744	2032
Oct 03, 2021	119917	50	1138	10318
Oct 04, 2021	110687	75	5558	9094
Oct 05, 2021	107076	34	4946	8053
Oct 06, 2021	103935	34	4615	7339
Oct 07, 2021	101177	38	4470	7380
Oct 08, 2021	98229	15	4734	5776
Oct 09, 2021	97172	8	3991	1500
Oct 10, 2021	99655	30	1120	7843
Oct 11, 2021	92902	68	5880	6764
Oct 12, 2021	91950	23	5578	6161
Oct 13, 2021	91344	38	5187	5856
Oct 14, 2021	90637	34	6099	5974
Oct 15, 2021	90728	15	4899	4672
Oct 16, 2021	90940	5	3778	1294
Oct 17, 2021	93419	41	1057	6760
Oct 18, 2021	87675	49	5934	5794
Oct 19, 2021	87766	21	6036	5155
Oct 20, 2021	88626	35	6127	4914
Oct 21, 2021	89804	29	6366	4913
Oct 22, 2021	91228	23	6291	3715
Oct 23, 2021	93781	4	5005	1115
Oct 24, 2021	97667	41	1295	5554
Oct 25, 2021	93367	47	6603	4905
Oct 26, 2021	95018	34	6528	4568
Oct 27, 2021	96944	33	6461	4436
Oct 28, 2021	98936	27	6433	4701
Oct 29, 2021	100641	22	7360	3964
Oct 30, 2021	104015	12	6329	1098
Oct 31, 2021	109234	6	1866	5868
Nov 01, 2021	105226	74	2039	5572
Nov 02, 2021	101619	39	10050	5113
Nov 03, 2021	106517	47	9502	6060
Nov 04, 2021	109912	26	8998	4852
Nov 05, 2021	114032	25	9605	3752
Nov 06, 2021	119860	10	8547	1032
Nov 07, 2021	127365	55	2197	5924
Nov 08, 2021	123583	58	12476	5981
Nov 09, 2021	130020	33	11883	6069
Nov 10, 2021	135801	17	12603	6333
Nov 11, 2021	142054	48	3860	6274
Nov 12, 2021	139592	16	14646	4957
Nov 13, 2021	149265	17	12496	1279
Nov 14, 2021	160465	70	3241	6586
Nov 15, 2021	157050	47	19778	6458
Nov 16, 2021	170323	50	20294	6414
Nov 17, 2021	184153	52	20366	6383
Nov 18, 2021	198084	50	21220	7308
Nov 19, 2021	211946	23	22678	6279
Nov 20, 2021	228322	15	19749	1843
Nov 21, 2021	246213	94	5266	2024
Nov 22, 2021	249361	98	30454	9956
Nov 23, 2021	269761	81	32591	9404
Nov 24, 2021	292867	43	33464	8917
Nov 25, 2021	317371	60	34436	9562
Nov 26, 2021	342185	34	37218	8487
Nov 27, 2021	370882	23	31648	2163
Nov 28, 2021	400344	122	8279	12453
Nov 29, 2021	396048	115	47177	11761
Nov 30, 2021	431349	96	49610	12488
Dec 01, 2021	468375	103	48416	3764
Dec 02, 2021	512924	127	49858	14543
Dec 03, 2021	548112	49	51624	12369
Dec 04, 2021	587318	29	42252	3192
Dec 05, 2021	626349	192	11308	19749
Dec 06, 2021	617716	172	59019	20102
Dec 07, 2021	656461	133	61340	20194
Dec 08, 2021	697474	136	56854	21087
Dec 09, 2021	733105	150	55339	-136
Dec 10, 2021	788430	65	53720	42277
Dec 11, 2021	799808	48	43848	5201
Dec 12, 2021	838407	243	12036	30406
Dec 13, 2021	819794	158	63405	32348
Dec 14, 2021	850693	151	65713	33306
Dec 15, 2021	882949	188	60866	34285
Dec 16, 2021	909342	162	58128	37030
Dec 17, 2021	930278	85	58536	31486
Dec 18, 2021	957243	75	48473	8194
Dec 19, 2021	997447	224	15075	47102
Dec 20, 2021	965196	229	72832	49386
Dec 21, 2021	988413	170	84272	48187
Dec 22, 2021	1024328	179	91608	49688
Dec 23, 2021	1066069	167	94124	51445
Dec 24, 2021	1108581	84	104611	42085
Dec 25, 2021	1171023	96	27697	11224
Dec 26, 2021	1187400	256	30383	58923
Dec 27, 2021	1158604	290	179807	61084
Dec 28, 2021	1277037	184	208099	56564
Dec 29, 2021	1428388	180	206243	55155
Dec 30, 2021	1579296	189	232200	53540
Dec 31, 2021	1757767	110	219126	43659
Jan 01, 2022	1933124	91	58432	11926
Jan 02, 2022	1979539	270	67461	63314
Jan 03, 2022	1983416	351	271686	65443
Jan 04, 2022	2189308	246	332252	60515
Jan 05, 2022	2460799	204	261481	57882
Jan 06, 2022	2664194	193	328214	58332
Jan 07, 2022	2933883	142	303669	48280
Jan 08, 2022	3189130	90	296097	14933
Jan 09, 2022	3470204	280	93896	72742
Jan 10, 2022	3491078	341	368149	83992
Jan 11, 2022	3774894	246	361719	91267
Jan 12, 2022	4045100	225	305322	93878
Jan 13, 2022	4256319	191	329371	104386
Jan 14, 2022	4481113	148	324580	27506
Jan 15, 2022	4778039	98	278129	30235
Jan 16, 2022	5025835	296	102144	179709
Jan 17, 2022	4947974	375	464769	207803
Jan 18, 2022	5204565	231	436167	205868
Jan 19, 2022	5434633	245	425183	231969
Jan 20, 2022	5627602	233	400851	218881
Jan 21, 2022	5809339	167	389320	58199
Jan 22, 2022	6140293	115	301614	67294
Jan 23, 2022	6374498	393	108481	271571
Jan 24, 2022	6211015	467	501635	331859
Jan 25, 2022	6380324	258	428008	261014
Jan 26, 2022	6547060	268	392168	327956
Jan 27, 2022	6611004	263	353503	303401
Jan 28, 2022	6660843	178	332398	295834
Jan 29, 2022	6697229	127	249448	93718
Jan 30, 2022	6852832	348	82657	368022
Jan 31, 2022	6567119	381	416896	361371
Feb 01, 2022	6622263	276	315363	304941
Feb 02, 2022	6632409	264	274352	329095
Feb 03, 2022	6577402	355	241049	324316
Feb 04, 2022	6493780	170	214542	277774
Feb 05, 2022	6430378	129	155439	101974
Feb 06, 2022	6483714	417	46001	464640
Feb 07, 2022	6064658	691	235267	435750
Feb 08, 2022	5863484	283	179614	412530
Feb 09, 2022	5630285	310	153025	412530
Feb 10, 2022	5370470	329	131376	389010
Feb 11, 2022	5112507	161	118611	301285
Feb 12, 2022	4929672	107	86562	108320
Feb 13, 2022	4907807	385	26475	501528
Feb 14, 2022	4432369	390	142253	427623
Feb 15, 2022	4146609	276	98735	391778
Feb 16, 2022	3853290	287	92345	353227
Feb 17, 2022	3592121	304	82553	332111
Feb 18, 2022	3342259	148	76638	249144
Feb 19, 2022	3169605	114	59003	82509
Feb 20, 2022	3145985	283	17195	416896
Feb 21, 2022	2746001	285	97382	319295
Feb 22, 2022	2523803	213	66833	269738
Feb 23, 2022	2320685	281	66732	240836
Feb 24, 2022	2146300	188	58138	214261
Feb 25, 2022	1989989	101	53623	155251
Feb 26, 2022	1888260	76	42600	45900
Feb 27, 2022	1884884	232	13483	235191
Feb 28, 2022	1662944	209	79794	179382
Mar 01, 2022	1563147	186	57697	152816
Mar 02, 2022	1467842	180	60225	131190
Mar 03, 2022	1396697	181	57789	118431
Mar 04, 2022	1335874	120	53678	86381
Mar 05, 2022	1303051	32	45328	26355
Mar 06, 2022	1321992	176	14496	142221
Mar 07, 2022	1194091	167	93050	98559
Mar 08, 2022	1188415	155	69190	92178
Mar 09, 2022	1165272	107	74818	82398
Mar 10, 2022	1157585	149	72399	76531
Mar 11, 2022	1153304	51	72443	58854
Mar 12, 2022	1166842	29	60422	17144
Mar 13, 2022	1210091	185	18853	97353
Mar 14, 2022	1131406	146	116618	66648
Mar 15, 2022	1181230	173	108832	66586
Mar 16, 2022	1223303	116	101747	57965
Mar 17, 2022	1266969	112	97579	53507
Mar 18, 2022	1310929	62	98104	42488
Mar 19, 2022	1366483	30	81283	13421
Mar 20, 2022	1434315	152	24179	79764
Mar 21, 2022	1378578	133	180777	57545
Mar 22, 2022	1501677	101	145560	60092
Mar 23, 2022	1587044	124	148635	57688
Mar 24, 2022	1677867	121	143571	53554
Mar 25, 2022	1767763	67	139517	45207
Mar 26, 2022	1862006	41	110174	14429
Mar 27, 2022	1957710	149	29455	93009
Mar 28, 2022	1894007	164	217480	69041
Mar 29, 2022	2042282	149	169024	74654
Mar 30, 2022	2136503	139	169311	72250
Mar 31, 2022	2233425	134	148629	72304
Apr 01, 2022	2309616	68	132114	60288
Apr 02, 2022	2381374	31	102266	18785
Apr 03, 2022	2464824	149	27648	116587
Apr 04, 2022	2375736	129	203021	108683
Apr 05, 2022	2469945	128	161950	101618
Apr 06, 2022	2530149	105	158792	97451
Apr 07, 2022	2591385	139	148768	97999
Apr 08, 2022	2642015	87	141690	81144
Apr 09, 2022	2702474	45	107654	24092
Apr 10, 2022	2785991	178	25492	180732
Apr 11, 2022	2630573	159	190762	145382
Apr 12, 2022	2675794	152	146426	148476
Apr 13, 2022	2673592	133	137342	143419
Apr 14, 2022	2667382	151	125394	139384
Apr 15, 2022	2653241	61	111583	110023
Apr 16, 2022	2654740	35	86650	29394
Apr 17, 2022	2711961	48	19810	217445
Apr 18, 2022	2514278	182	25465	168976
Apr 19, 2022	2370585	227	155711	169129
Apr 20, 2022	2356940	185	104007	148402
Apr 21, 2022	2312360	146	88389	131929
Apr 22, 2022	2268674	75	80571	102120
Apr 23, 2022	2247050	40	58954	27573
Apr 24, 2022	2278391	197	13984	202981
Apr 25, 2022	2089197	170	97498	161753
Apr 26, 2022	2024772	152	67711	158622
Apr 27, 2022	1933709	132	59760	148616
Apr 28, 2022	1844721	158	52919	141558
Apr 29, 2022	1755924	61	49482	107496
Apr 30, 2022	1697849	32	36726	25431
May 01, 2022	1709112	180	8737	190730
May 02, 2022	1526939	120	67017	146246
May 03, 2022	1447590	114	47925	137222
May 04, 2022	1358179	122	44225	125280
May 05, 2022	1277002	110	40224	111461
May 06, 2022	1205655	62	37958	86540
May 07, 2022	1157011	54	29324	19748
May 08, 2022	1166533	132	7354	25411
May 09, 2022	1148344	123	56449	155579
May 10, 2022	1049091	96	40299	103884
May 11, 2022	985410	84	36047	88293
May 12, 2022	933080	98	32773	80487
May 13, 2022	885268	74	30459	58856
May 14, 2022	856797	21	22844	13984
May 15, 2022	865636	126	5936	97403
May 16, 2022	774043	90	43727	67585
May 17, 2022	750095	80	29995	59670
May 18, 2022	720340	67	27842	52839
May 19, 2022	695276	65	24332	49415
May 20, 2022	670128	44	22507	36661
May 21, 2022	655930	11	16965	8737
May 22, 2022	664147	82	4386	66962
May 23, 2022	601489	88	32029	47843
May 24, 2022	585587	51	22006	44137
May 25, 2022	563405	28	21234	40173
May 26, 2022	544438	45	4811	37930
May 27, 2022	511274	23	23582	29279
May 28, 2022	505554	14	16440	7354
May 29, 2022	514626	85	4673	56412
May 30, 2022	462802	76	35142	40214
May 31, 2022	457654	58	26144	35971
Jun 01, 2022	447769	41	25365	32715
Jun 02, 2022	440378	38	25130	30418
Jun 03, 2022	435052	34	25172	22806
Jun 04, 2022	437384	10	20542	5936
Jun 05, 2022	451980	9	6184	43727
Jun 06, 2022	414428	74	11627	29942
Jun 07, 2022	396039	77	53802	27768
Jun 08, 2022	421996	42	40151	24255
Jun 09, 2022	437850	39	17152	-42
Jun 10, 2022	455005	0	0	39433
Jun 11, 2022	415572	0	79397	4386
Jun 12, 2022	490583	92	8474	32029
Jun 13, 2022	466936	57	65425	21914
Jun 14, 2022	510390	49	51954	21177
Jun 15, 2022	541118	49	53081	4762
Jun 16, 2022	589388	43	50605	23533
Jun 17, 2022	616417	19	50266	-43
Jun 18, 2022	666707	3	40125	16440
Jun 19, 2022	690389	45	11566	39793
Jun 20, 2022	662117	56	95217	26099
Jun 21, 2022	731179	66	77967	25309
Jun 22, 2022	783771	40	79852	25064
Jun 23, 2022	838519	49	79262	25132
Jun 24, 2022	892600	30	80926	-49
Jun 25, 2022	973545	11	66301	20542
Jun 26, 2022	1019293	48	17601	17770
Jun 27, 2022	1019076	37	147248	53754
Jun 28, 2022	1112533	48	124724	40114
Jun 29, 2022	1197095	42	133346	17104
Jun 30, 2022	1313295	52	125066	-42
Jul 01, 2022	1438351	30	122639	-52
Jul 02, 2022	1561012	14	96191	79397
Jul 03, 2022	1577792	97	24418	73899
Jul 04, 2022	1528214	75	206554	51813
Jul 05, 2022	1682880	53	154615	53006
Jul 06, 2022	1784436	89	161265	50552
Jul 07, 2022	1895060	74	140997	50177
Jul 08, 2022	1985806	39	116405	-74
Jul 09, 2022	2102246	15	110589	40125
Jul 10, 2022	2172695	108	24343	106783
Jul 11, 2022	2090147	126	182006	77805
Jul 12, 2022	2194222	109	127642	79726
Jul 13, 2022	2242029	54	119285	79153
Jul 14, 2022	2282107	108	23027	80872
Jul 15, 2022	2224154	59	124009	66193
Jul 16, 2022	2281911	26	73668	17601
Jul 17, 2022	2337952	174	17733	147163
Jul 18, 2022	2208348	144	134188	124550
Jul 19, 2022	2217842	125	89982	133202
Jul 20, 2022	2174497	133	80869	124941
Jul 21, 2022	2130292	113	74348	122506
Jul 22, 2022	2082021	57	68532	96078
Jul 23, 2022	2054418	23	50032	24418
Jul 24, 2022	2080009	130	11195	206474
Jul 25, 2022	1884600	119	87562	154485
Jul 26, 2022	1817558	103	58638	161146
Jul 27, 2022	1714947	112	51594	140894
Jul 28, 2022	1625535	89	45515	116293
Jul 29, 2022	1554668	55	41274	110500
Jul 30, 2022	1485387	20	31535	24343
Jul 31, 2022	1492559	121	7249	181931
Aug 01, 2022	1317756	101	54519	127521
Aug 02, 2022	1244653	90	38788	119184
Aug 03, 2022	1164167	87	33799	22937
Aug 04, 2022	1174942	80	30592	123922
Aug 05, 2022	1081532	45	28518	73588
Aug 06, 2022	1036417	20	21528	17733
Aug 07, 2022	1040192	109	5090	134123
Aug 08, 2022	911050	111	38230	89873
Aug 09, 2022	859296	88	27081	80758
Aug 10, 2022	805531	80	24312	74260
Aug 11, 2022	755503	74	22638	68452
Aug 12, 2022	709615	0	21175	49958
Aug 13, 2022	680832	0	16347	11195
Aug 14, 2022	685984	65	4564	87562
Aug 15, 2022	602921	113	6331	58573
Aug 16, 2022	550566	93	35745	51481
Aug 17, 2022	534737	92	23605	45422
Aug 18, 2022	512828	74	20236	41182
Aug 19, 2022	491808	40	19870	31461
Aug 20, 2022	480177	0	14820	7249
Aug 21, 2022	487748	76	4012	54479
Aug 22, 2022	437205	88	28988	38712
Aug 23, 2022	427393	57	21289	33711
Aug 24, 2022	414914	44	19837	30535
Aug 25, 2022	404172	51	18116	28474
Aug 26, 2022	393763	23	17833	21477
Aug 27, 2022	390096	9	14110	5090
Aug 28, 2022	399107	78	3806	38198
Aug 29, 2022	364637	72	27358	27003
Aug 30, 2022	364920	54	19240	24240
Aug 31, 2022	359866	41	18646	22584
Sep 01, 2022	355887	55	16399	21134
Sep 02, 2022	351097	14	15597	16292
Sep 03, 2022	350388	3	12894	4564
Sep 04, 2022	358715	67	3443	6314
Sep 05, 2022	355777	60	26918	35678
Sep 06, 2022	346957	46	20142	23545
Sep 07, 2022	343508	58	19866	20190
Sep 08, 2022	343126	31	19087	19812
Sep 09, 2022	342370	15	19517	14789
Sep 10, 2022	347083	6	16422	4012
Sep 11, 2022	359487	40	4579	28967
Sep 12, 2022	335059	49	41850	21249
Sep 13, 2022	355611	33	33575	19788
Sep 14, 2022	369365	33	33263	18083
Sep 15, 2022	384512	28	28686	17800
Sep 16, 2022	395370	11	33162	14082
Sep 17, 2022	414439	2	23137	3806
Sep 18, 2022	433768	58	5219	27345
Sep 19, 2022	411584	48	51816	19182
Sep 20, 2022	444170	33	38250	18598
Sep 21, 2022	463789	30	38464	16366
Sep 22, 2022	485857	33	37524	15567
Sep 23, 2022	507781	14	38024	12861
Sep 24, 2022	532930	8	31365	3443
Sep 25, 2022	560844	51	7489	26896
Sep 26, 2022	541386	40	73639	20091
Sep 27, 2022	594894	45	53410	19826
Sep 28, 2022	628433	33	51366	19042
Sep 29, 2022	660724	34	48261	19484
Sep 30, 2022	689467	17	46596	16388
Oct 01, 2022	719658	7	37453	4579
Oct 02, 2022	752525	62	8690	41826
Oct 03, 2022	719327	74	89185	33513
Oct 04, 2022	774925	47	66564	33189
Oct 05, 2022	808253	50	65537	28639
Oct 06, 2022	845101	53	61121	33112
Oct 07, 2022	873057	26	57270	23084
Oct 08, 2022	907217	8	42626	5219
Oct 09, 2022	944616	79	9373	51782
Oct 10, 2022	902128	85	94753	38171
Oct 11, 2022	958625	55	67948	38379
Oct 12, 2022	988139	62	64218	37469
Oct 13, 2022	1014826	79	58695	37962
Oct 14, 2022	1035480	35	55394	31286
Oct 15, 2022	1059553	17	41973	7489
Oct 16, 2022	1094020	112	9421	73587
Oct 17, 2022	1029742	101	87666	53298
Oct 18, 2022	1064009	106	63031	51265
Oct 19, 2022	1075669	69	56793	48155
Oct 20, 2022	1084238	81	49087	46527
Oct 21, 2022	1086717	33	43746	37372
Oct 22, 2022	1093058	17	31470	8690
Oct 23, 2022	1115821	122	6907	89135
Oct 24, 2022	1033471	131	59653	66442
Oct 25, 2022	1026551	60	41185	65406
Oct 26, 2022	1002270	71	37089	61061
Oct 27, 2022	978227	61	25783	57199
Oct 28, 2022	946750	41	22723	42565
Oct 29, 2022	926867	9	16456	9373
Oct 30, 2022	933941	112	3768	94703
Oct 31, 2022	842894	53	29525	67836
Nov 01, 2022	804530	97	5691	64165
Nov 02, 2022	745959	55	42025	58598
Nov 03, 2022	729331	78	29438	55339
Nov 04, 2022	703352	34	26840	41895
Nov 05, 2022	688263	9	21178	0
Nov 06, 2022	709432	109	3645	97044
Nov 07, 2022	615924	117	40591	62922
Nov 08, 2022	593476	72	28702	56676
Nov 09, 2022	565430	53	27068	49015
Nov 10, 2022	543430	33	26353	43693
Nov 11, 2022	526057	15	5577	31437
Nov 12, 2022	500182	2	27155	6907
Nov 13, 2022	520428	100	6017	59636
Nov 14, 2022	466709	110	48971	41085
Nov 15, 2022	474485	71	34878	36979
Nov 16, 2022	472313	87	33331	25712
Nov 17, 2022	479845	74	37177	22636
Nov 18, 2022	494312	75	47088	16382
Nov 19, 2022	524943	6	14204	3768
Nov 20, 2022	535373	94	29335	29444
Nov 21, 2022	535170	89	64772	5597
Nov 22, 2022	594256	84	49188	41936
Nov 23, 2022	601424	60	50530	-84
Nov 24, 2022	651978	68	48629	56218
Nov 25, 2022	644321	29	48331	21110
Nov 26, 2022	671513	8	37675	3645
Nov 27, 2022	705535	95	9304	40554
Nov 28, 2022	674190	88	91814	28607
Nov 29, 2022	737309	91	68382	26980
Nov 30, 2022	778620	76	69253	26262
Dec 01, 2022	821535	67	59008	5501
Dec 02, 2022	874975	38	52908	27088
Dec 03, 2022	900757	10	40006	6017
Dec 04, 2022	934736	104	10591	48923
Dec 05, 2022	896300	117	105516	34774
Dec 06, 2022	966925	93	75752	33214
Dec 07, 2022	1009370	62	71597	37084
Dec 08, 2022	1043821	94	65509	47026
Dec 09, 2022	1062210	62	61482	14110
Dec 10, 2022	1109520	30	46422	29335
Dec 11, 2022	1126577	167	10878	64680
Dec 12, 2022	1072608	138	97037	49021
Dec 13, 2022	1120486	114	70224	50392
Dec 14, 2022	1140204	106	62541	48515
Dec 15, 2022	1154124	131	56361	48225
Dec 16, 2022	1162129	45	52544	37544
Dec 17, 2022	1177084	35	37264	9304
Dec 18, 2022	1205009	178	8213	91734
Dec 19, 2022	1121310	130	71212	68204
Dec 20, 2022	1124188	127	54613	69123
Dec 21, 2022	1109551	120	49517	58881
Dec 22, 2022	1100067	158	43766	52788
Dec 23, 2022	1090887	58	40744	39848
Dec 24, 2022	1091725	24	23681	0
Dec 25, 2022	1115382	133	5429	10591
Dec 26, 2022	1110087	208	30989	105516
Dec 27, 2022	1035352	140	26081	147349
Dec 28, 2022	913944	132	24436	64946
Dec 29, 2022	873302	115	23808	61350
Dec 30, 2022	835645	52	21836	46307
Dec 31, 2022	811122	28	15005	10878
Jan 01, 2023	815221	172	2246	96957
Jan 02, 2023	720338	163	22916	70052
Jan 03, 2023	673039	123	14105	62378
Jan 04, 2023	624643	143	11537	56238
Jan 05, 2023	579799	126	10383	52401
Jan 06, 2023	537655	54	8961	37264
Jan 07, 2023	509298	22	6557	8213
Jan 08, 2023	507620	145	1702	71010
Jan 09, 2023	438167	115	11715	54468
Jan 10, 2023	395299	88	7635	49402
Jan 11, 2023	353444	53	7159	43678
Jan 12, 2023	316872	101	6238	40691
Jan 13, 2023	282318	27	5429	23580
Jan 14, 2023	264140	9	4166	5429
Jan 15, 2023	262868	80	1235	30953
Jan 16, 2023	233070	99	8381	26001
Jan 17, 2023	215351	82	5894	24337
Jan 18, 2023	196826	64	4992	23726
Jan 19, 2023	178028	44	4475	21772
Jan 20, 2023	160687	54	4324	14961
Jan 21, 2023	149996	9	3477	2246
Jan 22, 2023	151218	134	1027	22853
Jan 23, 2023	129258	59	7263	13971
Jan 24, 2023	122491	0	5347	11478
Jan 25, 2023	116360	28	5287	10383
Jan 26, 2023	111236	44	4681	8933
Jan 27, 2023	106940	0	4513	6513
Jan 28, 2023	104940	0	3802	1702
Jan 29, 2023	107040	96	982	11715
Jan 30, 2023	96211	57	6860	7539
Jan 31, 2023	95475	53	4506	7102
Feb 01, 2023	92826	52	4021	6185
Feb 02, 2023	90610	28	3618	0
Feb 03, 2023	94200	21	3312	5429
Feb 04, 2023	92062	0	2632	4166
Feb 05, 2023	90528	40	718	9616
Feb 06, 2023	81590	42	4999	5753
Feb 07, 2023	80794	31	3991	4950
Feb 08, 2023	79804	17	3653	4444
Feb 09, 2023	78996	20	3366	4307
Feb 10, 2023	78035	0	3187	3457
Feb 11, 2023	77765	0	2469	1027
Feb 12, 2023	79207	50	706	7263
Feb 13, 2023	72600	35	4986	5297
Feb 14, 2023	72254	35	3972	5252
Feb 15, 2023	70939	27	4021	4646
Feb 16, 2023	70287	28	3589	4486
Feb 17, 2023	69362	0	4236	3774
Feb 18, 2023	69824	0	2999	982
Feb 19, 2023	71841	47	898	6860
Feb 20, 2023	65832	32	5774	4459
Feb 21, 2023	67115	38	4584	3989
Feb 22, 2023	67672	19	4489	3580
Feb 23, 2023	68562	29	3917	3293
Feb 24, 2023	69157	0	3843	2603
Feb 25, 2023	70397	0	2942	718
Feb 26, 2023	72621	52	841	4999
Feb 27, 2023	68411	34	5651	3939
Feb 28, 2023	70089	25	4525	3619
Mar 01, 2023	70970	21	4196	3341
Mar 02, 2023	71804	21	3194	3166
Mar 03, 2023	71811	0	4013	2448
Mar 04, 2023	73376	0	0	0
Mar 05, 2023	73376	43	953	5692
Mar 06, 2023	68594	0	0	-43
Mar 07, 2023	68637	0	0	3972
Mar 08, 2023	64665	0	0	4021
Mar 09, 2023	60644	90	6188	7825
Mar 10, 2023	58917	0	6072	2909
Mar 11, 2023	62080	0	4558	898
Mar 12, 2023	65740	50	1235	5774
Mar 13, 2023	61151	27	9937	4534
Mar 14, 2023	66527	24	8348	4462
Mar 15, 2023	70389	24	7932	3893
Mar 16, 2023	74404	26	7228	3819
Mar 17, 2023	77787	0	7210	2916
Mar 18, 2023	82081	0	5459	841
Mar 19, 2023	86699	63	1470	5651
Mar 20, 2023	82455	35	11519	4462
Mar 21, 2023	89477	13	9762	4161
Mar 22, 2023	95065	29	9249	3181
Mar 23, 2023	101104	15	8839	3984
Mar 24, 2023	105944	0	8435	-15
Mar 25, 2023	114394	0	6211	953
Mar 26, 2023	119652	65	7	0
Mar 27, 2023	119594	39	12933	-65
Mar 28, 2023	132553	36	10885	-39
Mar 29, 2023	143441	0	0	-36
Mar 30, 2023	143477	69	9211	12260
Mar 31, 2023	140359	0	8455	4489
Apr 01, 2023	144325	0	6027	1235
Apr 02, 2023	149117	58	1453	9937
Apr 03, 2023	140575	0	0	-58
Apr 04, 2023	140633	58	9922	16280
Apr 05, 2023	134217	35	9374	7170
Apr 06, 2023	136386	28	8786	7175
Apr 07, 2023	137969	0	7739	5431
Apr 08, 2023	140277	0	6474	1470
Apr 09, 2023	145281	0	1342	11519
Apr 10, 2023	135104	0	1884	9762
Apr 11, 2023	127226	59	14207	9249
Apr 12, 2023	132125	0	10678	8780
Apr 13, 2023	134023	108	9467	8435
Apr 14, 2023	134947	0	8595	6103
Apr 15, 2023	137439	0	5805	7
Apr 16, 2023	143237	0	1411	12933
Apr 17, 2023	131715	140	10616	10885
Apr 18, 2023	131306	0	8807	-140
Apr 19, 2023	140253	0	8201	9211
Apr 20, 2023	139243	125	7400	8455
Apr 21, 2023	138063	0	6796	5902
Apr 22, 2023	138957	0	5008	1453
Apr 23, 2023	142512	0	1185	0
Apr 24, 2023	143697	136	8895	9922
Apr 25, 2023	142534	0	7490	9238
Apr 26, 2023	140786	0	6609	8786
Apr 27, 2023	138609	131	6144	7739
Apr 28, 2023	136883	0	5642	6343
Apr 29, 2023	136182	0	4030	1342
Apr 30, 2023	138870	0	1098	1884
May 01, 2023	138084	89	1065	14207
May 02, 2023	124853	0	8715	10589
May 03, 2023	122979	0	6161	9467
May 04, 2023	119673	166	5505	8595
May 05, 2023	116417	0	5103	5639
May 06, 2023	115881	0	3301	1411
May 07, 2023	117771	0	759	10616
May 08, 2023	107914	51	1044	8807
May 09, 2023	100100	0	6708	8150
May 10, 2023	98658	0	0	0
May 11, 2023	98658	108	9003	14196
May 12, 2023	93357	0	3706	4900
May 13, 2023	92163	0	2563	1185
May 14, 2023	93541	0	623	8895
May 15, 2023	85269	82	5118	7490
May 16, 2023	82815	0	4149	6527
May 17, 2023	80437	0	0	0
May 18, 2023	80437	0	0	6144
May 19, 2023	74293	0	0	5642
May 20, 2023	68651	0	0	4030
May 21, 2023	64621	76	677	2163
May 22, 2023	63059	79	5901	8639
May 23, 2023	60242	0	4905	6082
May 24, 2023	59065	0	4220	5505
May 25, 2023	57780	56	3724	5103
May 26, 2023	56345	0	3317	3245
May 27, 2023	56417	0	2284	759
May 28, 2023	57942	0	592	1044
May 29, 2023	57490	48	902	6708
May 30, 2023	51636	0	5210	-48
May 31, 2023	56894	0	3735	9003
Jun 01, 2023	51626	62	3204	3706
Jun 02, 2023	51062	0	2797	2501
Jun 03, 2023	51358	0	2082	623
Jun 04, 2023	52817	0	443	5118
Jun 05, 2023	48142	51	3590	4149
Jun 06, 2023	47532	0	2762	-51
Jun 07, 2023	50345	0	2603	0
Jun 08, 2023	52948	56	2357	0
Jun 09, 2023	55249	0	2135	-56
Jun 10, 2023	57440	0	1282	677
Jun 11, 2023	58045	0	332	5901
Jun 12, 2023	52476	28	2631	4905
Jun 13, 2023	50174	0	2069	4192
Jun 14, 2023	48051	0	545	3724
Jun 15, 2023	44872	40	2895	3317
Jun 16, 2023	44410	0	1482	2244
Jun 17, 2023	43648	0	1080	592
Jun 18, 2023	44136	0	270	902
Jun 19, 2023	43504	45	2071	5210
Jun 20, 2023	40320	0	1702	3690
Jun 21, 2023	38332	0	1420	3204
Jun 22, 2023	36548	23	1232	2797
Jun 23, 2023	34960	0	1217	2059
Jun 24, 2023	34118	0	776	443
Jun 25, 2023	34451	0	213	3590
Jun 26, 2023	31074	26	1680	2762
Jun 27, 2023	29966	0	1148	2577
Jun 28, 2023	28537	0	1106	2357
Jun 29, 2023	27286	0	1106	2135
Jun 30, 2023	26257	0	0	0
Jul 01, 2023	26257	0	0	1282
Jul 02, 2023	24975	0	0	332
Jul 03, 2023	24643	0	0	2631
Jul 04, 2023	22012	0	0	2069
Jul 05, 2023	19943	0	0	545
Jul 06, 2023	19398	0	0	2895
Jul 07, 2023	16503	0	0	1482
Jul 08, 2023	15021	0	0	1080
Jul 09, 2023	13941	0	0	270
Jul 10, 2023	13671	0	0	2071
Jul 11, 2023	11600	0	0	1702
Jul 12, 2023	9898	0	0	1420
Jul 13, 2023	8478	0	0	1232
Jul 14, 2023	7246	0	0	1217
Jul 15, 2023	6029	0	0	776
Jul 16, 2023	5253	0	0	213
Jul 17, 2023	5040	0	0	1680
Jul 18, 2023	3360	0	0	1148
Jul 19, 2023	2212	0	0	1106
Jul 20, 2023	1106	0	0	1106
Jul 21, 2023	0	0	0	0
Jul 22, 2023	0	0	0	0
Jul 23, 2023	0	0	0	0
Jul 24, 2023	0	0	0	0
Jul 25, 2023	0	0	0	0
Jul 26, 2023	0	0	0	0
Jul 27, 2023	0	0	0	0
Jul 28, 2023	0	0	0	0
Jul 29, 2023	0	0	0	0
Jul 30, 2023	0	0	0	0
Jul 31, 2023	0	0	0	0
Aug 01, 2023	0	0	0	0
Aug 02, 2023	0	0	0	0
Aug 03, 2023	0	0	0	0
Aug 04, 2023	0	0	0	0
Aug 05, 2023	0	0	0	0
Aug 06, 2023	0	0	0	0
Aug 07, 2023	0	0	0	0
Aug 08, 2023	0	0	0	0
Aug 09, 2023	0	0	0	0
Aug 10, 2023	0	0	0	0
Aug 11, 2023	0	0	0	0
Aug 12, 2023	0	0	0	0
Aug 13, 2023	0	0	0	0
Aug 14, 2023	0	0	0	0
Aug 15, 2023	0	0	0	0
Aug 16, 2023	0	0	0	0
Aug 17, 2023	0	0	0	0
Aug 18, 2023	0	0	0	0
Aug 19, 2023	0	0	0	0
Aug 20, 2023	0	0	0	0
Aug 21, 2023	0	0	0	0
Aug 22, 2023	0	0	0	0
Aug 23, 2023	0	0	0	0
Aug 24, 2023	0	0	0	0
Aug 25, 2023	0	0	0	0
Aug 26, 2023	0	0	0	0
Aug 27, 2023	0	0	0	0
Aug 28, 2023	0	0	0	0
Aug 29, 2023	0	0	0	0
Aug 30, 2023	0	0	0	0
Aug 31, 2023	0	0	0	0
Sep 01, 2023	0	0	0	0
Sep 02, 2023	0	0	0	0
Sep 03, 2023	0	0	0	0
Sep 04, 2023	0	0	0	0
Sep 05, 2023	0	0	0	0
Sep 06, 2023	0	0	0	0
Sep 07, 2023	0	0	0	0
Sep 08, 2023	0	0	0	0
Sep 09, 2023	0	0	0	0
Sep 10, 2023	0	0	0	0
Sep 11, 2023	0	0	0	0
Sep 12, 2023	0	0	0	0
Sep 13, 2023	0	0	0	0
Sep 14, 2023	0	0	0	0
Sep 15, 2023	0	0	0	0
Sep 16, 2023	0	0	0	0
Sep 17, 2023	0	0	0	0
Sep 18, 2023	0	0	0	0
Sep 19, 2023	0	0	0	0
Sep 20, 2023	0	0	0	0
Sep 21, 2023	0	0	0	0
Sep 22, 2023	0	0	0	0
Sep 23, 2023	0	0	0	0
Sep 24, 2023	0	0	0	0
Sep 25, 2023	0	0	0	0
Sep 26, 2023	0	0	0	0
Sep 27, 2023	0	0	0	0
Sep 28, 2023	0	0	0	0
Sep 29, 2023	0	0	0	0
Sep 30, 2023	0	0	0	0
Oct 01, 2023	0	0	0	0
Oct 02, 2023	0	0	0	0
Oct 03, 2023	0	0	0	0
Oct 04, 2023	0	0	0	0
Oct 05, 2023	0	0	0	0
Oct 06, 2023	0	0	0	0
Oct 07, 2023	0	0	0	0
Oct 08, 2023	0	0	0	0
Oct 09, 2023	0	0	0	0
Oct 10, 2023	0	0	0	0
Oct 11, 2023	0	0	0	0
Oct 12, 2023	0	0	0	0
Oct 13, 2023	0	0	0	0
Oct 14, 2023	0	0	0	0
Oct 15, 2023	0	0	0	0
Oct 16, 2023	0	0	0	0
Oct 17, 2023	0	0	0	0
Oct 18, 2023	0	0	0	0
Oct 19, 2023	0	0	0	0
Oct 20, 2023	0	0	0	0
Oct 21, 2023	0	0	0	0
Oct 22, 2023	0	0	0	0
Oct 23, 2023	0	0	0	0
Oct 24, 2023	0	0	0	0
Oct 25, 2023	0	0	0	0
Oct 26, 2023	0	0	0	0
Oct 27, 2023	0	0	0	0
Oct 28, 2023	0	0	0	0
Oct 29, 2023	0	0	0	0
Oct 30, 2023	0	0	0	0
Oct 31, 2023	0	0	0	0
Nov 01, 2023	0	0	0	0
Nov 02, 2023	0	0	0	0
Nov 03, 2023	0	0	0	0
Nov 04, 2023	0	0	0	0
Nov 05, 2023	0	0	0	0
Nov 06, 2023	0	0	0	0
Nov 07, 2023	0	0	0	0
Nov 08, 2023	0	0	0	0
Nov 09, 2023	0	0	0	0
Nov 10, 2023	0	0	0	0
Nov 11, 2023	0	0	0	0
Nov 12, 2023	0	0	0	0
Nov 13, 2023	0	0	0	0
Nov 14, 2023	0	0	0	0
Nov 15, 2023	0	0	0	0
Nov 16, 2023	0	0	0	0
Nov 17, 2023	0	0	0	0
Nov 18, 2023	0	0	0	0
Nov 19, 2023	0	0	0	0
Nov 20, 2023	0	0	0	0
Nov 21, 2023	0	0	0	0
Nov 22, 2023	0	0	0	0
Nov 23, 2023	0	0	0	0
Nov 24, 2023	0	0	0	0
Nov 25, 2023	0	0	0	0
Nov 26, 2023	0	0	0	0
Nov 27, 2023	0	0	0	0
Nov 28, 2023	0	0	0	0
Nov 29, 2023	0	0	0	0
Nov 30, 2023	0	0	0	0
Dec 01, 2023	0	0	0	0
Dec 02, 2023	0	0	0	0
Dec 03, 2023	0	0	0	0
Dec 04, 2023	0	0	0	0
Dec 05, 2023	0	0	0	0
Dec 06, 2023	0	0	0	0
Dec 07, 2023	0	0	0	0
Dec 08, 2023	0	0	0	0
Dec 09, 2023	0	0	0	0
Dec 10, 2023	0	0	0	0
Dec 11, 2023	0	0	0	0
Dec 12, 2023	0	0	0	0
Dec 13, 2023	0	0	0	0
Dec 14, 2023	0	0	0	0
Dec 15, 2023	0	0	0	0
Dec 16, 2023	0	0	0	0
Dec 17, 2023	0	0	0	0
Dec 18, 2023	0	0	0	0
Dec 19, 2023	0	0	0	0
Dec 20, 2023	0	0	0	0
Dec 21, 2023	0	0	0	0
Dec 22, 2023	0	0	0	0
Dec 23, 2023	0	0	0	0
Dec 24, 2023	0	0	0	0
Dec 25, 2023	0	0	0	0
Dec 26, 2023	0	0	0	0
Dec 27, 2023	0	0	0	0
Dec 28, 2023	0	0	0	0
Dec 29, 2023	0	0	0	0
Dec 30, 2023	0	0	0	0
Dec 31, 2023	0	0	0	0
Jan 01, 2024	0	0	0	0
Jan 02, 2024	0	0	0	0
Jan 03, 2024	0	0	0	0
Jan 04, 2024	0	0	0	0
Jan 05, 2024	0	0	0	0
Jan 06, 2024	0	0	0	0
Jan 07, 2024	0	0	0	0
Jan 08, 2024	0	0	0	0
Jan 09, 2024	0	0	0	0
Jan 10, 2024	0	0	0	0
Jan 11, 2024	0	0	0	0
Jan 12, 2024	0	0	0	0
Jan 13, 2024	0	0	0	0
Jan 14, 2024	0	0	0	0
Jan 15, 2024	0	0	0	0
Jan 16, 2024	0	0	0	0
Jan 17, 2024	0	0	0	0
Jan 18, 2024	0	0	0	0
Jan 19, 2024	0	0	0	0
Jan 20, 2024	0	0	0	0
Jan 21, 2024	0	0	0	0
Jan 22, 2024	0	0	0	0
Jan 23, 2024	0	0	0	0
Jan 24, 2024	0	0	0	0
Jan 25, 2024	0	0	0	0
Jan 26, 2024	0	0	0	0
Jan 27, 2024	0	0	0	0
Jan 28, 2024	0	0	0	0
Jan 29, 2024	0	0	0	0
Jan 30, 2024	0	0	0	0
Jan 31, 2024	0	0	0	0
Feb 01, 2024	0	0	0	0
Feb 02, 2024	0	0	0	0
Feb 03, 2024	0	0	0	0
Feb 04, 2024	0	0	0	0
Feb 05, 2024	0	0	0	0
Feb 06, 2024	0	0	0	0
Feb 07, 2024	0	0	0	0
Feb 08, 2024	0	0	0	0
Feb 09, 2024	0	0	0	0
Feb 10, 2024	0	0	0	0
Feb 11, 2024	0	0	0	0
Feb 12, 2024	0	0	0	0
Feb 13, 2024	0	0	0	0
Feb 14, 2024	0	0	0	0
Feb 15, 2024	0	0	0	0
Feb 16, 2024	0	0	0	0
Feb 17, 2024	0	0	0	0
Feb 18, 2024	0	0	0	0
Feb 19, 2024	0	0	0	0
Feb 20, 2024	0	0	0	0
Feb 21, 2024	0	0	0	0
Feb 22, 2024	0	0	0	0
Feb 23, 2024	0	0	0	0
Feb 24, 2024	0	0	0	0
Feb 25, 2024	0	0	0	0
Feb 26, 2024	0	0	0	0
Feb 27, 2024	0	0	0	0
Feb 28, 2024	0	0	0	0
Feb 29, 2024	0	0	0	0
Mar 01, 2024	0	0	0	0
Mar 02, 2024	0	0	0	0
Mar 03, 2024	0	0	0	0
Mar 04, 2024	0	0	0	0
Mar 05, 2024	0	0	0	0
Mar 06, 2024	0	0	0	0
Mar 07, 2024	0	0	0	0
Mar 08, 2024	0	0	0	0
Mar 09, 2024	0	0	0	0
Mar 10, 2024	0	0	0	0
Mar 11, 2024	0	0	0	0
Mar 12, 2024	0	0	0	0
Mar 13, 2024	0	0	0	0
Mar 14, 2024	0	0	0	0
Mar 15, 2024	0	0	0	0
Mar 16, 2024	0	0	0	0
Mar 17, 2024	0	0	0	0
Mar 18, 2024	0	0	0	0
Mar 19, 2024	0	0	0	0
Mar 20, 2024	0	0	0	0
Mar 21, 2024	0	0	0	0
Mar 22, 2024	0	0	0	0
Mar 23, 2024	0	0	0	0
Mar 24, 2024	0	NA	NA	NA
