Dates	Active	Deaths	Newcases	recover
Feb 15, 2020	0	0	5	0
Feb 16, 2020	0	8	1	0
Feb 17, 2020	0	5	2	0
Feb 18, 2020	0	3	2	0
Feb 19, 2020	0	5	6	0
Feb 20, 2020	0	3	5	0
Feb 21, 2020	0	11	16	0
Feb 22, 2020	0	16	5	0
Feb 23, 2020	0	21	28	0
Feb 24, 2020	0	11	15	0
Feb 25, 2020	0	32	31	0
Feb 26, 2020	0	35	28	0
Feb 27, 2020	0	53	89	0
Feb 28, 2020	0	35	29	0
Feb 29, 2020	0	40	55	0
Mar 01, 2020	0	88	45	0
Mar 02, 2020	0	120	32	0
Mar 03, 2020	0	43	21	0
Mar 04, 2020	0	80	64	0
Mar 05, 2020	0	77	100	0
Mar 06, 2020	1	152	55	0
Mar 07, 2020	6	136	36	0
Mar 08, 2020	7	141	181	0
Mar 09, 2020	9	120	98	0
Mar 10, 2020	11	179	115	0
Mar 11, 2020	17	176	258	0
Mar 12, 2020	22	232	91	0
Mar 13, 2020	38	245	181	0
Mar 14, 2020	43	264	151	3
Mar 15, 2020	71	261	535	0
Mar 16, 2020	85	280	280	0
Mar 17, 2020	116	304	393	0
Mar 18, 2020	144	309	1388	0
Mar 19, 2020	230	304	914	0
Mar 20, 2020	259	365	641	0
Mar 21, 2020	306	365	951	24
Mar 22, 2020	346	392	671	24
Mar 23, 2020	375	373	2265	1
Mar 24, 2020	391	432	519	0
Mar 25, 2020	452	445	1172	20
Mar 26, 2020	528	464	1016	0
Mar 27, 2020	565	432	998	0
Mar 28, 2020	580	493	931	19
Mar 29, 2020	750	573	1208	137
Mar 30, 2020	779	541	697	12
Mar 31, 2020	518	600	1512	8
Apr 01, 2020	723	539	1413	8
Apr 02, 2020	636	608	1664	10
Apr 03, 2020	777	637	734	13
Apr 04, 2020	463	552	3683	1
Apr 05, 2020	803	594	2186	45
Apr 06, 2020	1032	640	1182	13
Apr 07, 2020	1041	613	2491	20
Apr 08, 2020	2320	690	2741	7
Apr 09, 2020	2977	507	3045	10
Apr 10, 2020	3351	523	3483	65
Apr 11, 2020	3991	624	2075	28
Apr 12, 2020	4483	520	3394	47
Apr 13, 2020	5725	560	1444	44
Apr 14, 2020	5841	573	3817	37
Apr 15, 2020	6542	722	3628	35
Apr 16, 2020	4301	594	3709	35
Apr 17, 2020	4614	717	3321	19
Apr 18, 2020	5141	616	3168	24
Apr 19, 2020	5942	653	2292	28
Apr 20, 2020	6178	613	1515	103
Apr 21, 2020	7367	746	3237	32
Apr 22, 2020	8431	650	4247	47
Apr 23, 2020	9335	427	4298	57
Apr 24, 2020	9630	584	3891	54
Apr 25, 2020	12620	589	4046	77
Apr 26, 2020	14142	661	3732	33
Apr 27, 2020	14555	674	2660	22
Apr 28, 2020	15847	610	4550	30
Apr 29, 2020	17266	650	4537	64
Apr 30, 2020	19511	584	4749	36
May 01, 2020	21777	658	2929	28
May 02, 2020	21974	661	4056	34
May 03, 2020	23711	624	4205	88
May 04, 2020	23678	693	4020	30
May 05, 2020	25970	562	5772	52
May 06, 2020	26876	733	6154	77
May 07, 2020	29087	714	5874	58
May 08, 2020	31232	800	6506	69
May 09, 2020	32572	741	7386	29
May 10, 2020	33121	741	8805	80
May 11, 2020	32966	773	5563	25
May 12, 2020	34595	722	4845	404
May 13, 2020	37335	808	4030	119
May 14, 2020	40283	805	4284	112
May 15, 2020	41554	789	4202	37
May 16, 2020	43955	704	4358	35
May 17, 2020	46778	762	4757	56
May 18, 2020	47180	770	3181	247
May 19, 2020	44790	688	4040	61
May 20, 2020	43289	698	5087	99
May 21, 2020	45702	714	5965	30
May 22, 2020	46754	701	5961	468
May 23, 2020	47090	690	4383	202
May 24, 2020	48802	738	4604	267
May 25, 2020	50922	717	3256	168
May 26, 2020	54087	770	4164	182
May 27, 2020	56551	650	3752	268
May 28, 2020	58568	690	3480	171
May 29, 2020	61136	560	3537	0
May 30, 2020	64205	507	3413	548
May 31, 2020	71575	507	3598	185
Jun 01, 2020	75229	435	2511	188
Jun 02, 2020	78674	496	3363	187
Jun 03, 2020	79058	445	3879	97
Jun 04, 2020	78775	456	3913	95
Jun 05, 2020	79330	544	3762	92
Jun 06, 2020	79547	467	3625	729
Jun 07, 2020	80123	515	3430	396
Jun 08, 2020	79405	544	2946	263
Jun 09, 2020	79339	528	2848	423
Jun 10, 2020	78610	499	3264	341
Jun 11, 2020	79377	536	3527	411
Jun 12, 2020	79893	557	3595	340
Jun 13, 2020	78944	531	3481	481
Jun 14, 2020	78920	541	3638	327
Jun 15, 2020	77624	517	2985	283
Jun 16, 2020	75184	525	3575	338
Jun 17, 2020	74714	453	3633	209
Jun 18, 2020	74837	443	3537	1130
Jun 19, 2020	73340	557	3198	355
Jun 20, 2020	72748	517	3064	522
Jun 21, 2020	72372	467	3616	425
Jun 22, 2020	70842	435	3797	423
Jun 23, 2020	70390	368	3744	240
Jun 24, 2020	70403	365	3857	972
Jun 25, 2020	69130	387	3862	3628
Jun 26, 2020	68470	379	3951	727
Jun 27, 2020	67139	424	3963	991
Jun 28, 2020	65878	432	4090	1004
Jun 29, 2020	64893	536	4091	890
Jun 30, 2020	63715	440	4406	1012
Jul 01, 2020	62579	173	4463	1146
Jul 02, 2020	61694	600	4546	1038
Jul 03, 2020	61027	456	4865	706
Jul 04, 2020	60232	602	3923	1667
Jul 05, 2020	59099	485	4913	934
Jul 06, 2020	57926	608	4920	1564
Jul 07, 2020	57737	408	5288	6407
Jul 08, 2020	57104	608	5678	1811
Jul 09, 2020	57043	419	6809	671
Jul 10, 2020	56938	448	7243	2424
Jul 11, 2020	55973	554	7448	1286
Jul 12, 2020	56086	584	6667	1479
Jul 13, 2020	55458	549	4250	1294
Jul 14, 2020	56450	533	6790	1831
Jul 15, 2020	56632	472	7734	1822
Jul 16, 2020	55343	469	7785	660
Jul 17, 2020	55775	533	8466	2827
Jul 18, 2020	55093	562	7137	1498
Jul 19, 2020	54797	554	7012	1808
Jul 20, 2020	55237	560	5109	2685
Jul 21, 2020	55525	400	6547	1933
Jul 22, 2020	56045	501	8875	2284
Jul 23, 2020	56335	328	9441	2632
Jul 24, 2020	57205	408	8300	2575
Jul 25, 2020	56954	517	9507	2496
Jul 26, 2020	56712	363	10143	2057
Jul 27, 2020	56567	483	5547	2508
Jul 28, 2020	57585	416	7828	2772
Jul 29, 2020	59284	331	9099	2741
Jul 30, 2020	61843	509	8639	3184
Jul 31, 2020	65450	389	9008	2719
Aug 01, 2020	68758	397	9169	2527
Aug 02, 2020	71537	355	9090	2276
Aug 03, 2020	71443	403	6112	2827
Aug 04, 2020	73694	368	6944	2819
Aug 05, 2020	76855	392	5996	2904
Aug 06, 2020	80277	301	8619	3445
Aug 07, 2020	84146	288	7964	4945
Aug 08, 2020	85959	336	9474	61867
Aug 09, 2020	87514	328	7731	4865
Aug 10, 2020	86831	312	4871	6415
Aug 11, 2020	86418	272	5092	5894
Aug 12, 2020	88692	307	6308	5151
Aug 13, 2020	91617	331	6708	6571
Aug 14, 2020	93137	253	6703	6692
Aug 15, 2020	96511	365	6854	6005
Aug 16, 2020	100519	229	6275	6148
Aug 17, 2020	100183	496	1598	5681
Aug 18, 2020	104237	280	4615	5194
Aug 19, 2020	109433	299	6586	4926
Aug 20, 2020	114262	261	7291	6155
Aug 21, 2020	118530	181	6603	5975
Aug 22, 2020	120909	264	6162	5619
Aug 23, 2020	121226	280	6787	5389
Aug 24, 2020	118994	320	4241	6413
Aug 25, 2020	118161	165	4160	5599
Aug 26, 2020	116529	192	6380	5657
Aug 27, 2020	116955	179	5698	5707
Aug 28, 2020	116047	192	6314	7055
Aug 29, 2020	116500	197	6453	6787
Aug 30, 2020	114966	149	6030	7188
Aug 31, 2020	112549	205	4001	7181
Sep 01, 2020	108040	245	3650	7154
Sep 02, 2020	105261	213	6149	6931
Sep 03, 2020	101871	253	6235	9160
Sep 04, 2020	99540	237	5654	8760
Sep 05, 2020	98140	160	5558	8751
Sep 06, 2020	95395	173	5160	8256
Sep 07, 2020	89413	219	3412	9202
Sep 08, 2020	86136	139	3054	15900
Sep 09, 2020	85213	165	3061	7608
Sep 10, 2020	84430	248	3468	10023
Sep 11, 2020	83228	173	3267	9650
Sep 12, 2020	81955	189	3421	9742
Sep 13, 2020	80955	144	3184	9440
Sep 14, 2020	78356	152	1830	9930
Sep 15, 2020	74583	163	2930	9380
Sep 16, 2020	74255	147	2733	8084
Sep 17, 2020	73250	165	2952	10939
Sep 18, 2020	72710	125	4741	10791
Sep 19, 2020	72888	131	2733	10154
Sep 20, 2020	77320	165	3283	20332
Sep 21, 2020	76706	144	1800	8665
Sep 22, 2020	73770	128	2803	8258
Sep 23, 2020	72628	160	2977	11103
Sep 24, 2020	72260	155	2789	10335
Sep 25, 2020	71752	125	2677	9565
Sep 26, 2020	70523	131	3132	9446
Sep 27, 2020	71442	173	3126	10780
Sep 28, 2020	70694	141	2201	9142
Sep 29, 2020	67368	149	3242	8788
Sep 30, 2020	64731	101	2767	8495
Oct 01, 2020	61885	128	2991	11375
Oct 02, 2020	58699	157	3240	11599
Oct 03, 2020	56090	141	3098	10558
Oct 04, 2020	55273	152	2501	12345
Oct 05, 2020	53453	104	1859	11255
Oct 06, 2020	50234	171	1923	10453
Oct 07, 2020	46732	131	2431	14119
Oct 08, 2020	44030	104	2666	12297
Oct 09, 2020	43213	96	2586	12323
Oct 10, 2020	40786	104	2323	11916
Oct 11, 2020	40657	189	2408	11202
Oct 12, 2020	39403	144	1634	9653
Oct 13, 2020	39145	107	2357	8911
Oct 14, 2020	38654	123	2885	13713
Oct 15, 2020	38176	227	2935	13642
Oct 16, 2020	37432	117	2781	12673
Oct 17, 2020	37380	101	2507	12791
Oct 18, 2020	38676	173	2323	0
Oct 19, 2020	37947	123	1194	25682
Oct 20, 2020	38456	123	1904	10873
Oct 21, 2020	38271	117	2575	11334
Oct 22, 2020	36521	112	2231	14841
Oct 23, 2020	37028	155	2413	14418
Oct 24, 2020	36843	144	2249	13706
Oct 25, 2020	37544	107	2112	14767
Oct 26, 2020	36600	117	1257	11758
Oct 27, 2020	35546	115	1663	9803
Oct 28, 2020	35188	173	2020	14987
Oct 29, 2020	35177	120	1966	14967
Oct 30, 2020	34631	75	2170	12838
Oct 31, 2020	33828	243	1994	11377
Nov 01, 2020	34035	96	1589	12700
Nov 02, 2020	32427	115	887	11262
Nov 03, 2020	32017	133	1882	8369
Nov 04, 2020	31911	205	2020	12490
Nov 05, 2020	31606	144	1888	12100
Nov 06, 2020	31289	117	1977	11076
Nov 07, 2020	31295	120	2044	9598
Nov 08, 2020	31759	173	2162	10666
Nov 09, 2020	31030	181	1075	8320
Nov 10, 2020	30503	205	1623	0
Nov 11, 2020	30412	168	1847	18283
Nov 12, 2020	30057	109	1771	10297
Nov 13, 2020	30147	115	2014	8889
Nov 14, 2020	29988	181	1828	9736
Nov 15, 2020	30466	173	1224	11094
Nov 16, 2020	29366	184	1204	8637
Nov 17, 2020	28144	187	1505	7641
Nov 18, 2020	27229	120	691	11040
Nov 19, 2020	26414	147	1799	10305
Nov 20, 2020	26077	117	1832	9234
Nov 21, 2020	25748	136	2102	8439
Nov 22, 2020	26143	123	1928	8308
Nov 23, 2020	25126	160	1157	6834
Nov 24, 2020	24433	136	1545	6650
Nov 25, 2020	24222	131	1782	9378
Nov 26, 2020	23697	125	2061	8595
Nov 27, 2020	23425	157	2242	7620
Nov 28, 2020	23357	117	2139	6966
Nov 29, 2020	24262	131	1618	7384
Nov 30, 2020	23674	152	958	6024
Dec 01, 2020	23277	115	1678	5107
Dec 02, 2020	23158	139	2110	6317
Dec 03, 2020	22759	176	1719	7280
Dec 04, 2020	22779	155	1564	6830
Dec 05, 2020	23018	256	772	5907
Dec 06, 2020	23355	181	1339	6004
Dec 07, 2020	22677	179	1251	4891
Dec 08, 2020	22162	147	1588	5901
Dec 09, 2020	20965	171	2118	6699
Dec 10, 2020	20787	197	2523	6605
Dec 11, 2020	20575	243	2062	5368
Dec 12, 2020	20515	240	900	5157
Dec 13, 2020	21368	309	1376	4803
Dec 14, 2020	20902	269	1583	4180
Dec 15, 2020	20600	160	960	3614
Dec 16, 2020	20611	301	2414	4642
Dec 17, 2020	20658	301	2258	4199
Dec 18, 2020	21072	312	2781	5862
Dec 19, 2020	21987	408	2804	5729
Dec 20, 2020	22401	483	2909	6055
Dec 21, 2020	21854	451	2166	5325
Dec 22, 2020	22841	293	2881	4551
Dec 23, 2020	23152	586	3409	0
Dec 24, 2020	23039	440	5022	0
Dec 25, 2020	22501	565	7361	17950
Dec 26, 2020	21345	539	4544	5699
Dec 27, 2020	21527	456	4342	6754
Dec 28, 2020	21233	451	3893	6205
Dec 29, 2020	21039	413	4412	5791
Dec 30, 2020	21096	461	5461	0
Dec 31, 2020	21377	491	4232	0
Jan 01, 2021	21300	573	5189	20416
Jan 02, 2021	20582	480	5842	5868
Jan 03, 2021	21000	501	5075	5123
Jan 04, 2021	20905	499	3782	8533
Jan 05, 2021	19755	424	4444	7432
Jan 06, 2021	20450	424	6731	10746
Jan 07, 2021	21144	621	5715	10102
Jan 08, 2021	23153	496	6190	9434
Jan 09, 2021	24618	560	7147	7420
Jan 10, 2021	26276	629	5217	6965
Jan 11, 2021	26854	565	4477	9146
Jan 12, 2021	27617	472	7048	8562
Jan 13, 2021	28503	469	8573	13067
Jan 14, 2021	31463	672	6715	12473
Jan 15, 2021	37924	483	7993	11141
Jan 16, 2021	41092	536	7433	10361
Jan 17, 2021	43851	499	6220	11303
Jan 18, 2021	46784	586	4523	9605
Jan 19, 2021	48782	443	5557	9400
Jan 20, 2021	51985	597	6724	11982
Jan 21, 2021	53436	523	8807	11071
Jan 22, 2021	55821	586	8439	9842
Jan 23, 2021	58754	509	6457	9481
Jan 24, 2021	61663	546	8093	10378
Jan 25, 2021	62564	520	3203	8028
Jan 26, 2021	63599	509	6228	8008
Jan 27, 2021	65308	557	7408	10583
Jan 28, 2021	63662	520	9667	10313
Jan 29, 2021	65308	578	7719	9409
Jan 30, 2021	68113	493	6376	8782
Jan 31, 2021	69437	507	7410	8349
Feb 01, 2021	69502	461	3448	8769
Feb 02, 2021	71089	317	6740	6440
Feb 03, 2021	75430	507	7302	9497
Feb 04, 2021	76956	427	7923	9057
Feb 05, 2021	79107	429	7641	8297
Feb 06, 2021	81465	480	7500	6906
Feb 07, 2021	83903	472	5942	7213
Feb 08, 2021	83982	432	3134	6143
Feb 09, 2021	82808	464	5358	5799
Feb 10, 2021	83817	408	6672	8140
Feb 11, 2021	86434	515	4878	7900
Feb 12, 2021	87726	488	8447	6805
Feb 13, 2021	88966	509	6670	6153
Feb 14, 2021	92582	501	6212	6324
Feb 15, 2021	88737	301	3291	4849
Feb 16, 2021	86392	376	5556	4587
Feb 17, 2021	87085	360	7434	6573
Feb 18, 2021	88759	485	7114	6194
Feb 19, 2021	89045	467	8039	5788
Feb 20, 2021	89201	536	5353	5068
Feb 21, 2021	92088	549	4443	5712
Feb 22, 2021	89979	616	6568	5685
Feb 23, 2021	89995	443	8090	4670
Feb 24, 2021	88490	443	8534	4164
Feb 25, 2021	87974	552	7923	6102
Feb 26, 2021	89158	408	8124	6253
Feb 27, 2021	88565	453	9134	5934
Feb 28, 2021	91304	784	5547	6317
Mar 01, 2021	88210	672	6464	5598
Mar 02, 2021	86160	696	8469	4653
Mar 03, 2021	83165	728	11260	6788
Mar 04, 2021	80324	837	7946	6468
Mar 05, 2021	82395	674	11919	5472
Mar 06, 2021	81655	818	8589	5499
Mar 07, 2021	84419	1024	8909	5724
Mar 08, 2021	80970	624	3239	5051
Mar 09, 2021	79224	872	6956	5049
Mar 10, 2021	78735	690	8730	6822
Mar 11, 2021	78208	861	12916	6404
Mar 12, 2021	78747	898	6622	6291
Mar 13, 2021	78158	813	5616	5746
Mar 14, 2021	79467	914	8406	6312
Mar 15, 2021	80677	1154	7842	5379
Mar 16, 2021	82095	818	8384	4527
Mar 17, 2021	85751	1112	9305	6756
Mar 18, 2021	85227	818	9966	6852
Mar 19, 2021	86681	914	10655	6935
Mar 20, 2021	89603	1088	11248	6489
Mar 21, 2021	91859	1141	7927	7533
Mar 22, 2021	92767	757	5626	6271
Mar 23, 2021	93802	770	6387	5078
Mar 24, 2021	97948	1074	8030	7437
Mar 25, 2021	97855	869	13326	8007
Mar 26, 2021	104421	957	7988	7749
Mar 27, 2021	108567	1002	8575	7287
Mar 28, 2021	110908	832	7131	8741
Mar 29, 2021	106057	898	3030	7597
Mar 30, 2021	104479	664	11301	6763
Mar 31, 2021	105286	797	7718	9650
Apr 01, 2021	110078	805	7800	9688
Apr 02, 2021	107566	658	11049	8686
Apr 03, 2021	107635	789	8495	9840
Apr 04, 2021	109577	818	7425	13029
Apr 05, 2021	108950	738	6611	10536
Apr 06, 2021	106074	720	6876	10580
Apr 07, 2021	107433	848	8277	14358
Apr 08, 2021	105480	552	8659	14943
Apr 09, 2021	107546	1114	7447	13857
Apr 10, 2021	109885	778	5470	15357
Apr 11, 2021	114573	808	6083	13984
Apr 12, 2021	113243	824	3129	15751
Apr 13, 2021	110900	669	4562	15611
Apr 14, 2021	106014	797	5768	21746
Apr 15, 2021	112718	704	8214	23875
Apr 16, 2021	115090	584	6794	19701
Apr 17, 2021	115259	842	5591	20363
Apr 18, 2021	114548	633	5234	22212
Apr 19, 2021	109194	446	3080	21470
Apr 20, 2021	111190	553	4869	16822
Apr 21, 2021	108942	288	7400	25118
Apr 22, 2021	106087	297	7677	24721
Apr 23, 2021	105888	355	5733	21763
Apr 24, 2021	106456	314	5547	21890
Apr 25, 2021	108255	406	4456	23837
Apr 26, 2021	108479	319	4282	21219
Apr 27, 2021	107325	527	4566	18941
Apr 28, 2021	102276	238	5715	25913
Apr 29, 2021	102947	435	6745	26229
Apr 30, 2021	101819	438	5206	21053
May 01, 2021	100158	433	5285	20838
May 02, 2021	103211	260	4438	21875
May 03, 2021	95039	438	1634	19386
May 04, 2021	91883	246	5332	17007
May 05, 2021	89851	400	4990	22765
May 06, 2021	87016	322	4809	20672
May 07, 2021	85315	368	5501	20426
May 08, 2021	83481	253	4096	18837
May 09, 2021	82104	343	3818	19893
May 10, 2021	78308	265	2234	17306
May 11, 2021	74900	213	3384	14977
May 12, 2021	73641	340	4345	22094
May 13, 2021	73871	261	3261	21709
May 14, 2021	74134	235	7473	20802
May 15, 2021	73598	176	4225	18653
May 16, 2021	74925	269	3179	20668
May 17, 2021	74645	223	1429	19058
May 18, 2021	73443	220	2934	16825
May 19, 2021	70944	261	3270	25984
May 20, 2021	70895	167	4054	25011
May 21, 2021	70510	213	2799	23153
May 22, 2021	70561	161	3003	23651
May 23, 2021	71919	137	2566	26234
May 24, 2021	68684	315	627	24477
May 25, 2021	66616	264	3225	23628
May 26, 2021	63929	168	7713	38186
May 27, 2021	63005	234	4526	33369
May 28, 2021	62959	122	3463	35624
May 29, 2021	62599	215	3550	30601
May 30, 2021	62135	167	2896	31534
May 31, 2021	59803	161	986	30735
Jun 01, 2021	57472	159	2995	27979
Jun 02, 2021	55072	199	2843	29121
Jun 03, 2021	53127	155	3737	26700
Jun 04, 2021	55315	166	3076	32363
Jun 05, 2021	55102	175	2795	31533
Jun 06, 2021	56647	165	2058	31115
Jun 07, 2021	52744	138	1452	25663
Jun 08, 2021	50688	101	2498	23084
Jun 09, 2021	49149	118	2410	30507
Jun 10, 2021	47702	146	3079	29270
Jun 11, 2021	46405	93	2790	26616
Jun 12, 2021	45590	90	2768	26062
Jun 13, 2021	45922	112	2001	27444
Jun 14, 2021	43165	99	1564	23174
Jun 15, 2021	42045	97	2374	20011
Jun 16, 2021	46497	89	2586	26367
Jun 17, 2021	43550	97	2549	25983
Jun 18, 2021	42788	118	2344	23776
Jun 19, 2021	43159	149	2285	22108
Jun 20, 2021	44626	99	1962	20622
Jun 21, 2021	42678	95	780	17554
Jun 22, 2021	42403	83	2010	15934
Jun 23, 2021	41192	85	2316	23310
Jun 24, 2021	42130	80	2260	22656
Jun 25, 2021	42203	76	2032	20057
Jun 26, 2021	42432	77	1950	17164
Jun 27, 2021	43863	62	1629	18798
Jun 28, 2021	42090	85	691	15937
Jun 29, 2021	36875	80	1568	14676
Jun 30, 2021	34759	80	1798	15132
Jul 01, 2021	34375	75	1711	22043
Jul 02, 2021	33615	87	1617	22728
Jul 03, 2021	33487	58	1765	19182
Jul 04, 2021	34502	55	1490	19850
Jul 05, 2021	33071	77	611	16690
Jul 06, 2021	32602	79	1366	13932
Jul 07, 2021	31451	73	1502	20216
Jul 08, 2021	30924	44	722	19506
Jul 09, 2021	30473	63	699	18737
Jul 10, 2021	30700	70	2099	17967
Jul 11, 2021	31210	61	1808	17919
Jul 12, 2021	29492	53	1244	13770
Jul 13, 2021	29092	94	2207	11810
Jul 14, 2021	28329	52	2416	19146
Jul 15, 2021	27799	120	1993	17556
Jul 16, 2021	27063	57	1496	16064
Jul 17, 2021	27012	36	1571	15526
Jul 18, 2021	27077	66	1217	13120
Jul 19, 2021	25394	61	503	13180
Jul 20, 2021	24376	42	1186	10876
Jul 21, 2021	23625	23	1482	16082
Jul 22, 2021	22992	87	1502	17034
Jul 23, 2021	22324	33	1319	15349
Jul 24, 2021	22127	51	1497	13648
Jul 25, 2021	22837	52	978	14153
Jul 26, 2021	21438	42	553	11785
Jul 27, 2021	20488	54	1462	9337
Jul 28, 2021	19730	32	1468	13645
Jul 29, 2021	18420	34	1371	14133
Jul 30, 2021	17169	35	1396	12515
Jul 31, 2021	17639	56	1173	11580
Aug 01, 2021	18756	27	918	13741
Aug 02, 2021	18432	41	412	11153
Aug 03, 2021	18841	35	1126	9808
Aug 04, 2021	19546	45	1360	14602
Aug 05, 2021	19922	27	1118	14722
Aug 06, 2021	19653	26	1116	12870
Aug 07, 2021	19734	52	1134	11733
Aug 08, 2021	20340	55	808	11900
Aug 09, 2021	19477	36	364	9862
Aug 10, 2021	19161	35	415	8507
Aug 11, 2021	19921	41	1004	13381
Aug 12, 2021	20724	20	1108	12015
Aug 13, 2021	19944	31	974	11206
Aug 14, 2021	19633	57	1040	10362
Aug 15, 2021	19367	28	902	11134
Aug 16, 2021	17713	30	474	8913
Aug 17, 2021	16759	30	943	7719
Aug 18, 2021	16234	24	1085	10619
Aug 19, 2021	16109	48	957	10669
Aug 20, 2021	15934	48	813	8821
Aug 21, 2021	15890	26	1021	9151
Aug 22, 2021	16305	46	759	8400
Aug 23, 2021	15531	64	272	5894
Aug 24, 2021	15175	22	936	4946
Aug 25, 2021	15033	15	1018	5485
Aug 26, 2021	14832	38	1068	8050
Aug 27, 2021	14451	28	1153	7534
Aug 28, 2021	14607	28	886	7955
Aug 29, 2021	14862	34	589	6820
Aug 30, 2021	13764	28	644	5037
Aug 31, 2021	12711	17	779	3958
Sep 01, 2021	12344	18	996	6319
Sep 02, 2021	12056	39	1048	6734
Sep 03, 2021	11857	22	899	4836
Sep 04, 2021	11979	34	887	5043
Sep 05, 2021	12469	26	773	4812
Sep 06, 2021	11817	31	320	3610
Sep 07, 2021	11400	31	865	2937
Sep 08, 2021	11367	24	1086	149725
Sep 09, 2021	11208	19	1016	4990
Sep 10, 2021	10887	29	962	4688
Sep 11, 2021	11100	17	864	3280
Sep 12, 2021	11495	24	792	3518
Sep 13, 2021	11352	27	377	2395
Sep 14, 2021	11284	39	833	2074
Sep 15, 2021	11194	46	1034	4060
Sep 16, 2021	11288	17	923	3329
Sep 17, 2021	11401	33	919	2902
Sep 18, 2021	11385	25	564	2932
Sep 19, 2021	11500	16	675	2874
Sep 20, 2021	11201	33	412	1989
Sep 21, 2021	10895	31	679	1553
Sep 22, 2021	10934	35	891	2553
Sep 23, 2021	11169	31	1122	2660
Sep 24, 2021	11047	30	983	1941
Sep 25, 2021	11175	18	814	1743
Sep 26, 2021	11676	20	844	2007
Sep 27, 2021	11060	29	387	1481
Sep 28, 2021	10907	30	775	1190
Sep 29, 2021	10925	24	1034	2050
Sep 30, 2021	10788	26	884	1629
Oct 01, 2021	10864	24	1043	1714
Oct 02, 2021	11139	23	969	1506
Oct 03, 2021	11287	36	758	1757
Oct 04, 2021	10885	29	400	1155
Oct 05, 2021	10722	31	793	983
Oct 06, 2021	10708	33	986	1566
Oct 07, 2021	10732	30	998	1450
Oct 08, 2021	10764	22	840	1195
Oct 09, 2021	10555	19	1032	1122
Oct 10, 2021	10910	32	888	1291
Oct 11, 2021	10457	30	393	912
Oct 12, 2021	10050	37	482	739
Oct 13, 2021	9925	23	639	1120
Oct 14, 2021	10085	46	1114	1155
Oct 15, 2021	10204	26	1062	1027
Oct 16, 2021	10226	34	1070	970
Oct 17, 2021	10693	32	954	891
Oct 18, 2021	10247	33	380	782
Oct 19, 2021	9988	28	1001	814
Oct 20, 2021	10099	37	1238	968
Oct 21, 2021	10064	30	1237	1294
Oct 22, 2021	10543	26	1148	1245
Oct 23, 2021	10837	39	1034	1210
Oct 24, 2021	11183	45	995	1243
Oct 25, 2021	10904	37	830	1119
Oct 26, 2021	10806	36	1459	762
Oct 27, 2021	10670	32	1370	1286
Oct 28, 2021	10685	33	1415	1310
Oct 29, 2021	10711	73	1537	1334
Oct 30, 2021	10899	44	1725	1311
Oct 31, 2021	11400	34	1465	1289
Nov 01, 2021	11018	19	773	1038
Nov 02, 2021	10466	42	1539	994
Nov 03, 2021	10221	29	1556	1658
Nov 04, 2021	10292	40	1529	1209
Nov 05, 2021	10385	37	1434	1341
Nov 06, 2021	10697	123	1574	1187
Nov 07, 2021	11251	83	1326	1403
Nov 08, 2021	10838	37	895	948
Nov 09, 2021	10853	78	1381	854
Nov 10, 2021	11093	54	1491	1443
Nov 11, 2021	11490	90	1579	1149
Nov 12, 2021	11606	84	1606	1179
Nov 13, 2021	11752	44	1619	1317
Nov 14, 2021	12354	34	769	1300
Nov 15, 2021	12702	71	1731	1055
Nov 16, 2021	13522	70	1487	978
Nov 17, 2021	13778	43	1814	1676
Nov 18, 2021	14131	37	1224	1437
Nov 19, 2021	14598	49	1356	1415
Nov 20, 2021	15369	30	1819	1312
Nov 21, 2021	16454	34	1527	1455
Nov 22, 2021	16226	36	945	1139
Nov 23, 2021	16527	26	1478	1013
Nov 24, 2021	16846	34	1660	1666
Nov 25, 2021	17227	0	1724	1519
Nov 26, 2021	17627	69	1703	1349
Nov 27, 2021	18206	37	1856	1547
Nov 28, 2021	18702	0	1581	1350
Nov 29, 2021	18138	51	885	1287
Nov 30, 2021	18149	77	1510	1089
Dec 01, 2021	18225	49	1782	1316
Dec 02, 2021	18267	37	2052	2003
Dec 03, 2021	18148	30	1336	2042
Dec 04, 2021	18302	47	5922	1699
Dec 05, 2021	18298	38	492	1969
Dec 06, 2021	18490	48	2063	1725
Dec 07, 2021	18421	30	2112	1377
Dec 08, 2021	18706	60	4020	2422
Dec 09, 2021	18496	36	4760	1931
Dec 10, 2021	18278	62	4577	2414
Dec 11, 2021	18771	47	0	2329
Dec 12, 2021	19403	74	4346	2336
Dec 13, 2021	18967	88	3497	2075
Dec 14, 2021	18954	86	5182	1795
Dec 15, 2021	19035	95	8687	3239
Dec 16, 2021	19153	105	11174	3100
Dec 17, 2021	19237	118	12833	2181
Dec 18, 2021	20324	126	16135	3036
Dec 19, 2021	20174	147	17128	3830
Dec 20, 2021	19572	182	12476	2913
Dec 21, 2021	19268	81	24288	2986
Dec 22, 2021	19826	183	27772	5184
Dec 23, 2021	20522	182	33360	5023
Dec 24, 2021	20039	171	39080	5375
Dec 25, 2021	24434	172	49745	5416
Dec 26, 2021	23981	235	43592	6348
Dec 27, 2021	24566	158	25700	6666
Dec 28, 2021	25018	329	36398	6400
Dec 29, 2021	27314	151	54942	10619
Dec 30, 2021	30371	235	56883	12530
Dec 31, 2021	33092	186	59470	13375
Jan 01, 2022	31511	240	54696	15589
Jan 02, 2022	34972	245	51936	18388
Jan 03, 2022	36959	93	30109	16025
Jan 04, 2022	40359	130	44496	20088
Jan 05, 2022	46994	198	49601	36667
Jan 06, 2022	56832	224	50044	43533
Jan 07, 2022	63743	201	40331	45775
Jan 08, 2022	79386	228	35756	51475
Jan 09, 2022	94451	155	27918	46017
Jan 10, 2022	104815	261	15132	40755
Jan 11, 2022	125083	85	22627	45721
Jan 12, 2022	148095	156	23986	80188
Jan 13, 2022	176954	167	22542	98034
Jan 14, 2022	215958	175	22597	99384
Jan 15, 2022	261357	146	18008	103008
Jan 16, 2022	301452	188	14191	112392
Jan 17, 2022	321970	170	9406	101999
Jan 18, 2022	349681	173	11651	88871
Jan 19, 2022	393449	167	13091	109881
Jan 20, 2022	437499	119	13564	132015
Jan 21, 2022	480834	189	13693	124447
Jan 22, 2022	518402	113	10859	112416
Jan 23, 2022	557862	178	9927	124876
Jan 24, 2022	563683	131	4032	96907
Jan 25, 2022	580407	134	7077	77696
Jan 26, 2022	596648	72	9520	109429
Jan 27, 2022	607612	107	8656	115549
Jan 28, 2022	598198	56	6787	109123
Jan 29, 2022	590362	88	9236	108078
Jan 30, 2022	592580	0	5021	101910
Jan 31, 2022	571314	113	1887	87029
Feb 01, 2022	538999	47	2984	70948
Feb 02, 2022	506102	97	3012	79366
Feb 03, 2022	469174	49	2183	91402
Feb 04, 2022	437075	63	2567	71436
Feb 05, 2022	403147	59	3762	59097
Feb 06, 2022	387229	59	3860	52887
Feb 07, 2022	352139	64	996	37148
Feb 08, 2022	314189	33	1461	26549
Feb 09, 2022	277236	40	1883	44762
Feb 10, 2022	250469	42	1880	40053
Feb 11, 2022	228406	30	2020	33850
Feb 12, 2022	211347	60	0	30686
Feb 13, 2022	206142	63	3045	29910
Feb 14, 2022	187547	51	489	18764
Feb 15, 2022	170638	59	901	13256
Feb 16, 2022	157616	20	1065	24221
Feb 17, 2022	143675	37	1071	25743
Feb 18, 2022	132454	41	3612	20873
Feb 19, 2022	127499	28	1039	18857
Feb 20, 2022	123114	52	770	12953
Feb 21, 2022	113350	26	346	11011
Feb 22, 2022	103243	29	646	8325
Feb 23, 2022	92691	22	965	12858
Feb 24, 2022	81181	28	947	15984
Feb 25, 2022	72889	15	708	13430
Feb 26, 2022	66724	34	685	12878
Feb 27, 2022	66552	43	604	11244
Feb 28, 2022	60471	29	597	6534
Mar 01, 2022	52412	26	608	5784
Mar 02, 2022	45639	18	577	10670
Mar 03, 2022	40732	24	611	14838
Mar 04, 2022	33516	24	548	9649
Mar 05, 2022	28495	18	524	7541
Mar 06, 2022	29653	33	541	7536
Mar 07, 2022	27158	15	225	4634
Mar 08, 2022	25047	21	455	4074
Mar 09, 2022	23929	21	613	4659
Mar 10, 2022	22433	19	429	4588
Mar 11, 2022	22283	18	481	7256
Mar 12, 2022	19462	31	482	6747
Mar 13, 2022	19236	23	471	6875
Mar 14, 2022	18121	11	158	4214
Mar 15, 2022	16884	24	311	3470
Mar 16, 2022	15969	22	483	6289
Mar 17, 2022	15709	28	729	5657
Mar 18, 2022	15604	11	551	4774
Mar 19, 2022	13244	9	454	4527
Mar 20, 2022	13359	12	295	4780
Mar 21, 2022	13055	6	260	3738
Mar 22, 2022	12598	19	667	2700
Mar 23, 2022	12104	8	743	4090
Mar 24, 2022	9103	9	796	4092
Mar 25, 2022	8612	20	663	3577
Mar 26, 2022	8366	12	470	3191
Mar 27, 2022	8561	14	600	13640
Mar 28, 2022	8140	17	645	2331
Mar 29, 2022	7630	24	755	2072
Mar 30, 2022	7296	12	730	3361
Mar 31, 2022	7017	14	744	3696
Apr 01, 2022	6813	15	730	2643
Apr 02, 2022	6691	7	752	1490
Apr 03, 2022	6565	20	781	2635
Apr 04, 2022	6115	13	801	2116
Apr 05, 2022	5849	11	623	1611
Apr 06, 2022	5721	11	851	3068
Apr 07, 2022	5902	11	778	2801
Apr 08, 2022	5929	21	629	2564
Apr 09, 2022	5842	13	695	2370
Apr 10, 2022	5912	10	586	1927
Apr 11, 2022	5717	17	684	1515
Apr 12, 2022	5771	4	648	1385
Apr 13, 2022	6085	14	692	1407
Apr 14, 2022	6400	11	829	2874
Apr 15, 2022	6581	8	334	1819
Apr 16, 2022	6580	9	300	914
Apr 17, 2022	7022	12	456	790
Apr 18, 2022	7356	8	293	2627
Apr 19, 2022	7628	10	264	3404
Apr 20, 2022	7629	6	462	2937
Apr 21, 2022	7822	12	360	2756
Apr 22, 2022	8098	11	355	1898
Apr 23, 2022	8555	10	403	773
Apr 24, 2022	9076	7	504	468
Apr 25, 2022	9210	11	409	1958
Apr 26, 2022	9090	13	388	2212
Apr 27, 2022	9145	9	518	2065
Apr 28, 2022	9260	10	444	1825
Apr 29, 2022	9419	22	694	1977
Apr 30, 2022	9514	1	415	827
May 01, 2022	9455	20	751	442
May 02, 2022	9384	11	267	1579
May 03, 2022	9302	10	331	2066
May 04, 2022	9250	12	601	1709
May 05, 2022	9349	8	666	1417
May 06, 2022	8931	7	457	582
May 07, 2022	8450	12	1170	541
May 08, 2022	8105	8	517	421
May 09, 2022	7775	8	296	1607
May 10, 2022	7188	14	613	1608
May 11, 2022	6872	5	564	1609
May 12, 2022	6603	7	1080	1608
May 13, 2022	6263	11	799	1609
May 14, 2022	6080	13	853	1610
May 15, 2022	5900	8	1125	1609
May 16, 2022	5661	7	386	1531
May 17, 2022	5357	6	475	1593
May 18, 2022	5046	10	900	3092
May 19, 2022	5156	20	764	1538
May 20, 2022	5550	7	791	1326
May 21, 2022	5509	11	1085	1297
May 22, 2022	5967	4	1100	1015
May 23, 2022	5970	15	934	2512
May 24, 2022	5839	13	949	2511
May 25, 2022	6080	0	860	2562
May 26, 2022	6391	8	1352	2462
May 27, 2022	6445	14	1400	2512
May 28, 2022	7111	29	1489	2512
May 29, 2022	7219	19	1635	2508
May 30, 2022	7127	6	1492	4950
May 31, 2022	7222	28	2134	5329
Jun 01, 2022	7342	14	2487	4867
Jun 02, 2022	7728	19	2951	5348
Jun 03, 2022	8112	11	2558	5367
Jun 04, 2022	8214	29	2341	4441
Jun 05, 2022	9072	13	3465	3612
Jun 06, 2022	9127	20	700	6331
Jun 07, 2022	9001	10	0	6196
Jun 08, 2022	9235	19	3172	6106
Jun 09, 2022	9535	17	4290	6427
Jun 10, 2022	8634	15	4705	6372
Jun 11, 2022	9723	23	5122	5896
Jun 12, 2022	10527	32	2611	6141
Jun 13, 2022	10842	24	2532	7416
Jun 14, 2022	11236	15	4138	7665
Jun 15, 2022	11014	30	6004	0
Jun 16, 2022	12362	24	6106	7201
Jun 17, 2022	12961	24	6376	8314
Jun 18, 2022	12477	35	6358	8027
Jun 19, 2022	13727	45	6109	13155
Jun 20, 2022	15220	30	8061	-22
Jun 21, 2022	15975	43	8000	6661
Jun 22, 2022	18452	41	12538	6332
Jun 23, 2022	20632	8	10610	7195
Jun 24, 2022	21323	34	15518	6161
Jun 25, 2022	22578	41	10982	6577
Jun 26, 2022	26032	32	8774	6549
Jun 27, 2022	24851	76	11810	6516
Jun 28, 2022	24864	61	12288	5262
Jun 29, 2022	25816	43	14154	5262
Jun 30, 2022	28700	24	14006	5262
Jul 01, 2022	31901	49	14911	5262
Jul 02, 2022	35398	66	12971	5262
Jul 03, 2022	36530	42	9324	10525
Jul 04, 2022	36906	49	5994	-39
Jul 05, 2022	38571	57	14186	4006
Jul 06, 2022	41619	45	14423	4006
Jul 07, 2022	47733	49	15327	4006
Jul 08, 2022	51533	30	6467	4006
Jul 09, 2022	52101	72	5454	4006
Jul 10, 2022	58203	44	8920	4006
Jul 11, 2022	65554	22	4636	3967
Jul 12, 2022	73555	72	9238	3668
Jul 13, 2022	78624	60	9094	3668
Jul 14, 2022	89238	71	7644	3668
Jul 15, 2022	100045	50	11013	3668
Jul 16, 2022	105888	59	10018	3668
Jul 17, 2022	109518	49	5385	3668
Jul 18, 2022	117231	25	3438	3615
Jul 19, 2022	129504	37	10514	3879
Jul 20, 2022	131524	75	11878	3879
Jul 21, 2022	139184	32	10221	3879
Jul 22, 2022	154084	28	10882	3879
Jul 23, 2022	154578	42	8185	3879
Jul 24, 2022	163917	46	5598	3879
Jul 25, 2022	161807	37	3393	3804
Jul 26, 2022	167982	46	6970	4549
Jul 27, 2022	159333	60	8693	4549
Jul 28, 2022	174634	17	8784	4549
Jul 29, 2022	165542	18	5903	4549
Jul 30, 2022	151283	10	9226	4549
Jul 31, 2022	148349	69	3421	4549
Aug 01, 2022	152924	18	1906	4460
Aug 02, 2022	149907	51	5231	5665
Aug 03, 2022	130878	32	5486	5665
Aug 04, 2022	123605	22	4739	5665
Aug 05, 2022	134576	21	3286	5665
Aug 06, 2022	122306	42	2878	5665
Aug 07, 2022	121714	41	2255	11331
Aug 08, 2022	110951	39	1138	-71
Aug 09, 2022	107046	26	1718	5962
Aug 10, 2022	103605	22	1233	5962
Aug 11, 2022	107374	29	3618	5962
Aug 12, 2022	118233	33	3553	5962
Aug 13, 2022	112030	29	2522	5962
Aug 14, 2022	113042	23	1550	5962
Aug 15, 2022	116407	22	761	5837
Aug 16, 2022	105007	41	1368	7535
Aug 17, 2022	106057	31	1546	7535
Aug 18, 2022	103838	25	2244	7535
Aug 19, 2022	99735	23	2399	7535
Aug 20, 2022	103577	17	1773	7535
Aug 21, 2022	103594	27	813	7535
Aug 22, 2022	94998	20	441	7455
Aug 23, 2022	88301	21	1150	6032
Aug 24, 2022	83619	12	1068	6032
Aug 25, 2022	77507	13	1360	6032
Aug 26, 2022	72566	9	1097	6032
Aug 27, 2022	69828	27	859	6032
Aug 28, 2022	68695	3	691	6032
Aug 29, 2022	69833	18	242	5970
Aug 30, 2022	55865	11	2212	4456
Aug 31, 2022	48343	19	2173	4456
Sep 01, 2022	52003	11	1665	4456
Sep 02, 2022	49660	28	1150	4456
Sep 03, 2022	39484	35	745	4456
Sep 04, 2022	39120	27	367	8918
Sep 05, 2022	39899	28	169	-58
Sep 06, 2022	30536	33	694	3522
Sep 07, 2022	27372	31	981	3522
Sep 08, 2022	26341	11	784	3522
Sep 09, 2022	25842	14	547	3522
Sep 10, 2022	25382	11	632	3522
Sep 11, 2022	25018	5	253	3522
Sep 12, 2022	23756	17	148	3466
Sep 13, 2022	23716	0	551	2833
Sep 14, 2022	21137	0	858	2833
Sep 15, 2022	18962	0	964	2833
Sep 16, 2022	17508	0	339	2833
Sep 17, 2022	16827	0	296	2833
Sep 18, 2022	16764	0	130	2833
Sep 19, 2022	15620	0	104	2811
Sep 20, 2022	16277	0	388	1662
Sep 21, 2022	16222	0	361	1662
Sep 22, 2022	15496	7	383	1662
Sep 23, 2022	14881	25	298	1662
Sep 24, 2022	14809	33	423	1662
Sep 25, 2022	14732	30	193	1662
Sep 26, 2022	14907	33	95	1622
Sep 27, 2022	13391	7	212	1128
Sep 28, 2022	13020	1	370	1128
Sep 29, 2022	12710	12	291	1128
Sep 30, 2022	12384	5	314	1128
Oct 01, 2022	12331	32	265	1128
Oct 02, 2022	12351	7	215	1128
Oct 03, 2022	10279	11	81	1094
Oct 04, 2022	8656	18	224	882
Oct 05, 2022	7849	5	801	882
Oct 06, 2022	7654	26	314	882
Oct 07, 2022	7224	17	417	882
Oct 08, 2022	7154	26	950	882
Oct 09, 2022	7122	13	792	882
Oct 10, 2022	6526	7	846	862
Oct 11, 2022	5930	8	645	640
Oct 12, 2022	5529	3	965	640
Oct 13, 2022	5382	9	598	640
Oct 14, 2022	5048	6	819	640
Oct 15, 2022	5227	11	1267	640
Oct 16, 2022	5266	12	399	640
Oct 17, 2022	5366	19	152	630
Oct 18, 2022	4186	19	1557	419
Oct 19, 2022	3592	8	1861	419
Oct 20, 2022	3544	16	2103	419
Oct 21, 2022	3562	11	2461	419
Oct 22, 2022	3697	25	2087	419
Oct 23, 2022	3808	14	648	840
Oct 24, 2022	3501	17	338	-9
Oct 25, 2022	3364	16	2559	319
Oct 26, 2022	3775	8	2403	319
Oct 27, 2022	3766	20	3048	319
Oct 28, 2022	3734	14	3357	319
Oct 29, 2022	4486	13	4501	319
Oct 30, 2022	5278	29	2256	319
Oct 31, 2022	5840	26	1352	313
Nov 01, 2022	6154	23	4726	267
Nov 02, 2022	6816	23	6203	267
Nov 03, 2022	7410	24	6676	267
Nov 04, 2022	7630	38	7163	267
Nov 05, 2022	8680	20	6883	534
Nov 06, 2022	9019	12	3495	-12
Nov 07, 2022	8936	21	1733	268
Nov 08, 2022	9698	22	8863	0
Nov 09, 2022	11237	25	14341	0
Nov 10, 2022	12911	34	13868	0
Nov 11, 2022	14422	44	12746	0
Nov 12, 2022	15721	39	12376	0
Nov 13, 2022	15542	34	9203	-8
Nov 14, 2022	15240	39	4169	2082
Nov 15, 2022	16838	32	11422	0
Nov 16, 2022	18642	15	14354	0
Nov 17, 2022	20868	19	14456	0
Nov 18, 2022	22956	38	5536	0
Nov 19, 2022	27052	9	3738	0
Nov 20, 2022	29300	1	4958	-6
Nov 21, 2022	30481	64	3072	1329
Nov 22, 2022	33654	20	14624	0
Nov 23, 2022	35915	21	13450	0
Nov 24, 2022	40127	33	8718	0
Nov 25, 2022	45205	32	6770	0
Nov 26, 2022	51426	23	6298	0
Nov 27, 2022	54591	31	3830	-8
Nov 28, 2022	53763	1	852	1357
Nov 29, 2022	60232	18	8083	0
Nov 30, 2022	71521	33	5254	0
Dec 01, 2022	82026	20	4470	0
Dec 02, 2022	90278	26	4148	0
Dec 03, 2022	100383	26	3413	0
Dec 04, 2022	108221	1	1465	-9
Dec 05, 2022	107670	30	350	1486
Dec 06, 2022	112892	26	1742	0
Dec 07, 2022	120569	1	5326	0
Dec 08, 2022	127847	41	3162	0
Dec 09, 2022	126504	22	2790	0
Dec 10, 2022	126773	13	1617	0
Dec 11, 2022	129997	19	1128	-7
Dec 12, 2022	124196	21	329	2206
Dec 13, 2022	124475	17	1029	0
Dec 14, 2022	137913	7	2512	0
Dec 15, 2022	132744	26	1091	0
Dec 16, 2022	114431	17	1599	0
Dec 17, 2022	111492	9	2544	0
Dec 18, 2022	115322	19	726	3323
Dec 19, 2022	100585	24	591	-39
Dec 20, 2022	94338	7	727	0
Dec 21, 2022	99605	16	807	0
Dec 22, 2022	89596	14	1468	0
Dec 23, 2022	84518	25	627	0
Dec 24, 2022	82972	18	759	0
Dec 25, 2022	81310	21	846	12609
Dec 26, 2022	67017	60	184	-44
Dec 27, 2022	68802	53	513	0
Dec 28, 2022	60665	0	941	0
Dec 29, 2022	48328	68	487	0
Dec 30, 2022	44862	73	404	0
Dec 31, 2022	42618	8	737	0
Jan 01, 2023	42916	73	279	27119
Jan 02, 2023	35175	82	104	-47
Jan 03, 2023	30918	28	508	0
Jan 04, 2023	28958	10	426	0
Jan 05, 2023	25908	9	445	0
Jan 06, 2023	24088	14	374	0
Jan 07, 2023	26657	1	273	0
Jan 08, 2023	25564	21	145	62261
Jan 09, 2023	26130	10	44	-78
Jan 10, 2023	19818	9	0	8843
Jan 11, 2023	20610	0	331	8844
Jan 12, 2023	16105	24	252	8843
Jan 13, 2023	15143	12	247	8843
Jan 14, 2023	14777	6	190	8843
Jan 15, 2023	15286	7	187	17687
Jan 16, 2023	14443	14	85	-89
Jan 17, 2023	12475	12	47	10365
Jan 18, 2023	12299	7	223	10366
Jan 19, 2023	11177	14	184	10365
Jan 20, 2023	11598	13	200	10366
Jan 21, 2023	9063	9	207	10365
Jan 22, 2023	8736	8	176	20731
Jan 23, 2023	8852	11	110	-56
Jan 24, 2023	8641	23	0	5855
Jan 25, 2023	8253	2	300	5854
Jan 26, 2023	7205	8	144	5855
Jan 27, 2023	6205	9	189	5854
Jan 28, 2023	5636	30	169	5855
Jan 29, 2023	5555	7	120	11709
Jan 30, 2023	5054	8	118	-27
Jan 31, 2023	4173	0	41	2774
Feb 01, 2023	4002	20	93	2773
Feb 02, 2023	3845	25	100	2774
Feb 03, 2023	4157	1	144	2774
Feb 04, 2023	3266	9	135	2774
Feb 05, 2023	3340	14	334	5547
Feb 06, 2023	3479	1	68	-16
Feb 07, 2023	2610	24	69	1231
Feb 08, 2023	2389	10	281	1230
Feb 09, 2023	2194	17	248	1231
Feb 10, 2023	2134	13	171	1230
Feb 11, 2023	2176	10	212	1231
Feb 12, 2023	2319	11	167	2461
Feb 13, 2023	2430	7	0	-11
Feb 14, 2023	2439	8	102	632
Feb 15, 2023	2132	15	332	633
Feb 16, 2023	2041	8	287	632
Feb 17, 2023	2046	8	217	632
Feb 18, 2023	2027	15	186	632
Feb 19, 2023	2055	3	183	1265
Feb 20, 2023	2128	29	120	-10
Feb 21, 2023	1951	5	79	456
Feb 22, 2023	2037	13	273	457
Feb 23, 2023	1954	17	309	456
Feb 24, 2023	1695	0	227	456
Feb 25, 2023	1655	8	230	456
Feb 26, 2023	1986	10	264	913
Feb 27, 2023	1921	18	144	-5
Feb 28, 2023	1988	9	67	0
Mar 01, 2023	1997	16	257	0
Mar 02, 2023	1911	12	382	0
Mar 03, 2023	1892	17	305	0
Mar 04, 2023	2007	16	340	0
Mar 05, 2023	2055	24	517	0
Mar 06, 2023	2063	0	119	1807
Mar 07, 2023	2104	0	343	0
Mar 08, 2023	2338	38	390	-9
Mar 09, 2023	2380	36	0	0
Mar 10, 2023	2478	11	386	0
Mar 11, 2023	2651	0	459	0
Mar 12, 2023	2454	9	327	0
Mar 13, 2023	2482	18	223	1172
Mar 14, 2023	2575	5	128	0
Mar 15, 2023	2312	20	343	0
Mar 16, 2023	2625	14	419	0
Mar 17, 2023	2459	16	392	0
Mar 18, 2023	2534	0	328	0
Mar 19, 2023	2802	20	0	0
Mar 20, 2023	2836	11	0	817
Mar 21, 2023	2571	0	690	0
Mar 22, 2023	2548	0	408	0
Mar 23, 2023	2713	18	288	0
Mar 24, 2023	3011	10	0	0
Mar 25, 2023	2979	22	364	0
Mar 26, 2023	3485	14	387	0
Mar 27, 2023	3400	13	276	0
Mar 28, 2023	3486	12	400	0
Mar 29, 2023	3555	2	678	0
Mar 30, 2023	3568	1	354	832
Mar 31, 2023	3489	0	0	0
Apr 01, 2023	3691	0	1047	0
Apr 02, 2023	4018	0	176	0
Apr 03, 2023	4021	266	0	0
Apr 04, 2023	3903	12	0	0
Apr 05, 2023	3868	11	552	0
Apr 06, 2023	4282	5	439	0
Apr 07, 2023	4353	10	300	0
Apr 08, 2023	3800	16	361	0
Apr 09, 2023	3817	10	271	0
Apr 10, 2023	3355	15	127	0
Apr 11, 2023	3633	14	161	0
Apr 12, 2023	4029	15	433	0
Apr 13, 2023	3958	15	0	0
Apr 14, 2023	3535	15	0	0
Apr 15, 2023	3901	14	0	0
Apr 16, 2023	3943	15	895	0
Apr 17, 2023	3863	15	153	0
Apr 18, 2023	3909	14	47	0
Apr 19, 2023	4177	15	447	0
Apr 20, 2023	4143	22	227	0
Apr 21, 2023	3829	0	229	0
Apr 22, 2023	4872	0	246	0
Apr 23, 2023	5037	0	190	0
Apr 24, 2023	4347	0	189	0
Apr 25, 2023	3959	87	190	0
Apr 26, 2023	4504	0	190	0
Apr 27, 2023	4645	0	190	0
Apr 28, 2023	4941	0	189	0
Apr 29, 2023	4924	0	190	0
Apr 30, 2023	4795	0	190	0
May 01, 2023	4634	0	189	0
May 02, 2023	3715	0	190	0
May 03, 2023	4193	87	533	0
May 04, 2023	3839	0	0	0
May 05, 2023	3867	0	0	0
May 06, 2023	2820	0	0	0
May 07, 2023	3273	0	0	0
May 08, 2023	3414	0	1049	0
May 09, 2023	3450	0	0	0
May 10, 2023	3340	87	0	0
May 11, 2023	3118	0	0	0
May 12, 2023	3031	0	0	0
May 13, 2023	2906	0	0	0
May 14, 2023	2810	0	0	0
May 15, 2023	2858	0	0	0
May 16, 2023	2872	87	1049	0
May 17, 2023	2614	0	0	0
May 18, 2023	2789	0	0	0
May 19, 2023	2964	0	0	0
May 20, 2023	3139	0	0	0
May 21, 2023	3314	0	0	0
May 22, 2023	2771	0	0	0
May 23, 2023	2899	80	1048	7816
May 24, 2023	2963	0	0	0
May 25, 2023	2736	0	0	0
May 26, 2023	2507	0	0	0
May 27, 2023	2261	0	0	0
May 28, 2023	2261	0	0	796
May 29, 2023	3223	0	1049	0
May 30, 2023	3223	0	0	0
May 31, 2023	3223	80	0	0
Jun 01, 2023	3223	0	0	0
Jun 02, 2023	2232	0	0	0
Jun 03, 2023	2042	0	0	0
Jun 04, 2023	1852	0	0	645
Jun 05, 2023	1663	0	1275	0
Jun 06, 2023	2435	0	0	0
Jun 07, 2023	2435	58	0	0
Jun 08, 2023	2435	0	0	0
Jun 09, 2023	2435	0	0	0
Jun 10, 2023	2435	0	0	0
Jun 11, 2023	1924	0	0	0
Jun 12, 2023	1924	0	0	0
Jun 13, 2023	2885	0	1316	0
Jun 14, 2023	2885	0	0	0
Jun 15, 2023	2885	0	0	0
Jun 16, 2023	2885	0	0	0
Jun 17, 2023	2885	0	0	0
Jun 18, 2023	2885	0	0	0
Jun 19, 2023	3847	0	0	-5
Jun 20, 2023	3847	0	928	995
Jun 21, 2023	3847	103	0	0
Jun 22, 2023	3847	0	0	0
Jun 23, 2023	3847	0	0	0
Jun 24, 2023	3847	0	0	0
Jun 25, 2023	3847	0	0	548
Jun 26, 2023	5042	0	0	0
Jun 27, 2023	5042	0	0	0
Jun 28, 2023	5042	119	0	0
Jun 29, 2023	5042	0	0	0
Jun 30, 2023	5042	0	0	0
Jul 01, 2023	5042	0	0	0
Jul 02, 2023	5042	0	0	506
Jul 03, 2023	5042	0	0	0
Jul 04, 2023	6278	0	1424	0
Jul 05, 2023	6278	86	0	0
Jul 06, 2023	6278	0	0	0
Jul 07, 2023	6278	0	0	0
Jul 08, 2023	6278	0	0	0
Jul 09, 2023	6278	0	0	0
Jul 10, 2023	6278	0	0	0
Jul 11, 2023	7148	0	875	469
Jul 12, 2023	7148	76	0	0
Jul 13, 2023	7148	0	0	0
Jul 14, 2023	7148	0	0	0
Jul 15, 2023	7148	0	0	0
Jul 16, 2023	7148	0	0	422
Jul 17, 2023	7148	0	0	0
Jul 18, 2023	7148	0	269	0
Jul 19, 2023	7148	77	0	0
Jul 20, 2023	928	0	0	0
Jul 21, 2023	928	0	0	0
Jul 22, 2023	928	0	0	0
Jul 23, 2023	928	0	0	741
Jul 24, 2023	928	0	0	0
Jul 25, 2023	1321	0	328	0
Jul 26, 2023	1321	367	0	0
Jul 27, 2023	1321	0	0	0
Jul 28, 2023	1321	0	0	0
Jul 29, 2023	1321	0	0	0
Jul 30, 2023	1321	0	0	0
Jul 31, 2023	1321	0	0	0
Aug 01, 2023	2077	72	512	0
Aug 02, 2023	2077	0	0	0
Aug 03, 2023	2077	0	0	0
Aug 04, 2023	2180	0	0	0
Aug 05, 2023	2180	0	0	0
Aug 06, 2023	2180	0	0	0
Aug 07, 2023	2180	0	0	0
Aug 08, 2023	939	0	576	0
Aug 09, 2023	939	0	0	0
Aug 10, 2023	939	0	0	0
Aug 11, 2023	939	0	0	0
Aug 12, 2023	939	0	0	0
Aug 13, 2023	939	0	0	-39
Aug 14, 2023	939	0	382	1159
Aug 15, 2023	1191	0	0	0
Aug 16, 2023	1191	0	0	0
Aug 17, 2023	1191	0	0	0
Aug 18, 2023	1191	0	0	0
Aug 19, 2023	1191	0	0	0
Aug 20, 2023	1191	0	0	757
Aug 21, 2023	1191	0	0	0
Aug 22, 2023	1626	0	0	0
Aug 23, 2023	1626	0	0	-2
Aug 24, 2023	763	0	0	0
Aug 25, 2023	763	0	0	0
Aug 26, 2023	763	0	0	0
Aug 27, 2023	763	0	0	930
Aug 28, 2023	763	0	0	0
Aug 29, 2023	644	0	0	0
Aug 30, 2023	644	0	0	0
Aug 31, 2023	644	0	0	0
Sep 01, 2023	721	0	0	0
Sep 02, 2023	721	0	0	948
Sep 03, 2023	721	0	0	-8
Sep 04, 2023	1031	0	0	0
Sep 05, 2023	519	0	0	0
Sep 06, 2023	519	0	0	0
Sep 07, 2023	519	0	0	0
Sep 08, 2023	519	0	0	0
Sep 09, 2023	519	0	0	0
Sep 10, 2023	958	0	0	1480
Sep 11, 2023	958	0	0	0
Sep 12, 2023	382	0	0	0
Sep 13, 2023	382	0	0	0
Sep 14, 2023	382	0	0	0
Sep 15, 2023	382	0	0	0
Sep 16, 2023	382	0	2	1729
Sep 17, 2023	382	0	763	-32
Sep 18, 2023	0	0	0	0
Sep 19, 2023	0	0	0	0
Sep 20, 2023	0	0	0	0
Sep 21, 2023	0	0	0	0
Sep 22, 2023	0	0	0	0
Sep 23, 2023	0	0	0	0
Sep 24, 2023	0	0	509	2060
Sep 25, 2023	0	0	0	0
Sep 26, 2023	0	0	0	0
Sep 27, 2023	0	0	0	0
Sep 28, 2023	0	0	0	0
Sep 29, 2023	0	0	0	0
Sep 30, 2023	0	0	0	0
Oct 01, 2023	0	0	440	3239
Oct 02, 2023	0	0	0	0
Oct 03, 2023	0	0	0	0
Oct 04, 2023	0	0	0	0
Oct 05, 2023	0	0	0	0
Oct 06, 2023	0	0	0	0
Oct 07, 2023	2	0	0	-36
Oct 08, 2023	765	0	682	3187
Oct 09, 2023	765	0	0	0
Oct 10, 2023	765	0	0	0
Oct 11, 2023	765	0	0	0
Oct 12, 2023	765	0	0	0
Oct 13, 2023	765	0	0	0
Oct 14, 2023	765	0	0	0
Oct 15, 2023	1274	0	954	1984
Oct 16, 2023	1274	0	0	0
Oct 17, 2023	1274	0	0	0
Oct 18, 2023	1274	0	0	0
Oct 19, 2023	1274	0	0	0
Oct 20, 2023	1274	0	0	0
Oct 21, 2023	1274	0	0	0
Oct 22, 2023	1714	0	1197	0
Oct 23, 2023	1714	0	0	0
Oct 24, 2023	1714	0	0	0
Oct 25, 2023	1714	0	0	0
Oct 26, 2023	1714	0	0	0
Oct 27, 2023	1714	0	0	0
Oct 28, 2023	1714	0	0	0
Oct 29, 2023	2396	0	1437	0
Oct 30, 2023	2396	0	0	2775
Oct 31, 2023	2396	0	0	0
Nov 01, 2023	2396	0	0	0
Nov 02, 2023	2396	0	0	0
Nov 03, 2023	2396	0	0	0
Nov 04, 2023	2396	0	0	0
Nov 05, 2023	3350	0	1488	919
Nov 06, 2023	3350	0	0	0
Nov 07, 2023	3350	0	0	0
Nov 08, 2023	3350	0	0	0
Nov 09, 2023	3350	0	0	0
Nov 10, 2023	3350	0	0	0
Nov 11, 2023	3350	0	0	0
Nov 12, 2023	4547	0	2094	893
Nov 13, 2023	4547	0	0	0
Nov 14, 2023	4547	0	0	0
Nov 15, 2023	4547	0	0	0
Nov 16, 2023	4547	0	0	0
Nov 17, 2023	4547	0	0	0
Nov 18, 2023	4547	0	0	0
Nov 19, 2023	5984	0	2534	0
Nov 20, 2023	5984	0	0	0
Nov 21, 2023	5984	0	0	0
Nov 22, 2023	5984	0	4207	0
Nov 23, 2023	5984	0	0	0
Nov 24, 2023	5984	0	0	0
Nov 25, 2023	5984	0	0	0
Nov 26, 2023	7472	0	0	0
Nov 27, 2023	4974	0	0	0
Nov 28, 2023	4974	0	4146	0
Nov 29, 2023	4974	0	0	0
Nov 30, 2023	4974	0	0	0
Dec 01, 2023	4974	0	0	0
Dec 02, 2023	4974	0	0	0
Dec 03, 2023	7068	0	0	0
Dec 04, 2023	5216	0	0	0
Dec 05, 2023	5216	0	0	0
Dec 06, 2023	5216	0	9934	0
Dec 07, 2023	5216	0	0	0
Dec 08, 2023	5216	0	0	0
Dec 09, 2023	5216	0	0	0
Dec 10, 2023	7750	0	0	0
Dec 11, 2023	7750	0	0	0
Dec 12, 2023	7750	0	8126	0
Dec 13, 2023	11957	0	0	0
Dec 14, 2023	11957	0	0	0
Dec 15, 2023	11957	0	0	0
Dec 16, 2023	11957	0	0	0
Dec 17, 2023	11957	0	0	0
Dec 18, 2023	11957	0	1113	0
Dec 19, 2023	16103	0	0	0
Dec 20, 2023	16103	0	0	0
Dec 21, 2023	16103	0	0	0
Dec 22, 2023	16103	0	0	0
Dec 23, 2023	16103	0	0	0
Dec 24, 2023	16103	0	0	0
Dec 25, 2023	16103	0	8623	0
Dec 26, 2023	16103	0	0	0
Dec 27, 2023	26037	0	0	0
Dec 28, 2023	26037	0	0	0
Dec 29, 2023	26037	0	0	0
Dec 30, 2023	26037	0	0	0
Dec 31, 2023	26037	0	0	0
Jan 01, 2024	26037	0	0	0
Jan 02, 2024	34163	0	0	0
Jan 03, 2024	34163	0	0	0
Jan 04, 2024	34163	0	0	0
Jan 05, 2024	34163	0	0	0
Jan 06, 2024	34163	0	0	0
Jan 07, 2024	34163	0	0	0
Jan 08, 2024	35276	0	0	0
Jan 09, 2024	35276	0	3556	0
Jan 10, 2024	35276	0	886	0
Jan 11, 2024	35276	0	0	0
Jan 12, 2024	35276	0	0	0
Jan 13, 2024	35276	0	0	0
Jan 14, 2024	22869	0	0	0
Jan 15, 2024	31492	0	0	0
Jan 16, 2024	31492	0	0	0
Jan 17, 2024	31492	0	0	0
Jan 18, 2024	31492	0	0	0
Jan 19, 2024	31492	0	0	0
Jan 20, 2024	31492	0	0	0
Jan 21, 2024	31492	0	0	0
Jan 22, 2024	31492	0	0	0
Jan 23, 2024	31492	0	0	0
Jan 24, 2024	31492	0	0	0
Jan 25, 2024	31492	0	0	0
Jan 26, 2024	31492	0	0	0
Jan 27, 2024	8623	0	0	0
Jan 28, 2024	8623	0	0	-14
Jan 29, 2024	0	0	0	0
Jan 30, 2024	3556	0	0	0
Jan 31, 2024	4442	0	0	0
Feb 01, 2024	4442	0	0	0
Feb 02, 2024	4442	0	0	0
Feb 03, 2024	4442	0	0	0
Feb 04, 2024	4442	0	0	-17
Feb 05, 2024	4442	0	0	0
Feb 06, 2024	4442	0	0	0
Feb 07, 2024	4442	0	0	0
Feb 08, 2024	4442	0	0	0
Feb 09, 2024	4442	0	0	0
Feb 10, 2024	4442	0	0	0
Feb 11, 2024	4442	0	0	6657
Feb 12, 2024	4442	0	0	1796
Feb 13, 2024	886	0	0	0
Feb 14, 2024	0	0	0	0
Feb 15, 2024	0	0	0	0
Feb 16, 2024	0	0	0	0
Feb 17, 2024	0	0	0	0
Feb 18, 2024	0	0	0	0
Feb 19, 2024	0	0	0	6127
Feb 20, 2024	0	NA	0	0
Feb 21, 2024	0	NA	0	0
Feb 22, 2024	0	NA	0	0
Feb 23, 2024	0	NA	0	0
Feb 24, 2024	0	NA	0	0
Feb 25, 2024	0	NA	0	0
Feb 26, 2024	0	NA	0	0
Feb 27, 2024	0	NA	0	0
Feb 28, 2024	0	NA	0	0
Feb 29, 2024	0	NA	0	0
Mar 01, 2024	0	NA	0	0
Mar 02, 2024	0	NA	0	0
Mar 03, 2024	0	NA	0	0
Mar 04, 2024	0	NA	NA	0
Mar 05, 2024	0	NA	NA	0
Mar 06, 2024	0	NA	NA	0
Mar 07, 2024	0	NA	NA	0
Mar 08, 2024	0	NA	NA	0
Mar 09, 2024	0	NA	NA	0
Mar 10, 2024	0	NA	NA	0
Mar 11, 2024	0	NA	NA	0
Mar 12, 2024	0	NA	NA	0
Mar 13, 2024	0	NA	NA	0
Mar 14, 2024	0	NA	NA	0
Mar 15, 2024	0	NA	NA	0
Mar 16, 2024	0	NA	NA	0
Mar 17, 2024	0	NA	NA	0
Mar 18, 2024	0	NA	NA	0
Mar 19, 2024	0	NA	NA	0
Mar 20, 2024	0	NA	NA	0
Mar 21, 2024	0	NA	NA	0
Mar 22, 2024	0	NA	NA	0
Mar 23, 2024	0	NA	NA	0
Mar 24, 2024	0	NA	NA	NA
