Dates	Active	Deaths	Newcases	recover
Feb 15, 2020	0	0	0	0
Feb 16, 2020	0	0	0	0
Feb 17, 2020	0	0	0	0
Feb 18, 2020	0	0	2	0
Feb 19, 2020	0	0	5	0
Feb 20, 2020	0	0	0	0
Feb 21, 2020	0	0	2	0
Feb 22, 2020	0	0	0	0
Feb 23, 2020	0	0	1	0
Feb 24, 2020	0	0	6	0
Feb 25, 2020	0	0	1	0
Feb 26, 2020	0	0	0	0
Feb 27, 2020	0	0	1	0
Feb 28, 2020	0	0	1	0
Feb 29, 2020	0	0	1	0
Mar 01, 2020	0	0	3	0
Mar 02, 2020	0	0	0	0
Mar 03, 2020	0	0	1	0
Mar 04, 2020	0	0	0	0
Mar 05, 2020	0	0	1	0
Mar 06, 2020	0	1	9	0
Mar 07, 2020	0	0	13	0
Mar 08, 2020	0	0	1	0
Mar 09, 2020	0	0	0	0
Mar 10, 2020	0	0	0	0
Mar 11, 2020	0	0	2	0
Mar 12, 2020	0	0	0	0
Mar 13, 2020	0	1	8	0
Mar 14, 2020	0	0	1	0
Mar 15, 2020	0	0	0	0
Mar 16, 2020	0	0	1	0
Mar 17, 2020	0	0	0	0
Mar 18, 2020	0	0	0	0
Mar 19, 2020	0	0	0	6
Mar 20, 2020	0	0	0	2
Mar 21, 2020	0	0	0	0
Mar 22, 2020	0	0	0	3
Mar 23, 2020	0	0	2	6
Mar 24, 2020	1	0	0	5
Mar 25, 2020	1	0	0	0
Mar 26, 2020	1	0	0	21
Mar 27, 2020	1	0	0	18
Mar 28, 2020	3	0	1	14
Mar 29, 2020	8	0	0	81
Mar 30, 2020	8	0	0	0
Mar 31, 2020	9	0	0	78
Apr 01, 2020	10	0	0	101
Apr 02, 2020	10	0	0	92
Apr 03, 2020	16	0	0	101
Apr 04, 2020	17	0	0	90
Apr 05, 2020	17	0	0	110
Apr 06, 2020	17	0	0	170
Apr 07, 2020	18	0	1	217
Apr 08, 2020	12	0	0	159
Apr 09, 2020	15	1	0	297
Apr 10, 2020	15	1	3	293
Apr 11, 2020	16	0	1	195
Apr 12, 2020	15	0	2	308
Apr 13, 2020	16	0	1	279
Apr 14, 2020	25	0	3	291
Apr 15, 2020	36	0	0	362
Apr 16, 2020	37	0	0	322
Apr 17, 2020	37	0	2	414
Apr 18, 2020	37	0	22	303
Apr 19, 2020	39	0	6	338
Apr 20, 2020	35	0	13	293
Apr 21, 2020	43	0	12	417
Apr 22, 2020	44	0	26	418
Apr 23, 2020	43	0	12	523
Apr 24, 2020	41	0	14	419
Apr 25, 2020	41	1	14	278
Apr 26, 2020	41	2	13	303
Apr 27, 2020	41	2	30	383
Apr 28, 2020	41	0	17	347
Apr 29, 2020	41	0	0	523
Apr 30, 2020	40	0	76	438
May 01, 2020	42	0	27	554
May 02, 2020	38	0	19	469
May 03, 2020	38	0	15	374
May 04, 2020	37	0	16	295
May 05, 2020	37	0	9	479
May 06, 2020	37	7	36	475
May 07, 2020	37	1	13	496
May 08, 2020	37	0	17	507
May 09, 2020	37	0	16	445
May 10, 2020	37	0	10	493
May 11, 2020	33	3	10	520
May 12, 2020	33	2	24	740
May 13, 2020	33	1	27	790
May 14, 2020	33	1	24	959
May 15, 2020	33	1	44	1400
May 16, 2020	34	1	31	1199
May 17, 2020	27	0	28	952
May 18, 2020	27	5	15	1342
May 19, 2020	30	2	14	997
May 20, 2020	31	1	35	1488
May 21, 2020	33	1	40	1350
May 22, 2020	31	2	22	1204
May 23, 2020	33	0	50	1602
May 24, 2020	33	0	17	1154
May 25, 2020	32	1	27	1613
May 26, 2020	34	1	71	2625
May 27, 2020	55	2	57	2610
May 28, 2020	59	1	71	2448
May 29, 2020	72	3	65	1833
May 30, 2020	75	1	86	2296
May 31, 2020	99	1	74	2219
Jun 01, 2020	111	0	0	0
Jun 02, 2020	125	1	47	41227
Jun 03, 2020	139	1	44	4575
Jun 04, 2020	152	3	79	4883
Jun 05, 2020	182	3	51	0
Jun 06, 2020	199	1	26	0
Jun 07, 2020	199	1	63	0
Jun 08, 2020	270	2	52	0
Jun 09, 2020	296	4	87	0
Jun 10, 2020	314	3	75	30813
Jun 11, 2020	329	4	114	4914
Jun 12, 2020	344	2	108	5938
Jun 13, 2020	348	1	88	6408
Jun 14, 2020	381	6	138	5088
Jun 15, 2020	387	3	110	7440
Jun 16, 2020	398	10	123	0
Jun 17, 2020	412	3	122	30209
Jun 18, 2020	419	3	158	5050
Jun 19, 2020	427	8	190	5118
Jun 20, 2020	436	1	205	3960
Jun 21, 2020	458	5	216	4828
Jun 22, 2020	469	6	183	5173
Jun 23, 2020	490	6	70	4523
Jun 24, 2020	514	7	146	4234
Jun 25, 2020	540	0	226	4104
Jun 26, 2020	553	3	161	4624
Jun 27, 2020	538	4	251	4155
Jun 28, 2020	545	6	404	3944
Jun 29, 2020	573	8	200	5075
Jun 30, 2020	591	4	153	4214
Jul 01, 2020	626	7	219	3804
Jul 02, 2020	641	5	478	4096
Jul 03, 2020	661	4	373	4102
Jul 04, 2020	704	7	309	3587
Jul 05, 2020	753	8	439	3339
Jul 06, 2020	814	0	277	3874
Jul 07, 2020	852	11	411	3458
Jul 08, 2020	926	4	434	3219
Jul 09, 2020	997	7	407	3131
Jul 10, 2020	997	9	489	3061
Jul 11, 2020	1011	7	395	2788
Jul 12, 2020	1053	5	244	2654
Jul 13, 2020	1105	1	414	2664
Jul 14, 2020	1151	5	316	2865
Jul 15, 2020	1173	5	0	3216
Jul 16, 2020	1227	8	572	1513
Jul 17, 2020	1277	4	272	2635
Jul 18, 2020	1358	8	553	2345
Jul 19, 2020	1400	10	440	2198
Jul 20, 2020	1490	13	355	2824
Jul 21, 2020	1559	11	329	2425
Jul 22, 2020	1634	18	465	2190
Jul 23, 2020	1757	10	543	2265
Jul 24, 2020	1863	15	658	2473
Jul 25, 2020	1979	13	532	1926
Jul 26, 2020	2056	2	617	1859
Jul 27, 2020	2186	8	672	2378
Jul 28, 2020	2371	6	649	2225
Jul 29, 2020	2555	15	655	2071
Jul 30, 2020	2761	11	1085	1699
Jul 31, 2020	2929	11	749	2180
Aug 01, 2020	2992	13	879	1904
Aug 02, 2020	3131	16	477	1565
Aug 03, 2020	3345	0	969	2354
Aug 04, 2020	3495	16	440	1961
Aug 05, 2020	3736	10	433	1877
Aug 06, 2020	4120	9	734	2000
Aug 07, 2020	4311	5	629	1965
Aug 08, 2020	4428	17	792	1693
Aug 09, 2020	4631	8	886	1516
Aug 10, 2020	5080	21	616	2199
Aug 11, 2020	5430	7	796	1878
Aug 12, 2020	5701	13	715	1712
Aug 13, 2020	6099	11	847	1906
Aug 14, 2020	6340	8	650	1914
Aug 15, 2020	6699	11	651	1877
Aug 16, 2020	7086	8	535	1557
Aug 17, 2020	7453	14	658	2055
Aug 18, 2020	7901	4	538	1845
Aug 19, 2020	8276	6	536	1778
Aug 20, 2020	8487	6	849	1834
Aug 21, 2020	8888	8	801	1833
Aug 22, 2020	9164	5	511	1449
Aug 23, 2020	9164	2	683	1285
Aug 24, 2020	9714	8	509	1999
Aug 25, 2020	9966	13	370	1805
Aug 26, 2020	10472	12	722	1654
Aug 27, 2020	10846	13	628	1530
Aug 28, 2020	11093	12	1031	1731
Aug 29, 2020	11394	18	1045	1401
Aug 30, 2020	11781	0	779	1295
Aug 31, 2020	12270	26	1076	1911
Sep 01, 2020	12706	7	318	1893
Sep 02, 2020	13160	14	1026	1726
Sep 03, 2020	13663	19	1109	1839
Sep 04, 2020	14273	3	1164	1719
Sep 05, 2020	14797	6	836	1432
Sep 06, 2020	15383	16	855	1318
Sep 07, 2020	16412	5	1169	2013
Sep 08, 2020	17022	6	0	1825
Sep 09, 2020	17809	11	945	1801
Sep 10, 2020	18180	11	1159	1708
Sep 11, 2020	19050	8	957	1855
Sep 12, 2020	9894	16	719	1407
Sep 13, 2020	10236	10	995	1399
Sep 14, 2020	10385	14	764	2219
Sep 15, 2020	10509	9	990	1909
Sep 16, 2020	11044	13	1639	2075
Sep 17, 2020	11509	7	1210	2053
Sep 18, 2020	11813	7	752	2120
Sep 19, 2020	12121	8	899	1645
Sep 20, 2020	12447	5	782	1365
Sep 21, 2020	12962	9	972	2065
Sep 22, 2020	13073	15	467	1989
Sep 23, 2020	13198	13	950	1711
Sep 24, 2020	13316	13	862	1704
Sep 25, 2020	13291	15	781	4390
Sep 26, 2020	13497	10	899	1429
Sep 27, 2020	13716	0	853	2113
Sep 28, 2020	14168	22	1004	1764
Sep 29, 2020	14572	8	595	1842
Sep 30, 2020	14613	16	1078	1700
Oct 01, 2020	14755	12	923	1839
Oct 02, 2020	14813	9	970	1402
Oct 03, 2020	14620	6	875	1165
Oct 04, 2020	14788	0	919	1981
Oct 05, 2020	14765	21	824	1580
Oct 06, 2020	15456	13	0	1436
Oct 07, 2020	16074	8	974	1617
Oct 08, 2020	16546	15	722	1665
Oct 09, 2020	17294	15	612	1275
Oct 10, 2020	17272	13	529	1093
Oct 11, 2020	18043	0	541	1638
Oct 12, 2020	18711	13	802	1619
Oct 13, 2020	19322	17	0	1558
Oct 14, 2020	19851	13	1015	1582
Oct 15, 2020	20310	4	650	1531
Oct 16, 2020	21084	12	707	1337
Oct 17, 2020	21084	7	617	1033
Oct 18, 2020	21176	0	610	1265
Oct 19, 2020	21955	12	866	1767
Oct 20, 2020	22328	12	0	1613
Oct 21, 2020	22420	12	1157	1517
Oct 22, 2020	22795	6	379	1425
Oct 23, 2020	22991	12	608	1246
Oct 24, 2020	23619	5	670	1123
Oct 25, 2020	24487	0	762	1698
Oct 26, 2020	24907	21	680	1481
Oct 27, 2020	24910	15	0	1395
Oct 28, 2020	25089	5	1051	1295
Oct 29, 2020	25275	5	517	1350
Oct 30, 2020	25412	13	889	1118
Oct 31, 2020	25208	9	536	1031
Nov 01, 2020	25321	0	661	1591
Nov 02, 2020	25419	7	697	1508
Nov 03, 2020	25800	16	0	1503
Nov 04, 2020	26077	16	899	1218
Nov 05, 2020	26423	8	578	1340
Nov 06, 2020	26905	6	660	1054
Nov 07, 2020	26870	16	560	1079
Nov 08, 2020	27069	0	706	1727
Nov 09, 2020	27316	21	489	1473
Nov 10, 2020	27541	4	0	1313
Nov 11, 2020	27817	4	788	1343
Nov 12, 2020	28116	15	640	1353
Nov 13, 2020	28374	19	506	1170
Nov 14, 2020	28374	9	640	1052
Nov 15, 2020	28452	0	846	1632
Nov 16, 2020	28566	23	461	1529
Nov 17, 2020	28524	16	0	1366
Nov 18, 2020	28285	10	728	1319
Nov 19, 2020	28151	10	532	1332
Nov 20, 2020	28153	12	437	1150
Nov 21, 2020	28153	10	585	1027
Nov 22, 2020	27820	0	342	1557
Nov 23, 2020	27779	13	467	1393
Nov 24, 2020	27766	8	0	1401
Nov 25, 2020	27758	33	670	1377
Nov 26, 2020	27682	7	561	1486
Nov 27, 2020	27821	16	481	1140
Nov 28, 2020	27821	6	424	1070
Nov 29, 2020	27998	0	635	1683
Nov 30, 2020	27808	14	487	1501
Dec 01, 2020	28012	33	0	1446
Dec 02, 2020	28175	2	743	1400
Dec 03, 2020	28333	15	633	1410
Dec 04, 2020	28262	1	652	1190
Dec 05, 2020	28262	21	640	1036
Dec 06, 2020	28647	0	764	1787
Dec 07, 2020	28474	26	583	1766
Dec 08, 2020	28894	19	0	1683
Dec 09, 2020	28683	7	1071	1677
Dec 10, 2020	28688	13	781	1665
Dec 11, 2020	28763	30	596	1420
Dec 12, 2020	28763	10	659	1227
Dec 13, 2020	28585	0	622	2044
Dec 14, 2020	28590	35	794	1589
Dec 15, 2020	28554	6	0	1893
Dec 16, 2020	28533	13	1148	1884
Dec 17, 2020	28715	18	741	1912
Dec 18, 2020	28540	5	870	1664
Dec 19, 2020	28540	17	765	1533
Dec 20, 2020	28397	0	715	2334
Dec 21, 2020	28299	17	871	2222
Dec 22, 2020	28245	21	0	2039
Dec 23, 2020	28197	8	981	1980
Dec 24, 2020	28132	7	771	2054
Dec 25, 2020	27949	20	1032	1805
Dec 26, 2020	27949	5	809	1783
Dec 27, 2020	27955	0	770	2672
Dec 28, 2020	27710	4	881	2400
Dec 29, 2020	27494	24	0	2425
Dec 30, 2020	27203	9	1132	2144
Dec 31, 2020	26692	5	856	1915
Jan 01, 2021	26005	5	679	2535
Jan 02, 2021	26005	27	467	2474
Jan 03, 2021	25523	0	333	3728
Jan 04, 2021	25161	26	520	3088
Jan 05, 2021	24676	2	0	3115
Jan 06, 2021	23899	9	473	2675
Jan 07, 2021	23689	26	351	2735
Jan 08, 2021	23241	5	331	3088
Jan 09, 2021	23241	18	312	3022
Jan 10, 2021	22872	0	392	4823
Jan 11, 2021	22552	5	585	4156
Jan 12, 2021	22179	31	0	4216
Jan 13, 2021	21730	6	472	4112
Jan 14, 2021	21544	3	415	3991
Jan 15, 2021	21298	14	489	3416
Jan 16, 2021	21298	3	561	2859
Jan 17, 2021	21298	0	571	4566
Jan 18, 2021	20974	37	625	4157
Jan 19, 2021	20703	15	0	4106
Jan 20, 2021	20479	9	880	3942
Jan 21, 2021	20121	33	789	4289
Jan 22, 2021	19851	10	840	3515
Jan 23, 2021	19851	8	618	3111
Jan 24, 2021	19675	0	1002	4892
Jan 25, 2021	19305	38	895	4341
Jan 26, 2021	19223	16	0	4236
Jan 27, 2021	18856	4	1158	4091
Jan 28, 2021	18654	16	1018	4167
Jan 29, 2021	18451	13	1030	3280
Jan 30, 2021	18451	52	910	2817
Jan 31, 2021	18048	0	1073	4573
Feb 01, 2021	17933	19	972	3871
Feb 02, 2021	17945	7	0	3651
Feb 03, 2021	17981	51	1350	3723
Feb 04, 2021	17646	18	1087	3506
Feb 05, 2021	17646	9	1041	2716
Feb 06, 2021	17646	11	1054	2339
Feb 07, 2021	17534	0	1032	4400
Feb 08, 2021	17486	16	1134	3611
Feb 09, 2021	17202	35	0	3391
Feb 10, 2021	16653	5	1264	3390
Feb 11, 2021	15918	9	905	3519
Feb 12, 2021	15605	13	901	2983
Feb 13, 2021	15605	4	909	2482
Feb 14, 2021	15193	0	912	4060
Feb 15, 2021	14698	53	884	3688
Feb 16, 2021	14121	20	0	3692
Feb 17, 2021	13561	8	733	3359
Feb 18, 2021	13115	7	696	3338
Feb 19, 2021	12932	27	706	2821
Feb 20, 2021	12932	8	706	2557
Feb 21, 2021	12326	0	1023	3999
Feb 22, 2021	11976	16	1108	3543
Feb 23, 2021	11559	5	0	3619
Feb 24, 2021	11120	2	1206	3413
Feb 25, 2021	10886	4	1148	3654
Feb 26, 2021	10792	39	876	3124
Feb 27, 2021	10792	9	969	2721
Feb 28, 2021	10919	0	869	4639
Mar 01, 2021	10801	14	732	3939
Mar 02, 2021	10672	12	0	3968
Mar 03, 2021	10363	11	937	3990
Mar 04, 2021	10577	5	851	4124
Mar 05, 2021	10534	12	828	3634
Mar 06, 2021	10534	11	541	3351
Mar 07, 2021	10525	0	513	5641
Mar 08, 2021	10492	49	573	4841
Mar 09, 2021	10389	9	0	4817
Mar 10, 2021	10340	5	749	4822
Mar 11, 2021	10625	9	584	5159
Mar 12, 2021	10670	4	625	4509
Mar 13, 2021	10670	6	594	3947
Mar 14, 2021	10829	0	533	6122
Mar 15, 2021	10981	10	536	5635
Mar 16, 2021	10947	8	0	5720
Mar 17, 2021	10830	2	534	5459
Mar 18, 2021	10614	9	467	5956
Mar 19, 2021	10781	1	501	5116
Mar 20, 2021	10781	4	447	4557
Mar 21, 2021	10787	0	371	7417
Mar 22, 2021	10636	7	436	6501
Mar 23, 2021	10427	2	0	6546
Mar 24, 2021	10325	5	363	6228
Mar 25, 2021	10008	5	464	6760
Mar 26, 2021	9817	3	337	5772
Mar 27, 2021	9817	0	255	5190
Mar 28, 2021	9267	0	266	8099
Mar 29, 2021	9010	3	504	7232
Mar 30, 2021	9113	4	0	6962
Mar 31, 2021	9143	5	273	6864
Apr 01, 2021	9436	0	256	7488
Apr 02, 2021	10116	5	466	5833
Apr 03, 2021	10116	3	253	5028
Apr 04, 2021	10319	0	234	8481
Apr 05, 2021	10849	6	0	7163
Apr 06, 2021	11075	1	0	6834
Apr 07, 2021	11326	2	231	7592
Apr 08, 2021	11504	1	304	5879
Apr 09, 2021	11753	0	298	5895
Apr 10, 2021	11753	1	338	5443
Apr 11, 2021	12081	0	299	8509
Apr 12, 2021	12204	9	250	7383
Apr 13, 2021	12454	1	0	6918
Apr 14, 2021	12094	1	412	6748
Apr 15, 2021	11973	4	281	6900
Apr 16, 2021	11905	1	340	5913
Apr 17, 2021	11905	5	219	4953
Apr 18, 2021	11974	0	321	7785
Apr 19, 2021	11898	6	343	6799
Apr 20, 2021	11818	3	0	6589
Apr 21, 2021	11868	3	366	6555
Apr 22, 2021	11650	3	595	6564
Apr 23, 2021	11692	3	296	5452
Apr 24, 2021	11692	3	251	4631
Apr 25, 2021	11647	0	244	7248
Apr 26, 2021	11588	3	386	6539
Apr 27, 2021	11568	4	0	6006
Apr 28, 2021	11494	1	325	5778
Apr 29, 2021	11377	0	407	6042
Apr 30, 2021	11288	4	243	5109
May 01, 2021	11288	3	229	4237
May 02, 2021	11116	0	229	6603
May 03, 2021	11092	1	376	5666
May 04, 2021	10960	4	0	5401
May 05, 2021	10811	3	297	4928
May 06, 2021	10630	2	225	5350
May 07, 2021	10703	2	274	4381
May 08, 2021	10703	0	330	3979
May 09, 2021	10560	0	258	6445
May 10, 2021	10474	2	280	5492
May 11, 2021	10572	4	0	5452
May 12, 2021	10541	0	322	5331
May 13, 2021	10465	2	290	5626
May 14, 2021	10465	5	215	4658
May 15, 2021	10465	7	223	4222
May 16, 2021	10194	0	184	7083
May 17, 2021	10244	6	469	6091
May 18, 2021	10130	2	100	6026
May 19, 2021	10183	2	241	5692
May 20, 2021	10183	8	316	6406
May 21, 2021	10061	4	452	5367
May 22, 2021	10061	5	236	4987
May 23, 2021	10255	0	431	7984
May 24, 2021	10285	8	418	6958
May 25, 2021	10329	3	0	6512
May 26, 2021	10268	2	719	6920
May 27, 2021	10351	3	782	5611
May 28, 2021	10420	1	1070	5820
May 29, 2021	10420	4	1248	5643
May 30, 2021	10419	0	1384	8386
May 31, 2021	10776	28	1710	7598
Jun 01, 2021	10828	18	0	7270
Jun 02, 2021	10772	10	2854	6848
Jun 03, 2021	10798	0	2679	7106
Jun 04, 2021	10900	13	2640	6083
Jun 05, 2021	10900	22	2604	5334
Jun 06, 2021	10949	0	2555	8722
Jun 07, 2021	11145	31	2866	8119
Jun 08, 2021	11143	23	0	7466
Jun 09, 2021	11128	24	4061	7021
Jun 10, 2021	11008	31	3425	7190
Jun 11, 2021	11170	16	1781	5984
Jun 12, 2021	11170	40	0	5108
Jun 13, 2021	11232	0	732	7761
Jun 14, 2021	11143	39	2171	7023
Jun 15, 2021	11163	31	0	6508
Jun 16, 2021	11251	30	3845	6020
Jun 17, 2021	11289	26	3512	6136
Jun 18, 2021	11330	28	3348	5106
Jun 19, 2021	11330	26	3161	4086
Jun 20, 2021	11357	0	2730	6467
Jun 21, 2021	11410	30	2914	5462
Jun 22, 2021	11423	31	0	5047
Jun 23, 2021	11424	31	4322	4728
Jun 24, 2021	11369	30	2892	4693
Jun 25, 2021	11586	24	2139	3646
Jun 26, 2021	11686	34	2485	3293
Jun 27, 2021	11683	0	1996	3605
Jun 28, 2021	11713	35	1879	4495
Jun 29, 2021	11856	29	0	3947
Jun 30, 2021	11894	23	3019	3606
Jul 01, 2021	12086	12	2001	3437
Jul 02, 2021	12247	33	2134	2816
Jul 03, 2021	12247	16	2472	2263
Jul 04, 2021	12736	0	2286	2767
Jul 05, 2021	13213	34	2360	3079
Jul 06, 2021	13994	25	0	2899
Jul 07, 2021	14949	23	2831	2821
Jul 08, 2021	16095	27	2688	2698
Jul 09, 2021	17520	26	2276	2047
Jul 10, 2021	17520	13	2325	1863
Jul 11, 2021	19990	0	1949	2677
Jul 12, 2021	22323	19	2364	2242
Jul 13, 2021	24592	29	0	2039
Jul 14, 2021	26778	34	1722	1971
Jul 15, 2021	28960	16	1625	1830
Jul 16, 2021	31396	23	1894	1521
Jul 17, 2021	31396	22	1682	1173
Jul 18, 2021	34778	0	1722	1879
Jul 19, 2021	37568	15	1613	1542
Jul 20, 2021	38916	20	0	1515
Jul 21, 2021	38916	20	2003	1385
Jul 22, 2021	39259	11	1678	1093
Jul 23, 2021	40792	23	1501	1145
Jul 24, 2021	40792	13	1665	1047
Jul 25, 2021	43719	0	1479	1565
Jul 26, 2021	46342	17	1388	1359
Jul 27, 2021	48927	14	0	1184
Jul 28, 2021	51044	16	1914	1141
Jul 29, 2021	52767	12	1379	1147
Jul 30, 2021	54627	11	1272	916
Jul 31, 2021	54627	10	1499	821
Aug 01, 2021	57704	0	1802	1217
Aug 02, 2021	59605	11	1117	1063
Aug 03, 2021	60641	16	0	986
Aug 04, 2021	61678	16	1443	911
Aug 05, 2021	62571	27	1291	851
Aug 06, 2021	63575	9	1149	772
Aug 07, 2021	63575	19	1433	785
Aug 08, 2021	64992	0	1053	1019
Aug 09, 2021	65859	18	968	942
Aug 10, 2021	66995	11	0	837
Aug 11, 2021	68562	8	1121	788
Aug 12, 2021	69859	11	1081	829
Aug 13, 2021	71122	15	1038	665
Aug 14, 2021	71122	13	985	613
Aug 15, 2021	72550	0	1006	958
Aug 16, 2021	73521	22	936	790
Aug 17, 2021	74387	16	0	738
Aug 18, 2021	75840	8	989	682
Aug 19, 2021	76578	10	910	682
Aug 20, 2021	77274	19	686	540
Aug 21, 2021	77274	18	693	531
Aug 22, 2021	78003	0	815	807
Aug 23, 2021	78333	18	1007	665
Aug 24, 2021	79474	17	0	613
Aug 25, 2021	80183	16	748	562
Aug 26, 2021	81181	24	719	579
Aug 27, 2021	82001	17	682	465
Aug 28, 2021	82001	11	692	420
Aug 29, 2021	83075	0	915	675
Aug 30, 2021	83754	23	604	542
Aug 31, 2021	84257	21	0	544
Sep 01, 2021	83954	20	725	469
Sep 02, 2021	83810	21	637	450
Sep 03, 2021	83520	17	551	386
Sep 04, 2021	83520	20	724	335
Sep 05, 2021	83802	0	559	462
Sep 06, 2021	83259	24	563	412
Sep 07, 2021	82711	22	0	437
Sep 08, 2021	82601	5	780	386
Sep 09, 2021	82744	15	638	444
Sep 10, 2021	82315	13	596	372
Sep 11, 2021	82315	17	532	332
Sep 12, 2021	81838	0	436	544
Sep 13, 2021	81521	21	689	471
Sep 14, 2021	81228	23	0	423
Sep 15, 2021	81067	17	745	397
Sep 16, 2021	80704	18	589	460
Sep 17, 2021	80343	14	651	428
Sep 18, 2021	80343	15	624	396
Sep 19, 2021	79635	0	596	602
Sep 20, 2021	79390	21	569	494
Sep 21, 2021	79204	11	0	584
Sep 22, 2021	78738	8	683	509
Sep 23, 2021	78023	15	626	492
Sep 24, 2021	77879	17	499	485
Sep 25, 2021	77879	17	556	549
Sep 26, 2021	77479	0	648	879
Sep 27, 2021	77152	21	599	760
Sep 28, 2021	76738	11	0	687
Sep 29, 2021	76059	12	648	694
Sep 30, 2021	75859	13	795	640
Oct 01, 2021	75542	14	609	490
Oct 02, 2021	75542	19	597	562
Oct 03, 2021	74737	0	568	884
Oct 04, 2021	73996	15	593	717
Oct 05, 2021	73506	10	0	724
Oct 06, 2021	72864	13	599	712
Oct 07, 2021	72571	11	562	802
Oct 08, 2021	72066	11	593	708
Oct 09, 2021	72066	5	408	679
Oct 10, 2021	71261	0	551	1062
Oct 11, 2021	70571	8	429	982
Oct 12, 2021	69639	10	0	976
Oct 13, 2021	68936	8	593	972
Oct 14, 2021	67758	10	581	1046
Oct 15, 2021	66649	10	595	986
Oct 16, 2021	66649	4	468	1003
Oct 17, 2021	65575	0	732	1240
Oct 18, 2021	64773	13	600	1726
Oct 19, 2021	63828	6	0	1574
Oct 20, 2021	63137	15	784	1386
Oct 21, 2021	62247	4	638	1430
Oct 22, 2021	61459	11	427	1303
Oct 23, 2021	61459	11	574	1211
Oct 24, 2021	60450	0	529	1982
Oct 25, 2021	59694	13	541	1921
Oct 26, 2021	59049	8	0	1921
Oct 27, 2021	58096	8	709	1703
Oct 28, 2021	57246	7	479	1790
Oct 29, 2021	56401	7	401	1598
Oct 30, 2021	56401	6	509	1506
Oct 31, 2021	55244	0	495	2298
Nov 01, 2021	54168	9	577	2110
Nov 02, 2021	53092	9	0	1950
Nov 03, 2021	52027	8	655	1956
Nov 04, 2021	51090	11	711	1811
Nov 05, 2021	50277	9	512	1536
Nov 06, 2021	50277	6	488	1606
Nov 07, 2021	48987	0	648	2177
Nov 08, 2021	48183	10	559	2640
Nov 09, 2021	47112	14	0	2565
Nov 10, 2021	46201	11	726	2430
Nov 11, 2021	45135	9	592	2354
Nov 12, 2021	43972	11	543	1975
Nov 13, 2021	43972	14	561	1992
Nov 14, 2021	42447	0	560	2852
Nov 15, 2021	41114	12	658	2748
Nov 16, 2021	39772	5	0	2433
Nov 17, 2021	38295	13	735	2238
Nov 18, 2021	36933	12	881	2481
Nov 19, 2021	35402	15	599	1869
Nov 20, 2021	35402	11	665	1833
Nov 21, 2021	33565	0	640	2849
Nov 22, 2021	32016	10	551	2442
Nov 23, 2021	30692	8	0	2399
Nov 24, 2021	29136	9	916	2176
Nov 25, 2021	27740	8	634	2271
Nov 26, 2021	26354	9	651	1933
Nov 27, 2021	26354	6	698	1831
Nov 28, 2021	24410	0	643	2769
Nov 29, 2021	22674	13	592	2383
Nov 30, 2021	21194	12	0	2131
Dec 01, 2021	19514	10	597	1983
Dec 02, 2021	18024	11	518	1892
Dec 03, 2021	16384	15	487	1613
Dec 04, 2021	16384	18	599	1428
Dec 05, 2021	14375	0	618	2133
Dec 06, 2021	13155	14	765	1841
Dec 07, 2021	12061	15	0	1856
Dec 08, 2021	11127	14	867	1493
Dec 09, 2021	10436	17	736	1580
Dec 10, 2021	9733	12	885	1300
Dec 11, 2021	9733	14	1173	1132
Dec 12, 2021	8772	0	1331	1796
Dec 13, 2021	8194	14	1700	1532
Dec 14, 2021	7596	10	0	1135
Dec 15, 2021	7157	11	2281	1363
Dec 16, 2021	6945	7	2333	1367
Dec 17, 2021	6580	9	3063	1107
Dec 18, 2021	6580	8	2245	994
Dec 19, 2021	6377	0	3157	1502
Dec 20, 2021	6167	15	3320	1275
Dec 21, 2021	6084	13	0	1179
Dec 22, 2021	6025	7	5694	1089
Dec 23, 2021	6034	9	4429	1137
Dec 24, 2021	6138	11	4266	964
Dec 25, 2021	6138	6	4371	1008
Dec 26, 2021	6241	0	3656	1369
Dec 27, 2021	6433	12	3917	1266
Dec 28, 2021	6535	10	0	1193
Dec 29, 2021	6727	8	4242	1183
Dec 30, 2021	6740	13	2832	1177
Dec 31, 2021	6746	13	3326	1046
Jan 01, 2022	6746	9	3272	1186
Jan 02, 2022	6960	0	3773	1964
Jan 03, 2022	7027	13	3345	1748
Jan 04, 2022	7149	10	0	1559
Jan 05, 2022	7302	9	3648	1645
Jan 06, 2022	7398	12	2800	1699
Jan 07, 2022	7354	10	2490	1893
Jan 08, 2022	7354	9	2884	2520
Jan 09, 2022	7243	0	2457	4223
Jan 10, 2022	6916	9	1208	4187
Jan 11, 2022	6825	11	0	4375
Jan 12, 2022	6784	8	2292	4359
Jan 13, 2022	6785	7	2307	5233
Jan 14, 2022	7021	8	1815	4792
Jan 15, 2022	7021	4	1373	5195
Jan 16, 2022	7005	0	1276	9513
Jan 17, 2022	7127	11	938	9440
Jan 18, 2022	7384	9	0	10154
Jan 19, 2022	7883	6	1394	10191
Jan 20, 2022	8588	7	898	10873
Jan 21, 2022	9708	5	669	10281
Jan 22, 2022	9708	10	857	10743
Jan 23, 2022	11408	0	806	17643
Jan 24, 2022	13234	8	501	17606
Jan 25, 2022	15820	6	0	17560
Jan 26, 2022	17479	4	679	19547
Jan 27, 2022	20037	7	495	20698
Jan 28, 2022	22616	4	386	19491
Jan 29, 2022	22616	3	293	19098
Jan 30, 2022	27472	0	333	32258
Jan 31, 2022	31192	6	302	32072
Feb 01, 2022	34606	3	0	32013
Feb 02, 2022	37856	5	233	32015
Feb 03, 2022	40239	7	304	33191
Feb 04, 2022	42533	3	193	27462
Feb 05, 2022	42533	5	129	24936
Feb 06, 2022	44593	0	134	42657
Feb 07, 2022	45196	7	104	41565
Feb 08, 2022	45605	4	0	38428
Feb 09, 2022	46735	3	151	35978
Feb 10, 2022	47498	2	120	35234
Feb 11, 2022	47683	2	76	29313
Feb 12, 2022	47683	4	85	26272
Feb 13, 2022	45910	0	83	42721
Feb 14, 2022	44492	0	41	39816
Feb 15, 2022	40921	0	0	36232
Feb 16, 2022	41640	0	75	33600
Feb 17, 2022	40611	0	64	31474
Feb 18, 2022	38089	6	51	26103
Feb 19, 2022	38089	3	47	23224
Feb 20, 2022	36338	1	48	37720
Feb 21, 2022	35945	0	33	33817
Feb 22, 2022	34591	0	0	31109
Feb 23, 2022	32844	0	0	27992
Feb 24, 2022	30526	0	0	26873
Feb 25, 2022	28277	0	0	21445
Feb 26, 2022	28277	0	0	19448
Feb 27, 2022	26196	0	69	30861
Feb 28, 2022	24423	0	16	27264
Mar 01, 2022	22718	0	11	24111
Mar 02, 2022	20828	0	0	22101
Mar 03, 2022	19292	0	0	21739
Mar 04, 2022	18641	0	0	17248
Mar 05, 2022	18641	0	0	15487
Mar 06, 2022	17132	1	0	25031
Mar 07, 2022	15426	0	0	21403
Mar 08, 2022	14082	0	28	19299
Mar 09, 2022	13064	0	0	17788
Mar 10, 2022	12180	0	0	17190
Mar 11, 2022	11653	0	0	14417
Mar 12, 2022	11653	0	0	12607
Mar 13, 2022	10554	0	0	19787
Mar 14, 2022	9999	0	0	17020
Mar 15, 2022	9552	0	42	16198
Mar 16, 2022	8860	0	0	14727
Mar 17, 2022	8224	0	0	14296
Mar 18, 2022	7849	0	0	11884
Mar 19, 2022	7849	0	0	10936
Mar 20, 2022	7349	0	0	16540
Mar 21, 2022	6996	0	0	13314
Mar 22, 2022	6700	0	0	11867
Mar 23, 2022	6500	0	0	9931
Mar 24, 2022	6264	0	0	9253
Mar 25, 2022	6013	0	0	7040
Mar 26, 2022	6013	0	0	6230
Mar 27, 2022	5860	0	0	9856
Mar 28, 2022	5631	0	0	7854
Mar 29, 2022	5496	0	0	7170
Mar 30, 2022	5418	0	0	6172
Mar 31, 2022	5337	0	0	6010
Apr 01, 2022	5267	0	0	4597
Apr 02, 2022	5267	0	0	4227
Apr 03, 2022	5267	0	0	6503
Apr 04, 2022	5267	0	0	5262
Apr 05, 2022	5267	0	0	4807
Apr 06, 2022	5267	0	0	4075
Apr 07, 2022	5330	0	0	3813
Apr 08, 2022	4646	0	0	3015
Apr 09, 2022	4568	0	0	2851
Apr 10, 2022	4568	0	0	4485
Apr 11, 2022	4568	0	0	3743
Apr 12, 2022	4568	0	0	3108
Apr 13, 2022	4568	0	0	2856
Apr 14, 2022	4568	0	0	2807
Apr 15, 2022	4568	0	0	2258
Apr 16, 2022	4533	0	0	2113
Apr 17, 2022	4533	0	0	3195
Apr 18, 2022	4533	0	0	2585
Apr 19, 2022	4533	0	0	2237
Apr 20, 2022	4533	0	0	2046
Apr 21, 2022	4533	0	112	1680
Apr 22, 2022	4533	0	0	1922
Apr 23, 2022	4501	0	0	2095
Apr 24, 2022	4501	0	0	3240
Apr 25, 2022	4501	0	0	2492
Apr 26, 2022	4501	0	0	2159
Apr 27, 2022	4501	0	24	1989
Apr 28, 2022	4501	0	0	1911
Apr 29, 2022	4501	0	0	1761
Apr 30, 2022	4501	0	0	1645
May 01, 2022	4501	0	0	2559
May 02, 2022	4501	0	0	2344
May 03, 2022	4501	0	0	2168
May 04, 2022	4501	0	0	2017
May 05, 2022	4501	0	0	2084
May 06, 2022	4501	0	0	2118
May 07, 2022	4501	0	36	2204
May 08, 2022	4501	0	0	3383
May 09, 2022	4501	0	0	3228
May 10, 2022	4501	0	0	2974
May 11, 2022	4501	0	0	2836
May 12, 2022	4501	0	34	2900
May 13, 2022	4501	0	0	2975
May 14, 2022	4501	0	0	3076
May 15, 2022	4501	0	0	4707
May 16, 2022	4501	0	0	4716
May 17, 2022	4501	0	0	4600
May 18, 2022	4501	0	0	4268
May 19, 2022	4501	0	0	4552
May 20, 2022	4501	0	28	4536
May 21, 2022	4501	0	0	4335
May 22, 2022	4501	0	0	7045
May 23, 2022	4501	0	0	6366
May 24, 2022	4501	0	0	6065
May 25, 2022	4501	0	0	5745
May 26, 2022	4501	0	0	6204
May 27, 2022	4501	0	51	5349
May 28, 2022	4501	0	0	5549
May 29, 2022	4501	0	0	8820
May 30, 2022	4613	0	0	8336
May 31, 2022	4613	1	0	7775
Jun 01, 2022	4613	0	0	7193
Jun 02, 2022	4613	0	0	7088
Jun 03, 2022	4613	0	100	6332
Jun 04, 2022	4613	0	0	5904
Jun 05, 2022	4637	0	0	9926
Jun 06, 2022	4637	0	0	8852
Jun 07, 2022	4637	0	0	8941
Jun 08, 2022	4637	0	0	8202
Jun 09, 2022	4637	0	353	8950
Jun 10, 2022	4637	0	0	8305
Jun 11, 2022	4637	0	0	7900
Jun 12, 2022	4637	0	0	12888
Jun 13, 2022	4637	0	0	11438
Jun 14, 2022	4637	0	0	10592
Jun 15, 2022	4673	0	0	9980
Jun 16, 2022	4673	1	969	10073
Jun 17, 2022	4673	1	0	8630
Jun 18, 2022	4673	0	0	8171
Jun 19, 2022	4673	0	0	13416
Jun 20, 2022	4707	0	0	11685
Jun 21, 2022	4707	0	0	10770
Jun 22, 2022	4707	0	0	9701
Jun 23, 2022	4707	0	0	9226
Jun 24, 2022	4707	1	1386	7546
Jun 25, 2022	4707	0	223	6885
Jun 26, 2022	4707	0	130	11791
Jun 27, 2022	4707	1	0	8587
Jun 28, 2022	4735	0	0	11813
Jun 29, 2022	4735	0	0	9858
Jun 30, 2022	4735	1	355	9217
Jul 01, 2022	4735	0	100	7879
Jul 02, 2022	4735	0	54	6909
Jul 03, 2022	4735	0	97	8653
Jul 04, 2022	4735	0	146	11748
Jul 05, 2022	4786	0	76	10238
Jul 06, 2022	4786	0	77	8795
Jul 07, 2022	4786	0	59	8551
Jul 08, 2022	4786	0	45	7422
Jul 09, 2022	4786	0	82	6931
Jul 10, 2022	4786	0	34	10936
Jul 11, 2022	4786	0	40	9560
Jul 12, 2022	4886	1	0	8638
Jul 13, 2022	4886	0	23	8091
Jul 14, 2022	4886	0	64	7854
Jul 15, 2022	4886	0	52	6612
Jul 16, 2022	4886	0	35	6288
Jul 17, 2022	4886	0	16	9598
Jul 18, 2022	5238	0	41	8129
Jul 19, 2022	5238	0	0	7434
Jul 20, 2022	5238	0	5	6219
Jul 21, 2022	5238	0	17	6158
Jul 22, 2022	5238	0	7	5345
Jul 23, 2022	5238	0	15	5289
Jul 24, 2022	5238	0	32	9024
Jul 25, 2022	6207	0	16	7889
Jul 26, 2022	6207	0	0	7572
Jul 27, 2022	6207	0	11	7139
Jul 28, 2022	6207	0	11	7411
Jul 29, 2022	6207	0	4	6867
Jul 30, 2022	6207	0	14	6541
Jul 31, 2022	6207	0	3	10378
Aug 01, 2022	6207	0	8	8837
Aug 02, 2022	7593	0	0	8430
Aug 03, 2022	7815	0	0	6601
Aug 04, 2022	7944	0	9	6602
Aug 05, 2022	7944	0	11	8184
Aug 06, 2022	7944	0	0	7646
Aug 07, 2022	7944	0	9	7532
Aug 08, 2022	8299	0	4	12328
Aug 09, 2022	8399	0	0	10558
Aug 10, 2022	8453	0	4	10033
Aug 11, 2022	8549	0	6	9376
Aug 12, 2022	1281	0	9	9495
Aug 13, 2022	1184	0	6	9218
Aug 14, 2022	1037	0	2	8458
Aug 15, 2022	966	0	5	13732
Aug 16, 2022	832	0	0	11781
Aug 17, 2022	831	0	1	11135
Aug 18, 2022	771	0	31	0
Aug 19, 2022	711	0	2	18721
Aug 20, 2022	711	0	3	7626
Aug 21, 2022	634	0	0	6902
Aug 22, 2022	644	0	3	0
Aug 23, 2022	599	0	0	19792
Aug 24, 2022	488	0	10	9411
Aug 25, 2022	428	0	1	0
Aug 26, 2022	392	0	3	16290
Aug 27, 2022	392	0	1	6900
Aug 28, 2022	338	0	1	0
Aug 29, 2022	309	0	0	15291
Aug 30, 2022	234	0	0	7843
Aug 31, 2022	215	0	0	0
Sep 01, 2022	207	0	0	13154
Sep 02, 2022	191	0	0	0
Sep 03, 2022	191	0	2	11084
Sep 04, 2022	138	0	0	4775
Sep 05, 2022	97	0	0	6659
Sep 06, 2022	66	0	0	5660
Sep 07, 2022	64	0	0	5095
Sep 08, 2022	26	0	12	0
Sep 09, 2022	29	0	0	8943
Sep 10, 2022	29	0	0	3957
Sep 11, 2022	12	0	0	3619
Sep 12, 2022	14	0	0	0
Sep 13, 2022	10	0	0	10670
Sep 14, 2022	10	0	0	4136
Sep 15, 2022	16	0	10	3661
Sep 16, 2022	17	0	0	3615
Sep 17, 2022	17	0	0	3055
Sep 18, 2022	19	0	0	0
Sep 19, 2022	21	0	0	0
Sep 20, 2022	28	0	0	9698
Sep 21, 2022	30	0	0	2669
Sep 22, 2022	27	0	17	2231
Sep 23, 2022	30	0	0	1939
Sep 24, 2022	30	0	0	0
Sep 25, 2022	28	0	0	5148
Sep 26, 2022	50	0	0	3274
Sep 27, 2022	48	0	0	4565
Sep 28, 2022	49	0	0	0
Sep 29, 2022	47	0	9	7462
Sep 30, 2022	47	0	0	3168
Oct 01, 2022	47	0	0	2977
Oct 02, 2022	55	0	0	2799
Oct 03, 2022	51	0	0	4139
Oct 04, 2022	52	0	0	0
Oct 05, 2022	52	0	0	6565
Oct 06, 2022	51	0	0	2719
Oct 07, 2022	48	0	10	2674
Oct 08, 2022	48	0	0	2544
Oct 09, 2022	45	0	0	2669
Oct 10, 2022	45	0	0	4096
Oct 11, 2022	45	0	0	3433
Oct 12, 2022	47	0	0	3064
Oct 13, 2022	47	0	8	3026
Oct 14, 2022	47	0	0	2939
Oct 15, 2022	47	0	0	0
Oct 16, 2022	47	0	0	5715
Oct 17, 2022	40	0	0	13276
Oct 18, 2022	40	0	0	0
Oct 19, 2022	40	0	0	8169
Oct 20, 2022	40	0	6	4036
Oct 21, 2022	40	0	0	4222
Oct 22, 2022	40	0	0	7620
Oct 23, 2022	40	0	0	5520
Oct 24, 2022	42	0	0	5418
Oct 25, 2022	42	0	0	5623
Oct 26, 2022	42	0	0	0
Oct 27, 2022	42	0	16	10304
Oct 28, 2022	42	0	0	5021
Oct 29, 2022	42	0	0	0
Oct 30, 2022	42	0	0	14528
Oct 31, 2022	43	0	0	5605
Nov 01, 2022	43	0	0	4865
Nov 02, 2022	43	0	0	4334
Nov 03, 2022	43	0	0	0
Nov 04, 2022	43	0	12	7420
Nov 05, 2022	43	0	0	5244
Nov 06, 2022	43	0	0	5180
Nov 07, 2022	43	0	0	7836
Nov 08, 2022	43	0	0	7496
Nov 09, 2022	43	0	0	6762
Nov 10, 2022	43	0	9	5336
Nov 11, 2022	43	0	0	5533
Nov 12, 2022	43	0	0	8947
Nov 13, 2022	43	0	0	6535
Nov 14, 2022	43	0	0	5802
Nov 15, 2022	39	0	0	5611
Nov 16, 2022	39	0	0	5297
Nov 17, 2022	39	0	21	4342
Nov 18, 2022	39	0	0	4352
Nov 19, 2022	39	0	0	7735
Nov 20, 2022	39	0	0	5912
Nov 21, 2022	43	0	0	5493
Nov 22, 2022	43	0	0	5050
Nov 23, 2022	43	0	0	4852
Nov 24, 2022	43	0	11	3906
Nov 25, 2022	43	0	0	3946
Nov 26, 2022	43	0	0	6425
Nov 27, 2022	43	0	0	4820
Nov 28, 2022	43	0	0	7309
Nov 29, 2022	43	0	0	1211
Nov 30, 2022	43	0	0	3883
Dec 01, 2022	43	0	0	3193
Dec 02, 2022	43	0	0	3318
Dec 03, 2022	43	0	1	0
Dec 04, 2022	43	0	0	9392
Dec 05, 2022	53	0	0	0
Dec 06, 2022	53	0	0	7072
Dec 07, 2022	53	0	0	3210
Dec 08, 2022	53	0	4	2628
Dec 09, 2022	53	0	0	2552
Dec 10, 2022	53	0	0	0
Dec 11, 2022	53	0	0	0
Dec 12, 2022	53	0	0	0
Dec 13, 2022	35	0	0	0
Dec 14, 2022	35	0	0	12564
Dec 15, 2022	35	0	0	6807
Dec 16, 2022	35	0	1	2915
Dec 17, 2022	35	0	0	4578
Dec 18, 2022	35	0	0	3605
Dec 19, 2022	29	0	0	3572
Dec 20, 2022	29	0	0	3353
Dec 21, 2022	29	0	0	3323
Dec 22, 2022	29	0	3	3122
Dec 23, 2022	29	0	0	3184
Dec 24, 2022	29	0	0	5283
Dec 25, 2022	29	0	0	4287
Dec 26, 2022	44	0	0	3767
Dec 27, 2022	44	0	0	3848
Dec 28, 2022	44	0	0	0
Dec 29, 2022	44	0	4	7093
Dec 30, 2022	44	0	0	3889
Dec 31, 2022	44	0	0	6752
Jan 01, 2023	44	0	0	5186
Jan 02, 2023	41	0	0	4458
Jan 03, 2023	41	0	0	3703
Jan 04, 2023	41	0	0	3277
Jan 05, 2023	41	0	4	2385
Jan 06, 2023	41	0	0	2929
Jan 07, 2023	41	0	0	4074
Jan 08, 2023	41	0	0	5084
Jan 09, 2023	41	0	0	3985
Jan 10, 2023	41	0	0	3604
Jan 11, 2023	20	0	0	3164
Jan 12, 2023	20	0	1	2578
Jan 13, 2023	20	0	0	2530
Jan 14, 2023	20	0	0	4091
Jan 15, 2023	20	0	0	3118
Jan 16, 2023	4	0	0	2756
Jan 17, 2023	4	0	0	0
Jan 18, 2023	4	0	0	4944
Jan 19, 2023	4	0	3	0
Jan 20, 2023	4	0	0	4047
Jan 21, 2023	4	0	0	3094
Jan 22, 2023	4	0	0	2409
Jan 23, 2023	4	0	0	2041
Jan 24, 2023	5	0	0	2101
Jan 25, 2023	5	0	0	1844
Jan 26, 2023	5	0	13	1608
Jan 27, 2023	5	0	0	1600
Jan 28, 2023	5	0	0	2395
Jan 29, 2023	5	0	0	1915
Jan 30, 2023	4	0	0	1677
Jan 31, 2023	4	0	0	1607
Feb 01, 2023	4	0	0	1567
Feb 02, 2023	4	0	14	1502
Feb 03, 2023	4	0	0	1398
Feb 04, 2023	4	0	0	2091
Feb 05, 2023	4	0	0	1615
Feb 06, 2023	4	0	0	1606
Feb 07, 2023	4	0	0	1470
Feb 08, 2023	4	0	0	3823
Feb 09, 2023	4	0	5	0
Feb 10, 2023	4	0	0	183
Feb 11, 2023	4	0	0	2002
Feb 12, 2023	4	0	0	1639
Feb 13, 2023	4	0	0	1483
Feb 14, 2023	4	0	0	1410
Feb 15, 2023	4	0	0	1318
Feb 16, 2023	4	0	0	0
Feb 17, 2023	4	0	0	0
Feb 18, 2023	4	0	0	4433
Feb 19, 2023	4	0	0	0
Feb 20, 2023	1	0	0	3173
Feb 21, 2023	1	0	0	1585
Feb 22, 2023	1	0	0	1674
Feb 23, 2023	1	0	0	0
Feb 24, 2023	1	0	0	3396
Feb 25, 2023	1	0	23	2668
Feb 26, 2023	1	0	0	2210
Feb 27, 2023	3	0	0	2039
Feb 28, 2023	3	0	0	2091
Mar 01, 2023	3	0	0	1963
Mar 02, 2023	3	0	0	0
Mar 03, 2023	3	0	0	0
Mar 04, 2023	3	0	15	7102
Mar 05, 2023	3	0	0	2710
Mar 06, 2023	13	0	0	2592
Mar 07, 2023	13	0	0	2602
Mar 08, 2023	13	0	0	2722
Mar 09, 2023	13	0	0	0
Mar 10, 2023	13	0	6	5428
Mar 11, 2023	13	0	0	4092
Mar 12, 2023	13	0	0	3657
Mar 13, 2023	14	0	0	3426
Mar 14, 2023	14	0	0	3676
Mar 15, 2023	14	0	0	3819
Mar 16, 2023	14	0	0	3535
Mar 17, 2023	14	0	0	3596
Mar 18, 2023	14	0	0	5249
Mar 19, 2023	14	0	0	4031
Mar 20, 2023	5	0	0	3712
Mar 21, 2023	5	0	0	3546
Mar 22, 2023	5	0	0	3237
Mar 23, 2023	5	0	0	0
Mar 24, 2023	5	0	2	5760
Mar 25, 2023	5	0	0	4205
Mar 26, 2023	5	0	0	0
Mar 27, 2023	5	0	0	5627
Mar 28, 2023	5	0	0	2524
Mar 29, 2023	5	0	0	2180
Mar 30, 2023	5	0	0	0
Mar 31, 2023	5	0	0	0
Apr 01, 2023	5	0	1	6226
Apr 02, 2023	5	0	0	1850
Apr 03, 2023	5	0	0	0
Apr 04, 2023	5	0	0	2993
Apr 05, 2023	23	0	0	1170
Apr 06, 2023	23	0	2	1047
Apr 07, 2023	23	0	0	1146
Apr 08, 2023	23	0	0	1456
Apr 09, 2023	23	0	0	0
Apr 10, 2023	23	0	0	0
Apr 11, 2023	23	0	0	0
Apr 12, 2023	15	0	0	0
Apr 13, 2023	15	0	7	4096
Apr 14, 2023	15	0	0	788
Apr 15, 2023	15	0	0	1201
Apr 16, 2023	15	0	0	773
Apr 17, 2023	15	0	0	597
Apr 18, 2023	6	0	0	566
Apr 19, 2023	6	0	0	561
Apr 20, 2023	6	0	0	428
Apr 21, 2023	6	0	1	0
Apr 22, 2023	6	0	0	979
Apr 23, 2023	6	0	0	0
Apr 24, 2023	6	0	0	795
Apr 25, 2023	6	0	0	383
Apr 26, 2023	6	0	0	342
Apr 27, 2023	6	0	1	0
Apr 28, 2023	6	0	0	0
Apr 29, 2023	6	0	0	0
Apr 30, 2023	6	0	0	1276
May 01, 2023	6	0	0	240
May 02, 2023	2	0	0	175
May 03, 2023	2	0	0	203
May 04, 2023	2	0	0	134
May 05, 2023	2	0	0	152
May 06, 2023	2	0	0	180
May 07, 2023	2	0	0	240
May 08, 2023	2	0	0	141
May 09, 2023	2	0	0	0
May 10, 2023	1	0	0	305
May 11, 2023	1	0	2	0
May 12, 2023	1	0	0	255
May 13, 2023	1	0	0	181
May 14, 2023	1	0	0	0
May 15, 2023	2	0	0	219
May 16, 2023	2	0	0	97
May 17, 2023	2	0	0	104
May 18, 2023	2	0	0	0
May 19, 2023	2	0	0	186
May 20, 2023	2	0	0	123
May 21, 2023	2	0	0	112
May 22, 2023	7	0	0	63
May 23, 2023	7	0	0	74
May 24, 2023	7	0	0	77
May 25, 2023	7	0	0	54
May 26, 2023	7	0	0	64
May 27, 2023	7	0	0	85
May 28, 2023	7	0	0	66
May 29, 2023	7	0	0	42
May 30, 2023	1	0	0	68
May 31, 2023	1	0	0	36
Jun 01, 2023	1	0	0	43
Jun 02, 2023	1	0	0	33
Jun 03, 2023	1	0	0	60
Jun 04, 2023	1	0	0	52
Jun 05, 2023	1	0	0	34
Jun 06, 2023	1	0	0	32
Jun 07, 2023	1	0	0	42
Jun 08, 2023	1	0	0	24
Jun 09, 2023	1	0	0	27
Jun 10, 2023	1	0	0	42
Jun 11, 2023	1	0	0	31
Jun 12, 2023	1	0	0	26
Jun 13, 2023	1	0	0	22
Jun 14, 2023	1	0	0	23
Jun 15, 2023	1	0	0	24
Jun 16, 2023	1	0	0	22
Jun 17, 2023	1	0	0	51
Jun 18, 2023	1	0	0	28
Jun 19, 2023	2	0	0	38
Jun 20, 2023	2	0	0	26
Jun 21, 2023	2	0	0	27
Jun 22, 2023	2	0	0	20
Jun 23, 2023	2	0	0	20
Jun 24, 2023	2	0	0	32
Jun 25, 2023	2	0	0	17
Jun 26, 2023	2	0	0	16
Jun 27, 2023	2	0	0	19
Jun 28, 2023	2	0	0	29
Jun 29, 2023	2	0	0	25
Jun 30, 2023	2	0	0	18
Jul 01, 2023	2	0	0	26
Jul 02, 2023	2	0	0	30
Jul 03, 2023	2	0	0	15
Jul 04, 2023	0	0	0	23
Jul 05, 2023	0	0	0	19
Jul 06, 2023	0	0	0	16
Jul 07, 2023	0	0	0	0
Jul 08, 2023	0	0	0	34
Jul 09, 2023	0	0	0	0
Jul 10, 2023	0	0	0	41
Jul 11, 2023	0	0	0	18
Jul 12, 2023	0	0	0	12
Jul 13, 2023	0	0	0	24
Jul 14, 2023	0	0	0	22
Jul 15, 2023	0	0	0	38
Jul 16, 2023	0	0	0	0
Jul 17, 2023	0	0	2	32
Jul 18, 2023	0	0	0	20
Jul 19, 2023	0	0	0	22
Jul 20, 2023	0	0	0	13
Jul 21, 2023	0	0	0	21
Jul 22, 2023	0	0	1	31
Jul 23, 2023	0	0	0	29
Jul 24, 2023	0	0	0	23
Jul 25, 2023	0	0	0	28
Jul 26, 2023	0	0	0	0
Jul 27, 2023	0	0	0	55
Jul 28, 2023	0	0	0	44
Jul 29, 2023	0	0	0	55
Jul 30, 2023	0	0	0	44
Jul 31, 2023	0	0	0	36
Aug 01, 2023	0	0	0	50
Aug 02, 2023	0	0	0	44
Aug 03, 2023	0	0	0	44
Aug 04, 2023	0	0	0	43
Aug 05, 2023	0	0	0	71
Aug 06, 2023	0	0	0	50
Aug 07, 2023	0	0	0	50
Aug 08, 2023	0	0	1	0
Aug 09, 2023	0	0	0	0
Aug 10, 2023	0	0	0	0
Aug 11, 2023	0	0	0	224
Aug 12, 2023	0	0	0	0
Aug 13, 2023	0	0	0	0
Aug 14, 2023	0	0	0	188
Aug 15, 2023	0	0	0	63
Aug 16, 2023	0	0	0	69
Aug 17, 2023	0	0	0	0
Aug 18, 2023	0	0	0	104
Aug 19, 2023	0	0	0	0
Aug 20, 2023	0	0	0	0
Aug 21, 2023	0	0	0	228
Aug 22, 2023	0	0	0	0
Aug 23, 2023	0	0	0	0
Aug 24, 2023	0	0	0	215
Aug 25, 2023	2	0	0	73
Aug 26, 2023	2	0	0	0
Aug 27, 2023	2	0	0	0
Aug 28, 2023	2	0	0	0
Aug 29, 2023	2	0	0	371
Aug 30, 2023	1	0	0	0
Aug 31, 2023	1	0	0	83
Sep 01, 2023	1	0	4	0
Sep 02, 2023	1	0	0	0
Sep 03, 2023	1	0	0	0
Sep 04, 2023	1	0	0	0
Sep 05, 2023	1	0	0	0
Sep 06, 2023	1	0	0	491
Sep 07, 2023	1	0	0	0
Sep 08, 2023	1	0	0	0
Sep 09, 2023	1	0	0	0
Sep 10, 2023	1	0	0	0
Sep 11, 2023	1	0	0	0
Sep 12, 2023	1	0	0	0
Sep 13, 2023	1	0	0	0
Sep 14, 2023	1	0	0	649
Sep 15, 2023	1	0	0	0
Sep 16, 2023	0	0	0	0
Sep 17, 2023	0	0	0	0
Sep 18, 2023	0	0	0	0
Sep 19, 2023	0	0	0	0
Sep 20, 2023	0	0	0	0
Sep 21, 2023	0	0	0	790
Sep 22, 2023	0	0	0	0
Sep 23, 2023	0	0	0	0
Sep 24, 2023	0	0	0	0
Sep 25, 2023	0	0	0	0
Sep 26, 2023	0	0	0	0
Sep 27, 2023	0	0	0	0
Sep 28, 2023	0	0	0	0
Sep 29, 2023	0	0	0	0
Sep 30, 2023	0	0	0	864
Oct 01, 2023	0	0	0	0
Oct 02, 2023	0	0	0	0
Oct 03, 2023	0	0	0	0
Oct 04, 2023	0	0	0	0
Oct 05, 2023	0	0	0	0
Oct 06, 2023	0	0	0	1354
Oct 07, 2023	0	0	0	0
Oct 08, 2023	0	0	0	0
Oct 09, 2023	0	0	0	0
Oct 10, 2023	2	0	0	0
Oct 11, 2023	2	0	0	0
Oct 12, 2023	2	0	0	0
Oct 13, 2023	2	0	0	1774
Oct 14, 2023	2	0	0	0
Oct 15, 2023	2	0	0	0
Oct 16, 2023	2	0	0	0
Oct 17, 2023	2	0	0	0
Oct 18, 2023	2	0	0	0
Oct 19, 2023	2	0	0	0
Oct 20, 2023	2	0	0	2091
Oct 21, 2023	2	0	0	0
Oct 22, 2023	2	0	0	0
Oct 23, 2023	2	0	0	0
Oct 24, 2023	2	0	0	0
Oct 25, 2023	2	0	0	0
Oct 26, 2023	2	0	0	0
Oct 27, 2023	2	0	0	2952
Oct 28, 2023	2	0	0	3418
Oct 29, 2023	2	0	0	0
Oct 30, 2023	2	0	0	0
Oct 31, 2023	2	0	0	0
Nov 01, 2023	2	0	0	0
Nov 02, 2023	2	0	0	0
Nov 03, 2023	2	0	0	0
Nov 04, 2023	2	0	0	0
Nov 05, 2023	2	0	0	0
Nov 06, 2023	2	0	0	0
Nov 07, 2023	2	0	0	0
Nov 08, 2023	2	0	0	0
Nov 09, 2023	2	0	0	0
Nov 10, 2023	2	0	0	0
Nov 11, 2023	2	0	0	3539
Nov 12, 2023	2	0	0	8006
Nov 13, 2023	2	0	0	0
Nov 14, 2023	2	0	0	0
Nov 15, 2023	2	0	0	0
Nov 16, 2023	2	0	0	0
Nov 17, 2023	2	0	0	0
Nov 18, 2023	2	0	0	0
Nov 19, 2023	2	0	0	0
Nov 20, 2023	2	0	0	0
Nov 21, 2023	2	0	0	0
Nov 22, 2023	2	0	0	0
Nov 23, 2023	2	0	0	0
Nov 24, 2023	2	0	0	0
Nov 25, 2023	2	0	0	0
Nov 26, 2023	2	0	0	0
Nov 27, 2023	2	0	0	0
Nov 28, 2023	2	0	0	0
Nov 29, 2023	2	0	0	0
Nov 30, 2023	2	0	0	0
Dec 01, 2023	2	0	0	0
Dec 02, 2023	2	0	0	0
Dec 03, 2023	2	0	0	0
Dec 04, 2023	2	0	0	0
Dec 05, 2023	2	0	0	0
Dec 06, 2023	2	0	0	0
Dec 07, 2023	2	0	0	0
Dec 08, 2023	2	0	0	0
Dec 09, 2023	2	0	0	0
Dec 10, 2023	2	0	0	0
Dec 11, 2023	2	0	0	0
Dec 12, 2023	2	0	0	0
Dec 13, 2023	2	0	0	0
Dec 14, 2023	2	0	0	0
Dec 15, 2023	2	0	0	0
Dec 16, 2023	2	0	0	0
Dec 17, 2023	2	0	0	0
Dec 18, 2023	2	0	0	0
Dec 19, 2023	2	0	0	0
Dec 20, 2023	2	0	0	0
Dec 21, 2023	2	0	0	0
Dec 22, 2023	2	0	0	0
Dec 23, 2023	2	0	0	0
Dec 24, 2023	2	0	0	0
Dec 25, 2023	2	0	0	0
Dec 26, 2023	2	0	0	0
Dec 27, 2023	2	0	0	0
Dec 28, 2023	2	0	0	0
Dec 29, 2023	2	0	0	0
Dec 30, 2023	2	0	0	0
Dec 31, 2023	2	0	0	0
Jan 01, 2024	2	0	0	0
Jan 02, 2024	2	0	0	0
Jan 03, 2024	2	0	0	0
Jan 04, 2024	2	0	0	0
Jan 05, 2024	2	0	0	0
Jan 06, 2024	2	0	0	0
Jan 07, 2024	2	0	0	0
Jan 08, 2024	2	0	0	0
Jan 09, 2024	2	0	0	0
Jan 10, 2024	2	0	0	0
Jan 11, 2024	2	0	0	0
Jan 12, 2024	2	0	0	0
Jan 13, 2024	2	0	0	0
Jan 14, 2024	2	0	0	0
Jan 15, 2024	2	0	0	0
Jan 16, 2024	2	0	0	0
Jan 17, 2024	2	0	0	0
Jan 18, 2024	2	0	0	0
Jan 19, 2024	2	0	0	0
Jan 20, 2024	2	0	0	0
Jan 21, 2024	2	0	0	0
Jan 22, 2024	2	0	0	0
Jan 23, 2024	2	0	0	0
Jan 24, 2024	2	0	0	0
Jan 25, 2024	2	0	0	0
Jan 26, 2024	2	0	0	0
Jan 27, 2024	2	0	0	0
Jan 28, 2024	2	0	0	0
Jan 29, 2024	2	0	0	0
Jan 30, 2024	2	0	0	0
Jan 31, 2024	2	0	0	0
Feb 01, 2024	2	0	0	0
Feb 02, 2024	2	0	0	0
Feb 03, 2024	2	0	0	0
Feb 04, 2024	2	0	0	0
Feb 05, 2024	2	0	0	0
Feb 06, 2024	2	NA	0	0
Feb 07, 2024	2	NA	0	0
Feb 08, 2024	2	NA	0	0
Feb 09, 2024	2	NA	0	0
Feb 10, 2024	2	NA	0	0
Feb 11, 2024	2	NA	0	0
Feb 12, 2024	2	NA	0	0
Feb 13, 2024	2	NA	0	0
Feb 14, 2024	2	NA	0	0
Feb 15, 2024	2	NA	NA	0
Feb 16, 2024	2	NA	NA	0
Feb 17, 2024	2	NA	NA	0
Feb 18, 2024	2	NA	NA	0
Feb 19, 2024	2	NA	NA	0
Feb 20, 2024	2	NA	NA	0
Feb 21, 2024	2	NA	NA	0
Feb 22, 2024	2	NA	NA	0
Feb 23, 2024	2	NA	NA	0
Feb 24, 2024	2	NA	NA	0
Feb 25, 2024	2	NA	NA	0
Feb 26, 2024	2	NA	NA	0
Feb 27, 2024	2	NA	NA	0
Feb 28, 2024	2	NA	NA	0
Feb 29, 2024	2	NA	NA	0
Mar 01, 2024	2	NA	NA	0
Mar 02, 2024	2	NA	NA	0
Mar 03, 2024	2	NA	NA	0
Mar 04, 2024	2	NA	NA	0
Mar 05, 2024	2	NA	NA	0
Mar 06, 2024	2	NA	NA	0
Mar 07, 2024	2	NA	NA	0
Mar 08, 2024	2	NA	NA	0
Mar 09, 2024	2	NA	NA	0
Mar 10, 2024	2	NA	NA	0
Mar 11, 2024	2	NA	NA	0
Mar 12, 2024	2	NA	NA	0
Mar 13, 2024	2	NA	NA	0
Mar 14, 2024	2	NA	NA	0
Mar 15, 2024	2	NA	NA	0
Mar 16, 2024	2	NA	NA	0
Mar 17, 2024	2	NA	NA	0
Mar 18, 2024	2	NA	NA	0
Mar 19, 2024	2	NA	NA	0
Mar 20, 2024	2	NA	NA	0
Mar 21, 2024	2	NA	NA	0
Mar 22, 2024	2	NA	NA	0
Mar 23, 2024	2	NA	NA	0
Mar 24, 2024	2	NA	NA	NA
