Dates	Active	Deaths	Newcases	recover
Feb 15, 2020	0	0	2	0
Feb 16, 2020	0	0	0	0
Feb 17, 2020	0	0	0	0
Feb 18, 2020	0	0	0	0
Feb 19, 2020	0	0	0	0
Feb 20, 2020	0	0	0	0
Feb 21, 2020	0	0	2	0
Feb 22, 2020	0	0	2	0
Feb 23, 2020	0	0	0	0
Feb 24, 2020	0	0	0	0
Feb 25, 2020	0	0	1	0
Feb 26, 2020	0	0	0	0
Feb 27, 2020	0	0	1	0
Feb 28, 2020	0	0	0	0
Feb 29, 2020	0	1	0	0
Mar 01, 2020	0	1	0	0
Mar 02, 2020	0	0	1	0
Mar 03, 2020	0	0	1	0
Mar 04, 2020	0	0	0	0
Mar 05, 2020	0	0	0	0
Mar 06, 2020	0	0	2	0
Mar 07, 2020	0	0	1	0
Mar 08, 2020	0	0	0	0
Mar 09, 2020	0	0	3	0
Mar 10, 2020	0	0	0	0
Mar 11, 2020	0	0	6	0
Mar 12, 2020	0	0	0	0
Mar 13, 2020	0	0	1	0
Mar 14, 2020	0	0	1	0
Mar 15, 2020	0	1	0	0
Mar 16, 2020	0	0	0	0
Mar 17, 2020	0	0	3	0
Mar 18, 2020	0	0	0	0
Mar 19, 2020	0	0	0	6
Mar 20, 2020	1	0	1	2
Mar 21, 2020	3	0	2	0
Mar 22, 2020	3	0	0	3
Mar 23, 2020	2	0	0	6
Mar 24, 2020	2	0	1	5
Mar 25, 2020	2	0	0	0
Mar 26, 2020	2	0	2	21
Mar 27, 2020	4	0	0	18
Mar 28, 2020	6	0	0	14
Mar 29, 2020	6	0	0	81
Mar 30, 2020	6	0	0	0
Mar 31, 2020	7	0	0	78
Apr 01, 2020	7	0	0	101
Apr 02, 2020	8	0	0	92
Apr 03, 2020	8	0	0	101
Apr 04, 2020	8	0	1	90
Apr 05, 2020	8	0	1	110
Apr 06, 2020	9	0	0	170
Apr 07, 2020	9	0	0	217
Apr 08, 2020	8	0	1	159
Apr 09, 2020	8	0	0	297
Apr 10, 2020	10	0	5	293
Apr 11, 2020	11	0	0	195
Apr 12, 2020	11	0	2	308
Apr 13, 2020	14	0	2	279
Apr 14, 2020	14	0	0	291
Apr 15, 2020	19	0	2	362
Apr 16, 2020	19	0	3	322
Apr 17, 2020	19	0	0	414
Apr 18, 2020	20	0	5	303
Apr 19, 2020	20	0	0	338
Apr 20, 2020	20	0	0	293
Apr 21, 2020	23	0	0	417
Apr 22, 2020	22	0	76	418
Apr 23, 2020	22	0	17	523
Apr 24, 2020	23	0	0	419
Apr 25, 2020	25	0	25	278
Apr 26, 2020	25	0	4	303
Apr 27, 2020	22	0	25	383
Apr 28, 2020	23	0	3	347
Apr 29, 2020	23	0	16	523
Apr 30, 2020	25	0	15	438
May 01, 2020	25	0	28	554
May 02, 2020	25	0	14	469
May 03, 2020	25	0	3	374
May 04, 2020	25	0	5	295
May 05, 2020	25	0	27	479
May 06, 2020	25	0	6	475
May 07, 2020	25	0	12	496
May 08, 2020	21	0	11	507
May 09, 2020	22	0	13	445
May 10, 2020	23	0	27	493
May 11, 2020	23	0	4	520
May 12, 2020	23	0	4	740
May 13, 2020	21	0	10	790
May 14, 2020	20	2	62	959
May 15, 2020	25	0	16	1400
May 16, 2020	25	0	0	1199
May 17, 2020	23	0	10	952
May 18, 2020	24	0	23	1342
May 19, 2020	24	0	13	997
May 20, 2020	26	0	5	1488
May 21, 2020	29	0	21	1350
May 22, 2020	29	1	10	1204
May 23, 2020	34	0	6	1602
May 24, 2020	27	0	0	1154
May 25, 2020	27	0	7	1613
May 26, 2020	27	0	17	2625
May 27, 2020	103	1	14	2610
May 28, 2020	117	0	12	2448
May 29, 2020	117	1	8	1833
May 30, 2020	141	0	73	2296
May 31, 2020	145	0	18	2219
Jun 01, 2020	170	3	18	0
Jun 02, 2020	173	1	53	41227
Jun 03, 2020	189	5	98	4575
Jun 04, 2020	202	0	41	4883
Jun 05, 2020	228	1	16	0
Jun 06, 2020	242	1	40	0
Jun 07, 2020	244	0	3	0
Jun 08, 2020	237	3	49	0
Jun 09, 2020	264	1	30	0
Jun 10, 2020	267	1	25	30813
Jun 11, 2020	277	0	273	4914
Jun 12, 2020	288	1	58	5938
Jun 13, 2020	298	0	58	6408
Jun 14, 2020	325	0	133	5088
Jun 15, 2020	329	2	102	7440
Jun 16, 2020	325	4	107	0
Jun 17, 2020	334	2	214	30209
Jun 18, 2020	396	0	90	5050
Jun 19, 2020	412	2	172	5118
Jun 20, 2020	412	4	138	3960
Jun 21, 2020	419	1	78	4828
Jun 22, 2020	442	12	192	5173
Jun 23, 2020	455	14	113	4523
Jun 24, 2020	401	2	62	4234
Jun 25, 2020	417	1	213	4104
Jun 26, 2020	420	10	77	4624
Jun 27, 2020	419	1	490	4155
Jun 28, 2020	419	0	262	3944
Jun 29, 2020	415	3	154	5075
Jun 30, 2020	422	18	146	4214
Jul 01, 2020	432	0	0	3804
Jul 02, 2020	437	2	118	4096
Jul 03, 2020	442	0	112	4102
Jul 04, 2020	509	0	124	3587
Jul 05, 2020	527	18	74	3339
Jul 06, 2020	528	6	99	3874
Jul 07, 2020	577	0	70	3458
Jul 08, 2020	670	2	75	3219
Jul 09, 2020	608	2	97	3131
Jul 10, 2020	609	3	82	3061
Jul 11, 2020	644	6	104	2788
Jul 12, 2020	639	9	85	2654
Jul 13, 2020	672	1	47	2664
Jul 14, 2020	701	1	70	2865
Jul 15, 2020	674	1	265	3216
Jul 16, 2020	914	2	102	1513
Jul 17, 2020	958	0	70	2635
Jul 18, 2020	1014	11	78	2345
Jul 19, 2020	1114	13	37	2198
Jul 20, 2020	1215	10	140	2824
Jul 21, 2020	1306	6	126	2425
Jul 22, 2020	1498	1	55	2190
Jul 23, 2020	1586	0	41	2265
Jul 24, 2020	1750	6	96	2473
Jul 25, 2020	1882	1	18	1926
Jul 26, 2020	1960	3	6	1859
Jul 27, 2020	2126	0	85	2378
Jul 28, 2020	2173	0	62	2225
Jul 29, 2020	1951	0	79	2071
Jul 30, 2020	2115	0	40	1699
Jul 31, 2020	2098	4	159	2180
Aug 01, 2020	2579	8	0	1904
Aug 02, 2020	2835	4	0	1565
Aug 03, 2020	2938	0	461	2354
Aug 04, 2020	2902	2	90	1961
Aug 05, 2020	2902	0	41	1877
Aug 06, 2020	2991	0	24	2000
Aug 07, 2020	3004	0	26	1965
Aug 08, 2020	3057	0	29	1693
Aug 09, 2020	3108	0	18	1516
Aug 10, 2020	3120	0	5	2199
Aug 11, 2020	3190	0	45	1878
Aug 12, 2020	3151	1	22	1712
Aug 13, 2020	2935	0	35	1906
Aug 14, 2020	2946	1	14	1914
Aug 15, 2020	2999	0	25	1877
Aug 16, 2020	3037	1	11	1557
Aug 17, 2020	1325	0	23	2055
Aug 18, 2020	1132	0	5	1845
Aug 19, 2020	1051	0	14	1778
Aug 20, 2020	1069	0	27	1834
Aug 21, 2020	1076	1	35	1833
Aug 22, 2020	1111	0	16	1449
Aug 23, 2020	903	0	9	1285
Aug 24, 2020	965	0	4	1999
Aug 25, 2020	1069	0	21	1805
Aug 26, 2020	1071	0	1	1654
Aug 27, 2020	1093	0	12	1530
Aug 28, 2020	1150	0	8	1731
Aug 29, 2020	1154	1	27	1401
Aug 30, 2020	1155	0	3	1295
Aug 31, 2020	1074	0	10	1911
Sep 01, 2020	1115	0	17	1893
Sep 02, 2020	1182	1	4	1726
Sep 03, 2020	1209	0	32	1839
Sep 04, 2020	1286	0	43	1719
Sep 05, 2020	1286	0	16	1432
Sep 06, 2020	1286	1	1	1318
Sep 07, 2020	1633	0	10	2013
Sep 08, 2020	1693	0	15	1825
Sep 09, 2020	1665	0	19	1801
Sep 10, 2020	1596	0	20	1708
Sep 11, 2020	1595	1	24	1855
Sep 12, 2020	1609	1	11	1407
Sep 13, 2020	1624	3	37	1399
Sep 14, 2020	1617	0	12	2219
Sep 15, 2020	1569	0	28	1909
Sep 16, 2020	1551	0	28	2075
Sep 17, 2020	1568	1	27	2053
Sep 18, 2020	1540	5	15	2120
Sep 19, 2020	1533	0	12	1645
Sep 20, 2020	1534	0	7	1365
Sep 21, 2020	1532	0	27	2065
Sep 22, 2020	1506	0	12	1989
Sep 23, 2020	1491	1	5	1711
Sep 24, 2020	1482	0	29	1704
Sep 25, 2020	1503	2	13	4390
Sep 26, 2020	1509	1	5	1429
Sep 27, 2020	1479	2	7	2113
Sep 28, 2020	1476	0	15	1764
Sep 29, 2020	1487	2	21	1842
Sep 30, 2020	1307	1	17	1700
Oct 01, 2020	1310	2	17	1839
Oct 02, 2020	1308	1	27	1402
Oct 03, 2020	1330	1	27	1165
Oct 04, 2020	1301	0	33	1981
Oct 05, 2020	1246	0	30	1580
Oct 06, 2020	1246	2	49	1436
Oct 07, 2020	1249	0	57	1617
Oct 08, 2020	1276	0	29	1665
Oct 09, 2020	1291	0	69	1275
Oct 10, 2020	1288	3	21	1093
Oct 11, 2020	1277	1	43	1638
Oct 12, 2020	164	4	68	1619
Oct 13, 2020	174	0	48	1558
Oct 14, 2020	184	0	36	1582
Oct 15, 2020	175	3	65	1531
Oct 16, 2020	195	5	74	1337
Oct 17, 2020	206	1	52	1033
Oct 18, 2020	238	0	48	1265
Oct 19, 2020	244	0	88	1767
Oct 20, 2020	262	1	90	1613
Oct 21, 2020	254	0	110	1517
Oct 22, 2020	264	1	115	1425
Oct 23, 2020	250	1	91	1246
Oct 24, 2020	248	0	108	1123
Oct 25, 2020	242	0	128	1698
Oct 26, 2020	264	3	84	1481
Oct 27, 2020	269	1	95	1395
Oct 28, 2020	233	10	114	1295
Oct 29, 2020	243	0	181	1350
Oct 30, 2020	236	3	123	1118
Oct 31, 2020	230	9	70	1031
Nov 01, 2020	204	1	101	1591
Nov 02, 2020	205	1	121	1508
Nov 03, 2020	222	1	73	1503
Nov 04, 2020	212	1	95	1218
Nov 05, 2020	221	0	74	1340
Nov 06, 2020	238	2	81	1054
Nov 07, 2020	252	1	57	1079
Nov 08, 2020	273	3	27	1727
Nov 09, 2020	284	1	112	1473
Nov 10, 2020	315	2	164	1313
Nov 11, 2020	366	2	227	1343
Nov 12, 2020	381	2	117	1353
Nov 13, 2020	418	2	181	1170
Nov 14, 2020	433	4	104	1052
Nov 15, 2020	476	4	174	1632
Nov 16, 2020	524	9	97	1529
Nov 17, 2020	521	2	122	1366
Nov 18, 2020	536	0	112	1319
Nov 19, 2020	586	8	130	1332
Nov 20, 2020	626	5	94	1150
Nov 21, 2020	672	5	83	1027
Nov 22, 2020	702	1	114	1557
Nov 23, 2020	747	3	71	1393
Nov 24, 2020	827	6	177	1401
Nov 25, 2020	898	8	300	1377
Nov 26, 2020	952	3	242	1486
Nov 27, 2020	969	4	217	1140
Nov 28, 2020	1075	34	407	1070
Nov 29, 2020	1192	13	774	1683
Nov 30, 2020	1268	15	564	1501
Dec 01, 2020	1209	22	1365	1446
Dec 02, 2020	1295	15	610	1400
Dec 03, 2020	1390	24	871	1410
Dec 04, 2020	1464	21	985	1190
Dec 05, 2020	1482	23	839	1036
Dec 06, 2020	1547	38	978	1787
Dec 07, 2020	1573	47	820	1766
Dec 08, 2020	1547	30	942	1683
Dec 09, 2020	1556	17	1017	1677
Dec 10, 2020	1523	30	1112	1665
Dec 11, 2020	1532	60	741	1420
Dec 12, 2020	1553	52	772	1227
Dec 13, 2020	1488	54	322	2044
Dec 14, 2020	1495	38	689	1589
Dec 15, 2020	1613	45	783	1893
Dec 16, 2020	1734	12	733	1884
Dec 17, 2020	1716	31	639	1912
Dec 18, 2020	1837	70	476	1664
Dec 19, 2020	1849	28	484	1533
Dec 20, 2020	1981	19	313	2334
Dec 21, 2020	1988	38	326	2222
Dec 22, 2020	2059	18	358	2039
Dec 23, 2020	2067	15	300	1980
Dec 24, 2020	2133	24	342	2054
Dec 25, 2020	2071	17	306	1805
Dec 26, 2020	2103	20	321	1783
Dec 27, 2020	2135	15	115	2672
Dec 28, 2020	2089	19	160	2400
Dec 29, 2020	1899	15	266	2425
Dec 30, 2020	2111	13	150	2144
Dec 31, 2020	2254	10	207	1915
Jan 01, 2021	2368	13	160	2535
Jan 02, 2021	2751	14	156	2474
Jan 03, 2021	3311	11	65	3728
Jan 04, 2021	3729	18	106	3088
Jan 05, 2021	4963	11	123	3115
Jan 06, 2021	5407	5	83	2675
Jan 07, 2021	6146	2	85	2735
Jan 08, 2021	7008	10	96	3088
Jan 09, 2021	7577	4	59	3022
Jan 10, 2021	8388	4	68	4823
Jan 11, 2021	8556	2	50	4156
Jan 12, 2021	9292	10	93	4216
Jan 13, 2021	10009	2	108	4112
Jan 14, 2021	10018	4	120	3991
Jan 15, 2021	10029	5	167	3416
Jan 16, 2021	10326	7	58	2859
Jan 17, 2021	9978	8	28	4566
Jan 18, 2021	9747	2	66	4157
Jan 19, 2021	9740	5	48	4106
Jan 20, 2021	9276	0	50	3942
Jan 21, 2021	9561	0	34	4289
Jan 22, 2021	8481	5	50	3515
Jan 23, 2021	8656	4	14	3111
Jan 24, 2021	8065	6	31	4892
Jan 25, 2021	7694	5	26	4341
Jan 26, 2021	7488	1	33	4236
Jan 27, 2021	7495	1	31	4091
Jan 28, 2021	7067	0	44	4167
Jan 29, 2021	6902	2	25	3280
Jan 30, 2021	6719	2	12	2817
Jan 31, 2021	6127	0	11	4573
Feb 01, 2021	5731	3	18	3871
Feb 02, 2021	5766	4	32	3651
Feb 03, 2021	5304	5	20	3723
Feb 04, 2021	5124	2	36	3506
Feb 05, 2021	4883	1	46	2716
Feb 06, 2021	4788	3	48	2339
Feb 07, 2021	4675	1	13	4400
Feb 08, 2021	4494	1	20	3611
Feb 09, 2021	4139	1	31	3391
Feb 10, 2021	4029	0	17	3390
Feb 11, 2021	4096	2	59	3519
Feb 12, 2021	3693	2	41	2983
Feb 13, 2021	3617	2	10	2482
Feb 14, 2021	3171	0	3	4060
Feb 15, 2021	3053	2	19	3688
Feb 16, 2021	2922	0	33	3692
Feb 17, 2021	2390	1	32	3359
Feb 18, 2021	2302	1	29	3338
Feb 19, 2021	2308	0	27	2821
Feb 20, 2021	2240	0	13	2557
Feb 21, 2021	2235	3	4	3999
Feb 22, 2021	2205	0	17	3543
Feb 23, 2021	2174	1	0	3619
Feb 24, 2021	2094	0	43	3413
Feb 25, 2021	2081	1	14	3654
Feb 26, 2021	2042	0	7	3124
Feb 27, 2021	2005	6	8	2721
Feb 28, 2021	1960	0	12	4639
Mar 01, 2021	1742	1	11	3939
Mar 02, 2021	1687	3	32	3968
Mar 03, 2021	1309	3	18	3990
Mar 04, 2021	1108	0	68	4124
Mar 05, 2021	1005	4	95	3634
Mar 06, 2021	970	1	126	3351
Mar 07, 2021	952	5	15	5641
Mar 08, 2021	930	2	19	4841
Mar 09, 2021	913	1	23	4817
Mar 10, 2021	899	1	39	4822
Mar 11, 2021	913	1	53	5159
Mar 12, 2021	931	0	112	4509
Mar 13, 2021	959	1	165	3947
Mar 14, 2021	938	1	52	6122
Mar 15, 2021	949	0	108	5635
Mar 16, 2021	904	1	16	5720
Mar 17, 2021	908	0	105	5459
Mar 18, 2021	876	1	38	5956
Mar 19, 2021	893	3	27	5116
Mar 20, 2021	895	5	19	4557
Mar 21, 2021	884	0	22	7417
Mar 22, 2021	855	2	16	6501
Mar 23, 2021	754	0	62	6546
Mar 24, 2021	757	1	27	6228
Mar 25, 2021	705	2	44	6760
Mar 26, 2021	715	3	22	5772
Mar 27, 2021	724	1	3	5190
Mar 28, 2021	699	0	21	8099
Mar 29, 2021	702	1	12	7232
Mar 30, 2021	702	1	34	6962
Mar 31, 2021	673	0	30	6864
Apr 01, 2021	675	0	41	7488
Apr 02, 2021	671	0	5	5833
Apr 03, 2021	655	3	11	5028
Apr 04, 2021	650	0	5	8481
Apr 05, 2021	651	3	14	7163
Apr 06, 2021	654	0	15	6834
Apr 07, 2021	650	0	18	7592
Apr 08, 2021	706	0	25	5879
Apr 09, 2021	781	0	44	5895
Apr 10, 2021	873	1	19	5443
Apr 11, 2021	877	0	6	8509
Apr 12, 2021	864	2	12	7383
Apr 13, 2021	855	1	23	6918
Apr 14, 2021	875	0	17	6748
Apr 15, 2021	911	0	23	6900
Apr 16, 2021	1002	0	29	5913
Apr 17, 2021	1142	1	15	4953
Apr 18, 2021	1179	2	3	7785
Apr 19, 2021	1275	3	14	6799
Apr 20, 2021	1263	0	10	6589
Apr 21, 2021	1360	2	113	6555
Apr 22, 2021	1390	0	35	6564
Apr 23, 2021	1395	2	64	5452
Apr 24, 2021	1407	3	15	4631
Apr 25, 2021	1406	0	11	7248
Apr 26, 2021	1393	5	17	6539
Apr 27, 2021	1119	1	37	6006
Apr 28, 2021	1109	0	33	5778
Apr 29, 2021	1074	1	61	6042
Apr 30, 2021	1078	5	52	5109
May 01, 2021	1072	6	24	4237
May 02, 2021	1077	5	21	6603
May 03, 2021	1073	4	49	5666
May 04, 2021	978	3	83	5401
May 05, 2021	972	3	111	4928
May 06, 2021	796	0	64	5350
May 07, 2021	786	3	192	4381
May 08, 2021	786	2	164	3979
May 09, 2021	780	3	107	6445
May 10, 2021	649	7	118	5492
May 11, 2021	648	9	241	5452
May 12, 2021	610	10	238	5331
May 13, 2021	623	6	371	5626
May 14, 2021	645	13	408	4658
May 15, 2021	654	6	293	4222
May 16, 2021	649	1	151	7083
May 17, 2021	641	17	416	6091
May 18, 2021	641	12	519	6026
May 19, 2021	613	4	766	5692
May 20, 2021	623	11	826	6406
May 21, 2021	643	13	911	5367
May 22, 2021	648	12	801	4987
May 23, 2021	643	28	424	7984
May 24, 2021	639	19	842	6958
May 25, 2021	602	33	1249	6512
May 26, 2021	699	18	1331	6920
May 27, 2021	721	19	1357	5611
May 28, 2021	763	33	1442	5820
May 29, 2021	761	28	1002	5643
May 30, 2021	759	34	809	8386
May 31, 2021	771	56	1540	7598
Jun 01, 2021	775	55	1949	7270
Jun 02, 2021	771	42	2264	6848
Jun 03, 2021	808	59	2156	7106
Jun 04, 2021	849	51	2683	6083
Jun 05, 2021	865	38	1787	5334
Jun 06, 2021	855	58	912	8722
Jun 07, 2021	881	86	2661	8119
Jun 08, 2021	948	102	2845	7466
Jun 09, 2021	893	68	3110	7021
Jun 10, 2021	930	34	2491	7190
Jun 11, 2021	1089	75	2296	5984
Jun 12, 2021	1228	50	1445	5108
Jun 13, 2021	1323	62	1006	7761
Jun 14, 2021	1415	61	2113	7023
Jun 15, 2021	1625	91	2683	6508
Jun 16, 2021	1841	89	2705	6020
Jun 17, 2021	2171	44	2301	6136
Jun 18, 2021	2536	79	2265	5106
Jun 19, 2021	2795	107	1591	4086
Jun 20, 2021	2923	60	617	6467
Jun 21, 2021	3310	81	2050	5462
Jun 22, 2021	3735	69	1767	5047
Jun 23, 2021	4311	42	1856	4728
Jun 24, 2021	5073	51	2089	4693
Jun 25, 2021	5892	52	1834	3646
Jun 26, 2021	6532	41	1370	3293
Jun 27, 2021	6889	35	686	3605
Jun 28, 2021	7586	43	1309	4495
Jun 29, 2021	8449	51	1580	3947
Jun 30, 2021	8954	21	1091	3606
Jul 01, 2021	10002	74	963	3437
Jul 02, 2021	11254	19	956	2816
Jul 03, 2021	12014	31	445	2263
Jul 04, 2021	12357	41	437	2767
Jul 05, 2021	12697	56	526	3079
Jul 06, 2021	14400	26	405	2899
Jul 07, 2021	15924	17	696	2821
Jul 08, 2021	17499	19	800	2698
Jul 09, 2021	18961	0	754	2047
Jul 10, 2021	20147	47	345	1863
Jul 11, 2021	19963	25	235	2677
Jul 12, 2021	21258	17	0	2242
Jul 13, 2021	22895	22	958	2039
Jul 14, 2021	24996	16	452	1971
Jul 15, 2021	26680	13	404	1830
Jul 16, 2021	27509	44	386	1521
Jul 17, 2021	28102	27	199	1173
Jul 18, 2021	27544	18	165	1879
Jul 19, 2021	27321	18	349	1542
Jul 20, 2021	27513	18	319	1515
Jul 21, 2021	28684	16	391	1385
Jul 22, 2021	28828	11	275	1093
Jul 23, 2021	29739	15	250	1145
Jul 24, 2021	29599	3	131	1047
Jul 25, 2021	28887	19	70	1565
Jul 26, 2021	28944	11	144	1359
Jul 27, 2021	27935	8	192	1184
Jul 28, 2021	28844	9	187	1141
Jul 29, 2021	28841	16	158	1147
Jul 30, 2021	29438	11	213	916
Jul 31, 2021	29472	10	94	821
Aug 01, 2021	29298	14	125	1217
Aug 02, 2021	27800	4	121	1063
Aug 03, 2021	27189	11	125	986
Aug 04, 2021	26821	4	135	911
Aug 05, 2021	25846	2	125	851
Aug 06, 2021	25114	5	107	772
Aug 07, 2021	24648	7	57	785
Aug 08, 2021	23598	1	49	1019
Aug 09, 2021	22724	9	130	942
Aug 10, 2021	21809	2	418	837
Aug 11, 2021	20461	1	266	788
Aug 12, 2021	19782	4	285	829
Aug 13, 2021	19300	2	264	665
Aug 14, 2021	19047	7	107	613
Aug 15, 2021	18656	16	199	958
Aug 16, 2021	18656	8	248	790
Aug 17, 2021	16679	2	278	738
Aug 18, 2021	15480	1	340	682
Aug 19, 2021	13670	1	330	682
Aug 20, 2021	12584	3	226	540
Aug 21, 2021	11885	8	145	531
Aug 22, 2021	11593	1	120	807
Aug 23, 2021	10949	7	294	665
Aug 24, 2021	10340	1	353	613
Aug 25, 2021	9875	1	213	562
Aug 26, 2021	9447	2	335	579
Aug 27, 2021	9313	0	208	465
Aug 28, 2021	9202	0	66	420
Aug 29, 2021	8502	3	35	675
Aug 30, 2021	7766	1	0	542
Aug 31, 2021	7297	3	76	544
Sep 01, 2021	6995	2	229	469
Sep 02, 2021	6472	1	89	450
Sep 03, 2021	6235	6	182	386
Sep 04, 2021	5870	2	57	335
Sep 05, 2021	4667	3	34	462
Sep 06, 2021	4142	7	79	412
Sep 07, 2021	3837	0	141	437
Sep 08, 2021	3592	2	92	386
Sep 09, 2021	3476	1	143	444
Sep 10, 2021	3200	0	34	372
Sep 11, 2021	3029	1	48	332
Sep 12, 2021	2939	0	35	544
Sep 13, 2021	2807	3	0	471
Sep 14, 2021	3051	1	37	423
Sep 15, 2021	2745	5	32	397
Sep 16, 2021	2808	1	103	460
Sep 17, 2021	2914	4	48	428
Sep 18, 2021	2913	1	37	396
Sep 19, 2021	2425	1	26	602
Sep 20, 2021	2519	0	37	494
Sep 21, 2021	2448	0	36	584
Sep 22, 2021	2559	0	84	509
Sep 23, 2021	2693	3	72	492
Sep 24, 2021	2917	1	46	485
Sep 25, 2021	2774	4	0	549
Sep 26, 2021	2772	1	51	879
Sep 27, 2021	2866	1	30	760
Sep 28, 2021	3036	0	40	687
Sep 29, 2021	3110	0	44	694
Sep 30, 2021	3181	0	21	640
Oct 01, 2021	3006	5	34	490
Oct 02, 2021	2932	1	22	562
Oct 03, 2021	2715	3	19	884
Oct 04, 2021	2715	0	18	717
Oct 05, 2021	2631	2	37	724
Oct 06, 2021	2473	0	60	712
Oct 07, 2021	2207	0	27	802
Oct 08, 2021	2205	1	64	708
Oct 09, 2021	2099	1	35	679
Oct 10, 2021	1931	1	0	1062
Oct 11, 2021	1753	0	10	982
Oct 12, 2021	1678	0	67	976
Oct 13, 2021	1618	0	52	972
Oct 14, 2021	1640	0	36	1046
Oct 15, 2021	1596	0	22	986
Oct 16, 2021	1463	4	23	1003
Oct 17, 2021	1402	0	9	1240
Oct 18, 2021	1402	1	27	1726
Oct 19, 2021	1259	0	33	1574
Oct 20, 2021	1157	1	40	1386
Oct 21, 2021	1102	0	27	1430
Oct 22, 2021	947	1	62	1303
Oct 23, 2021	837	1	115	1211
Oct 24, 2021	684	0	40	1982
Oct 25, 2021	582	0	235	1921
Oct 26, 2021	553	1	399	1921
Oct 27, 2021	613	1	712	1703
Oct 28, 2021	609	1	1042	1790
Oct 29, 2021	643	3	1062	1598
Oct 30, 2021	643	5	1082	1506
Oct 31, 2021	599	2	523	2298
Nov 01, 2021	574	3	2555	2110
Nov 02, 2021	585	6	4031	1950
Nov 03, 2021	578	6	4996	1956
Nov 04, 2021	551	3	5189	1811
Nov 05, 2021	552	2	6181	1536
Nov 06, 2021	457	5	3004	1606
Nov 07, 2021	452	14	2138	2177
Nov 08, 2021	389	12	4872	2640
Nov 09, 2021	398	8	5678	2565
Nov 10, 2021	420	3	4367	2430
Nov 11, 2021	404	5	4247	2354
Nov 12, 2021	423	18	3263	1975
Nov 13, 2021	451	14	2106	1992
Nov 14, 2021	451	9	1123	2852
Nov 15, 2021	454	27	2283	2748
Nov 16, 2021	470	16	2689	2433
Nov 17, 2021	487	14	1636	2238
Nov 18, 2021	515	6	1940	2481
Nov 19, 2021	528	17	1392	1869
Nov 20, 2021	523	32	1010	1833
Nov 21, 2021	511	27	605	2849
Nov 22, 2021	510	30	1098	2442
Nov 23, 2021	510	7	2099	2399
Nov 24, 2021	527	13	2107	2176
Nov 25, 2021	530	15	2073	2271
Nov 26, 2021	505	15	1530	1933
Nov 27, 2021	600	31	956	1831
Nov 28, 2021	631	14	664	2769
Nov 29, 2021	817	16	1209	2383
Nov 30, 2021	1171	28	1591	2131
Dec 01, 2021	1846	12	1379	1983
Dec 02, 2021	2843	12	1121	1892
Dec 03, 2021	3886	20	1104	1613
Dec 04, 2021	4956	21	636	1428
Dec 05, 2021	5468	14	373	2133
Dec 06, 2021	7922	7	709	1841
Dec 07, 2021	11908	16	765	1856
Dec 08, 2021	16813	5	668	1493
Dec 09, 2021	21958	4	651	1580
Dec 10, 2021	27827	11	553	1300
Dec 11, 2021	30705	8	297	1132
Dec 12, 2021	32626	10	144	1796
Dec 13, 2021	37321	4	382	1532
Dec 14, 2021	42666	8	427	1135
Dec 15, 2021	46378	4	665	1363
Dec 16, 2021	49396	2	143	1367
Dec 17, 2021	50707	11	266	1107
Dec 18, 2021	51136	11	218	994
Dec 19, 2021	49612	5	75	1502
Dec 20, 2021	49462	3	287	1275
Dec 21, 2021	48202	9	235	1179
Dec 22, 2021	46907	0	167	1089
Dec 23, 2021	45180	4	153	1137
Dec 24, 2021	42216	1	237	964
Dec 25, 2021	38887	12	82	1008
Dec 26, 2021	37249	2	45	1369
Dec 27, 2021	33824	5	206	1266
Dec 28, 2021	32645	3	185	1193
Dec 29, 2021	30772	2	161	1183
Dec 30, 2021	28399	1	158	1177
Dec 31, 2021	27684	3	165	1046
Jan 01, 2022	26786	1	67	1186
Jan 02, 2022	26585	0	50	1964
Jan 03, 2022	25446	6	151	1748
Jan 04, 2022	24620	1	137	1559
Jan 05, 2022	24252	0	140	1645
Jan 06, 2022	24070	0	160	1699
Jan 07, 2022	24057	0	174	1893
Jan 08, 2022	24221	4	85	2520
Jan 09, 2022	22825	1	82	4223
Jan 10, 2022	21305	2	222	4187
Jan 11, 2022	18604	4	260	4375
Jan 12, 2022	17569	1	350	4359
Jan 13, 2022	16554	0	385	5233
Jan 14, 2022	15406	0	432	4792
Jan 15, 2022	14603	2	194	5195
Jan 16, 2022	13729	0	128	9513
Jan 17, 2022	13090	2	219	9440
Jan 18, 2022	11868	2	409	10154
Jan 19, 2022	11601	1	609	10191
Jan 20, 2022	10833	1	378	10873
Jan 21, 2022	10203	1	500	10281
Jan 22, 2022	9894	0	336	10743
Jan 23, 2022	9661	1	172	17643
Jan 24, 2022	9128	1	405	17606
Jan 25, 2022	8102	0	491	17560
Jan 26, 2022	7594	0	632	19547
Jan 27, 2022	7073	2	603	20698
Jan 28, 2022	6645	0	633	19491
Jan 29, 2022	5910	1	280	19098
Jan 30, 2022	5798	7	190	32258
Jan 31, 2022	4914	1	501	32072
Feb 01, 2022	4725	4	633	32013
Feb 02, 2022	4663	2	706	32015
Feb 03, 2022	4458	0	499	33191
Feb 04, 2022	4152	2	521	27462
Feb 05, 2022	4013	1	288	24936
Feb 06, 2022	3909	1	158	42657
Feb 07, 2022	3463	2	394	41565
Feb 08, 2022	3390	3	456	38428
Feb 09, 2022	3250	3	285	35978
Feb 10, 2022	3178	1	362	35234
Feb 11, 2022	3108	2	306	29313
Feb 12, 2022	3135	3	134	26272
Feb 13, 2022	2874	0	67	42721
Feb 14, 2022	2892	2	166	39816
Feb 15, 2022	2397	2	273	36232
Feb 16, 2022	2643	1	236	33600
Feb 17, 2022	2892	1	273	31474
Feb 18, 2022	2972	0	178	26103
Feb 19, 2022	3043	1	122	23224
Feb 20, 2022	3026	1	53	37720
Feb 21, 2022	3146	4	107	33817
Feb 22, 2022	3449	0	115	31109
Feb 23, 2022	3968	2	140	27992
Feb 24, 2022	4130	0	104	26873
Feb 25, 2022	4451	5	128	21445
Feb 26, 2022	4537	0	67	19448
Feb 27, 2022	4512	2	44	30861
Feb 28, 2022	4591	2	87	27264
Mar 01, 2022	4744	2	132	24111
Mar 02, 2022	5099	0	59	22101
Mar 03, 2022	5267	0	67	21739
Mar 04, 2022	5453	3	55	17248
Mar 05, 2022	5398	0	33	15487
Mar 06, 2022	5066	0	15	25031
Mar 07, 2022	5128	2	37	21403
Mar 08, 2022	5279	0	84	19299
Mar 09, 2022	5728	0	66	17788
Mar 10, 2022	5128	1	48	17190
Mar 11, 2022	5219	1	29	14417
Mar 12, 2022	5243	0	24	12607
Mar 13, 2022	4896	2	17	19787
Mar 14, 2022	5068	1	19	17020
Mar 15, 2022	5161	1	0	16198
Mar 16, 2022	4968	0	39	14727
Mar 17, 2022	5131	0	47	14296
Mar 18, 2022	5022	0	105	11884
Mar 19, 2022	4756	1	36	10936
Mar 20, 2022	4545	0	30	16540
Mar 21, 2022	4709	0	44	13314
Mar 22, 2022	4433	0	69	11867
Mar 23, 2022	4257	0	62	9931
Mar 24, 2022	3937	0	55	9253
Mar 25, 2022	3867	1	58	7040
Mar 26, 2022	3671	0	33	6230
Mar 27, 2022	3541	1	36	9856
Mar 28, 2022	3194	1	24	7854
Mar 29, 2022	3059	1	55	7170
Mar 30, 2022	2712	3	60	6172
Mar 31, 2022	2566	0	100	6010
Apr 01, 2022	2495	3	64	4597
Apr 02, 2022	2454	2	55	4227
Apr 03, 2022	2374	0	83	6503
Apr 04, 2022	2304	0	184	5262
Apr 05, 2022	2238	1	106	4807
Apr 06, 2022	2224	0	136	4075
Apr 07, 2022	1831	1	165	3813
Apr 08, 2022	1279	1	188	3015
Apr 09, 2022	1245	0	75	2851
Apr 10, 2022	1177	2	56	4485
Apr 11, 2022	1054	1	169	3743
Apr 12, 2022	1050	2	317	3108
Apr 13, 2022	946	5	259	2856
Apr 14, 2022	927	0	199	2807
Apr 15, 2022	915	1	263	2258
Apr 16, 2022	876	1	173	2113
Apr 17, 2022	803	0	0	3195
Apr 18, 2022	721	2	60	2585
Apr 19, 2022	721	2	227	2237
Apr 20, 2022	710	0	426	2046
Apr 21, 2022	746	0	291	1680
Apr 22, 2022	692	3	313	1922
Apr 23, 2022	694	3	133	2095
Apr 24, 2022	660	1	0	3240
Apr 25, 2022	670	1	306	2492
Apr 26, 2022	698	1	305	2159
Apr 27, 2022	694	1	171	1989
Apr 28, 2022	712	2	177	1911
Apr 29, 2022	730	1	185	1761
Apr 30, 2022	717	2	102	1645
May 01, 2022	739	0	59	2559
May 02, 2022	615	2	111	2344
May 03, 2022	659	1	129	2168
May 04, 2022	680	3	142	2017
May 05, 2022	739	0	120	2084
May 06, 2022	765	0	132	2118
May 07, 2022	785	4	67	2204
May 08, 2022	791	1	57	3383
May 09, 2022	939	3	0	3228
May 10, 2022	963	4	232	2974
May 11, 2022	1039	1	115	2836
May 12, 2022	1158	0	142	2900
May 13, 2022	1283	2	109	2975
May 14, 2022	1307	5	48	3076
May 15, 2022	1279	1	30	4707
May 16, 2022	1410	4	88	4716
May 17, 2022	1683	3	130	4600
May 18, 2022	1867	0	87	4268
May 19, 2022	1904	0	110	4552
May 20, 2022	2074	0	63	4536
May 21, 2022	2115	4	46	4335
May 22, 2022	2115	2	28	7045
May 23, 2022	2114	0	0	6366
May 24, 2022	2238	0	137	6065
May 25, 2022	2391	3	66	5745
May 26, 2022	2587	0	0	6204
May 27, 2022	2710	0	0	5349
May 28, 2022	2676	2	124	5549
May 29, 2022	2676	0	16	8820
May 30, 2022	2664	2	29	8336
May 31, 2022	2763	1	50	7775
Jun 01, 2022	2807	1	0	7193
Jun 02, 2022	2809	1	86	7088
Jun 03, 2022	2780	0	33	6332
Jun 04, 2022	2773	0	15	5904
Jun 05, 2022	2685	1	14	9926
Jun 06, 2022	2622	0	28	8852
Jun 07, 2022	2529	0	0	8941
Jun 08, 2022	2455	0	66	8202
Jun 09, 2022	2342	1	36	8950
Jun 10, 2022	2300	1	0	8305
Jun 11, 2022	2170	0	0	7900
Jun 12, 2022	2078	0	54	12888
Jun 13, 2022	2078	2	21	11438
Jun 14, 2022	1927	2	29	10592
Jun 15, 2022	1876	0	13	9980
Jun 16, 2022	1856	0	17	10073
Jun 17, 2022	1841	2	29	8630
Jun 18, 2022	1788	0	8	8171
Jun 19, 2022	1770	2	16	13416
Jun 20, 2022	1734	0	14	11685
Jun 21, 2022	1777	1	31	10770
Jun 22, 2022	1687	0	21	9701
Jun 23, 2022	1650	0	18	9226
Jun 24, 2022	1573	1	22	7546
Jun 25, 2022	1564	1	2	6885
Jun 26, 2022	1517	2	4	11791
Jun 27, 2022	1517	0	21	8587
Jun 28, 2022	1433	0	20	11813
Jun 29, 2022	1367	3	21	9858
Jun 30, 2022	1367	0	0	9217
Jul 01, 2022	1367	2	0	7879
Jul 02, 2022	1273	1	3	6909
Jul 03, 2022	1154	0	40	8653
Jul 04, 2022	1119	0	3	11748
Jul 05, 2022	940	0	2	10238
Jul 06, 2022	940	1	21	8795
Jul 07, 2022	816	0	9	8551
Jul 08, 2022	760	0	15	7422
Jul 09, 2022	739	0	2	6931
Jul 10, 2022	703	1	5	10936
Jul 11, 2022	693	0	17	9560
Jul 12, 2022	693	3	4	8638
Jul 13, 2022	647	0	14	8091
Jul 14, 2022	655	0	17	7854
Jul 15, 2022	655	0	20	6612
Jul 16, 2022	655	0	8	6288
Jul 17, 2022	565	1	4	9598
Jul 18, 2022	531	0	0	8129
Jul 19, 2022	539	0	32	7434
Jul 20, 2022	532	0	15	6219
Jul 21, 2022	535	0	7	6158
Jul 22, 2022	514	0	9	5345
Jul 23, 2022	518	3	8	5289
Jul 24, 2022	507	0	5	9024
Jul 25, 2022	492	0	4	7889
Jul 26, 2022	489	0	18	7572
Jul 27, 2022	490	0	12	7139
Jul 28, 2022	492	0	6	7411
Jul 29, 2022	503	0	11	6867
Jul 30, 2022	485	0	8	6541
Jul 31, 2022	463	0	6	10378
Aug 01, 2022	457	0	13	8837
Aug 02, 2022	443	0	43	8430
Aug 03, 2022	437	0	9	6601
Aug 04, 2022	437	0	25	6602
Aug 05, 2022	437	0	11	8184
Aug 06, 2022	332	0	0	7646
Aug 07, 2022	346	0	18	7532
Aug 08, 2022	320	0	16	12328
Aug 09, 2022	289	2	35	10558
Aug 10, 2022	306	0	0	10033
Aug 11, 2022	301	0	0	9376
Aug 12, 2022	281	0	49	9495
Aug 13, 2022	276	0	8	9218
Aug 14, 2022	258	0	94	8458
Aug 15, 2022	240	1	66	13732
Aug 16, 2022	219	0	0	11781
Aug 17, 2022	177	0	103	11135
Aug 18, 2022	175	0	30	0
Aug 19, 2022	176	0	29	18721
Aug 20, 2022	148	0	22	7626
Aug 21, 2022	141	3	0	6902
Aug 22, 2022	141	0	2	0
Aug 23, 2022	156	0	34	19792
Aug 24, 2022	161	0	33	9411
Aug 25, 2022	160	0	0	0
Aug 26, 2022	159	1	56	16290
Aug 27, 2022	162	0	0	6900
Aug 28, 2022	154	0	52	0
Aug 29, 2022	150	1	21	15291
Aug 30, 2022	153	0	30	7843
Aug 31, 2022	158	0	0	0
Sep 01, 2022	157	0	87	13154
Sep 02, 2022	152	0	0	0
Sep 03, 2022	145	0	0	11084
Sep 04, 2022	137	0	0	4775
Sep 05, 2022	142	1	94	6659
Sep 06, 2022	177	0	0	5660
Sep 07, 2022	183	0	49	5095
Sep 08, 2022	193	1	29	0
Sep 09, 2022	189	0	0	8943
Sep 10, 2022	189	0	0	3957
Sep 11, 2022	196	0	66	3619
Sep 12, 2022	211	0	0	0
Sep 13, 2022	241	0	0	10670
Sep 14, 2022	241	0	0	4136
Sep 15, 2022	241	0	0	3661
Sep 16, 2022	234	0	0	3615
Sep 17, 2022	242	0	0	3055
Sep 18, 2022	334	0	0	0
Sep 19, 2022	391	0	0	0
Sep 20, 2022	391	0	0	9698
Sep 21, 2022	469	0	0	2669
Sep 22, 2022	475	0	0	2231
Sep 23, 2022	500	0	0	1939
Sep 24, 2022	517	0	0	0
Sep 25, 2022	517	0	0	5148
Sep 26, 2022	510	0	0	3274
Sep 27, 2022	524	0	0	4565
Sep 28, 2022	526	0	0	0
Sep 29, 2022	526	0	0	7462
Sep 30, 2022	501	0	0	3168
Oct 01, 2022	501	0	0	2977
Oct 02, 2022	409	0	0	2799
Oct 03, 2022	415	0	0	4139
Oct 04, 2022	374	0	0	0
Oct 05, 2022	374	0	0	6565
Oct 06, 2022	405	0	0	2719
Oct 07, 2022	405	0	0	2674
Oct 08, 2022	405	0	0	2544
Oct 09, 2022	405	0	0	2669
Oct 10, 2022	408	0	0	4096
Oct 11, 2022	408	0	0	3433
Oct 12, 2022	416	0	0	3064
Oct 13, 2022	397	0	0	3026
Oct 14, 2022	397	0	0	2939
Oct 15, 2022	397	0	0	0
Oct 16, 2022	383	0	0	5715
Oct 17, 2022	383	0	0	13276
Oct 18, 2022	383	0	0	0
Oct 19, 2022	383	0	0	8169
Oct 20, 2022	383	0	0	4036
Oct 21, 2022	383	0	0	4222
Oct 22, 2022	383	0	0	7620
Oct 23, 2022	383	14	0	5520
Oct 24, 2022	383	0	0	5418
Oct 25, 2022	383	0	0	5623
Oct 26, 2022	383	0	1271	0
Oct 27, 2022	383	0	0	10304
Oct 28, 2022	383	0	0	5021
Oct 29, 2022	383	2	0	0
Oct 30, 2022	383	0	0	14528
Oct 31, 2022	383	0	0	5605
Nov 01, 2022	383	0	192	4865
Nov 02, 2022	383	0	0	4334
Nov 03, 2022	383	0	0	0
Nov 04, 2022	383	0	0	7420
Nov 05, 2022	383	0	0	5244
Nov 06, 2022	383	0	0	5180
Nov 07, 2022	383	0	0	7836
Nov 08, 2022	383	0	0	7496
Nov 09, 2022	383	0	0	6762
Nov 10, 2022	383	0	0	5336
Nov 11, 2022	383	0	0	5533
Nov 12, 2022	383	15	0	8947
Nov 13, 2022	383	0	0	6535
Nov 14, 2022	383	0	0	5802
Nov 15, 2022	383	0	625	5611
Nov 16, 2022	383	0	0	5297
Nov 17, 2022	383	0	0	4342
Nov 18, 2022	383	0	0	4352
Nov 19, 2022	383	0	0	7735
Nov 20, 2022	383	0	0	5912
Nov 21, 2022	383	0	0	5493
Nov 22, 2022	383	0	0	5050
Nov 23, 2022	383	0	0	4852
Nov 24, 2022	383	0	0	3906
Nov 25, 2022	383	0	0	3946
Nov 26, 2022	383	0	0	6425
Nov 27, 2022	383	0	0	4820
Nov 28, 2022	383	0	0	7309
Nov 29, 2022	383	0	0	1211
Nov 30, 2022	689	0	0	3883
Dec 01, 2022	689	0	0	3193
Dec 02, 2022	689	0	0	3318
Dec 03, 2022	689	0	0	0
Dec 04, 2022	689	0	0	9392
Dec 05, 2022	689	0	0	0
Dec 06, 2022	673	0	0	7072
Dec 07, 2022	673	0	0	3210
Dec 08, 2022	673	0	0	2628
Dec 09, 2022	673	0	0	2552
Dec 10, 2022	673	0	0	0
Dec 11, 2022	673	0	0	0
Dec 12, 2022	673	0	0	0
Dec 13, 2022	673	0	0	0
Dec 14, 2022	673	0	0	12564
Dec 15, 2022	673	0	0	6807
Dec 16, 2022	673	0	0	2915
Dec 17, 2022	673	15	0	4578
Dec 18, 2022	673	0	0	3605
Dec 19, 2022	673	0	0	3572
Dec 20, 2022	667	0	1625	3353
Dec 21, 2022	667	0	0	3323
Dec 22, 2022	667	0	0	3122
Dec 23, 2022	667	0	0	3184
Dec 24, 2022	667	0	0	5283
Dec 25, 2022	667	6	0	4287
Dec 26, 2022	667	0	0	3767
Dec 27, 2022	667	0	0	3848
Dec 28, 2022	667	0	718	0
Dec 29, 2022	667	0	0	7093
Dec 30, 2022	667	0	0	3889
Dec 31, 2022	667	0	0	6752
Jan 01, 2023	667	1	0	5186
Jan 02, 2023	667	0	0	4458
Jan 03, 2023	667	0	0	3703
Jan 04, 2023	667	0	759	3277
Jan 05, 2023	667	0	0	2385
Jan 06, 2023	667	0	0	2929
Jan 07, 2023	667	0	0	4074
Jan 08, 2023	667	3	0	5084
Jan 09, 2023	667	0	0	3985
Jan 10, 2023	667	0	0	3604
Jan 11, 2023	667	0	559	3164
Jan 12, 2023	667	0	0	2578
Jan 13, 2023	667	0	0	2530
Jan 14, 2023	667	0	0	4091
Jan 15, 2023	667	1	0	3118
Jan 16, 2023	667	0	0	2756
Jan 17, 2023	667	0	0	0
Jan 18, 2023	667	0	279	4944
Jan 19, 2023	667	0	0	0
Jan 20, 2023	667	0	0	4047
Jan 21, 2023	667	0	0	3094
Jan 22, 2023	667	5	0	2409
Jan 23, 2023	667	0	0	2041
Jan 24, 2023	1003	0	0	2101
Jan 25, 2023	1003	0	206	1844
Jan 26, 2023	1003	0	0	1608
Jan 27, 2023	1003	0	0	1600
Jan 28, 2023	1003	0	0	2395
Jan 29, 2023	1003	3	0	1915
Jan 30, 2023	1003	0	0	1677
Jan 31, 2023	1003	0	0	1607
Feb 01, 2023	1238	0	149	1567
Feb 02, 2023	1238	0	0	1502
Feb 03, 2023	1238	0	0	1398
Feb 04, 2023	1238	0	0	2091
Feb 05, 2023	1238	1	0	1615
Feb 06, 2023	1238	0	0	1606
Feb 07, 2023	1238	0	0	1470
Feb 08, 2023	1454	0	115	3823
Feb 09, 2023	1454	0	0	0
Feb 10, 2023	1454	0	0	183
Feb 11, 2023	1454	0	0	2002
Feb 12, 2023	1454	0	0	1639
Feb 13, 2023	1454	6	0	1483
Feb 14, 2023	1454	0	0	1410
Feb 15, 2023	1287	0	0	1318
Feb 16, 2023	1287	0	65	0
Feb 17, 2023	1287	0	0	0
Feb 18, 2023	1287	0	0	4433
Feb 19, 2023	1287	1	0	0
Feb 20, 2023	1287	0	0	3173
Feb 21, 2023	1287	0	0	1585
Feb 22, 2023	1053	0	55	1674
Feb 23, 2023	1053	0	0	0
Feb 24, 2023	1053	0	0	3396
Feb 25, 2023	1053	0	0	2668
Feb 26, 2023	1053	2	0	2210
Feb 27, 2023	1053	0	0	2039
Feb 28, 2023	1053	0	0	2091
Mar 01, 2023	620	0	44	1963
Mar 02, 2023	620	0	0	0
Mar 03, 2023	620	0	0	0
Mar 04, 2023	620	0	0	7102
Mar 05, 2023	620	4	0	2710
Mar 06, 2023	620	0	0	2592
Mar 07, 2023	620	0	0	2602
Mar 08, 2023	421	0	29	2722
Mar 09, 2023	421	0	0	0
Mar 10, 2023	421	0	0	5428
Mar 11, 2023	421	0	0	4092
Mar 12, 2023	421	0	0	3657
Mar 13, 2023	421	0	0	3426
Mar 14, 2023	421	0	0	3676
Mar 15, 2023	535	0	29	3819
Mar 16, 2023	535	0	0	3535
Mar 17, 2023	535	0	0	3596
Mar 18, 2023	535	0	0	5249
Mar 19, 2023	535	1	0	4031
Mar 20, 2023	535	0	0	3712
Mar 21, 2023	535	0	0	3546
Mar 22, 2023	535	0	26	3237
Mar 23, 2023	294	0	0	0
Mar 24, 2023	294	0	0	5760
Mar 25, 2023	294	0	0	4205
Mar 26, 2023	294	0	0	0
Mar 27, 2023	294	0	0	5627
Mar 28, 2023	294	0	0	2524
Mar 29, 2023	348	0	46	2180
Mar 30, 2023	348	0	0	0
Mar 31, 2023	348	0	0	0
Apr 01, 2023	348	0	0	6226
Apr 02, 2023	348	3	0	1850
Apr 03, 2023	348	0	0	0
Apr 04, 2023	348	0	0	2993
Apr 05, 2023	390	0	91	1170
Apr 06, 2023	390	0	0	1047
Apr 07, 2023	390	0	0	1146
Apr 08, 2023	390	0	0	1456
Apr 09, 2023	390	1	0	0
Apr 10, 2023	390	0	0	0
Apr 11, 2023	390	0	0	0
Apr 12, 2023	55	0	72	0
Apr 13, 2023	55	0	0	4096
Apr 14, 2023	55	0	0	788
Apr 15, 2023	55	0	0	1201
Apr 16, 2023	55	0	0	773
Apr 17, 2023	55	0	0	597
Apr 18, 2023	55	0	0	566
Apr 19, 2023	68	0	0	561
Apr 20, 2023	68	0	0	428
Apr 21, 2023	68	0	0	0
Apr 22, 2023	68	0	0	979
Apr 23, 2023	68	5	0	0
Apr 24, 2023	68	0	0	795
Apr 25, 2023	68	0	0	383
Apr 26, 2023	65	0	182	342
Apr 27, 2023	65	0	0	0
Apr 28, 2023	65	0	0	0
Apr 29, 2023	65	0	0	0
Apr 30, 2023	65	0	0	1276
May 01, 2023	65	0	0	240
May 02, 2023	65	0	0	175
May 03, 2023	111	0	109	203
May 04, 2023	111	0	0	134
May 05, 2023	111	0	0	152
May 06, 2023	111	7	0	180
May 07, 2023	111	0	0	240
May 08, 2023	111	0	0	141
May 09, 2023	111	0	150	0
May 10, 2023	199	0	0	305
May 11, 2023	199	0	0	0
May 12, 2023	199	0	0	255
May 13, 2023	199	0	0	181
May 14, 2023	199	5	0	0
May 15, 2023	199	0	0	219
May 16, 2023	199	0	0	97
May 17, 2023	270	0	124	104
May 18, 2023	270	0	0	0
May 19, 2023	270	0	0	186
May 20, 2023	270	0	0	123
May 21, 2023	270	0	0	112
May 22, 2023	270	0	0	63
May 23, 2023	270	0	0	74
May 24, 2023	270	0	0	77
May 25, 2023	270	0	0	54
May 26, 2023	270	0	0	64
May 27, 2023	270	0	0	85
May 28, 2023	270	2	0	66
May 29, 2023	270	0	0	42
May 30, 2023	270	0	0	68
May 31, 2023	447	0	191	36
Jun 01, 2023	447	0	0	43
Jun 02, 2023	447	0	0	33
Jun 03, 2023	447	0	0	60
Jun 04, 2023	447	0	0	52
Jun 05, 2023	447	0	0	34
Jun 06, 2023	447	0	0	32
Jun 07, 2023	556	0	0	42
Jun 08, 2023	556	0	0	24
Jun 09, 2023	556	0	0	27
Jun 10, 2023	556	0	0	42
Jun 11, 2023	556	2	0	31
Jun 12, 2023	556	0	0	26
Jun 13, 2023	699	0	0	22
Jun 14, 2023	699	0	62	23
Jun 15, 2023	699	0	0	24
Jun 16, 2023	699	0	0	22
Jun 17, 2023	699	0	0	51
Jun 18, 2023	699	0	0	28
Jun 19, 2023	699	0	0	38
Jun 20, 2023	699	0	0	26
Jun 21, 2023	818	0	0	27
Jun 22, 2023	818	0	0	20
Jun 23, 2023	818	0	0	20
Jun 24, 2023	818	0	0	32
Jun 25, 2023	818	1	0	17
Jun 26, 2023	818	0	0	16
Jun 27, 2023	818	0	0	19
Jun 28, 2023	818	0	27	29
Jun 29, 2023	818	0	0	25
Jun 30, 2023	818	0	0	18
Jul 01, 2023	818	0	0	26
Jul 02, 2023	818	1	0	30
Jul 03, 2023	818	0	0	15
Jul 04, 2023	818	0	0	23
Jul 05, 2023	1007	0	23	19
Jul 06, 2023	1007	0	0	16
Jul 07, 2023	1007	0	0	0
Jul 08, 2023	1007	0	0	34
Jul 09, 2023	1007	0	0	0
Jul 10, 2023	1007	0	0	41
Jul 11, 2023	1007	0	0	18
Jul 12, 2023	1007	0	0	12
Jul 13, 2023	1007	0	0	24
Jul 14, 2023	1007	0	0	22
Jul 15, 2023	1007	0	0	38
Jul 16, 2023	1007	0	0	0
Jul 17, 2023	1007	0	0	32
Jul 18, 2023	1007	0	0	20
Jul 19, 2023	1067	0	0	22
Jul 20, 2023	1067	0	0	13
Jul 21, 2023	1067	0	0	21
Jul 22, 2023	1067	0	0	31
Jul 23, 2023	1067	0	0	29
Jul 24, 2023	1067	0	0	23
Jul 25, 2023	1067	0	0	28
Jul 26, 2023	1067	0	5	0
Jul 27, 2023	1067	0	0	55
Jul 28, 2023	1067	0	0	44
Jul 29, 2023	1067	0	0	55
Jul 30, 2023	1067	4	0	44
Jul 31, 2023	1067	0	0	36
Aug 01, 2023	1067	0	0	50
Aug 02, 2023	1093	0	16	44
Aug 03, 2023	1093	0	0	44
Aug 04, 2023	1093	0	0	43
Aug 05, 2023	1093	0	0	71
Aug 06, 2023	1093	1	0	50
Aug 07, 2023	1093	0	0	50
Aug 08, 2023	1093	0	0	0
Aug 09, 2023	1115	0	5	0
Aug 10, 2023	1115	0	0	0
Aug 11, 2023	1115	0	0	224
Aug 12, 2023	1115	0	0	0
Aug 13, 2023	1115	0	0	0
Aug 14, 2023	1115	0	0	188
Aug 15, 2023	1115	0	0	63
Aug 16, 2023	1115	0	0	69
Aug 17, 2023	1115	0	6	0
Aug 18, 2023	1115	0	0	104
Aug 19, 2023	1115	0	0	0
Aug 20, 2023	1115	0	0	0
Aug 21, 2023	1115	0	0	228
Aug 22, 2023	1115	0	0	0
Aug 23, 2023	1115	0	0	0
Aug 24, 2023	1115	0	0	215
Aug 25, 2023	1115	0	0	73
Aug 26, 2023	1115	0	0	0
Aug 27, 2023	1115	0	0	0
Aug 28, 2023	1115	0	0	0
Aug 29, 2023	1115	0	0	371
Aug 30, 2023	1120	0	0	0
Aug 31, 2023	1120	0	0	83
Sep 01, 2023	1120	0	5	0
Sep 02, 2023	1120	0	0	0
Sep 03, 2023	1120	0	0	0
Sep 04, 2023	1120	0	0	0
Sep 05, 2023	1120	0	0	0
Sep 06, 2023	1132	0	0	491
Sep 07, 2023	1132	0	18	0
Sep 08, 2023	1132	0	0	0
Sep 09, 2023	1132	0	0	0
Sep 10, 2023	1132	0	0	0
Sep 11, 2023	1132	0	0	0
Sep 12, 2023	1132	0	0	0
Sep 13, 2023	1136	0	0	0
Sep 14, 2023	1136	0	37	649
Sep 15, 2023	1136	0	0	0
Sep 16, 2023	1136	0	0	0
Sep 17, 2023	1136	0	0	0
Sep 18, 2023	1136	2	0	0
Sep 19, 2023	1136	0	0	0
Sep 20, 2023	1136	0	0	0
Sep 21, 2023	1142	0	13	790
Sep 22, 2023	1142	0	0	0
Sep 23, 2023	1142	0	0	0
Sep 24, 2023	1142	0	0	0
Sep 25, 2023	1142	0	0	0
Sep 26, 2023	1142	0	0	0
Sep 27, 2023	1142	0	0	0
Sep 28, 2023	1142	0	0	0
Sep 29, 2023	1142	0	0	0
Sep 30, 2023	1142	0	0	864
Oct 01, 2023	1142	0	0	0
Oct 02, 2023	1142	0	0	0
Oct 03, 2023	1142	3	0	0
Oct 04, 2023	1142	0	0	0
Oct 05, 2023	1142	0	0	0
Oct 06, 2023	1147	0	27	1354
Oct 07, 2023	1147	0	0	0
Oct 08, 2023	1147	0	0	0
Oct 09, 2023	1147	0	0	0
Oct 10, 2023	1147	0	0	0
Oct 11, 2023	1147	0	0	0
Oct 12, 2023	1165	0	0	0
Oct 13, 2023	1165	7	0	1774
Oct 14, 2023	1165	0	0	0
Oct 15, 2023	1165	0	0	0
Oct 16, 2023	1165	0	127	0
Oct 17, 2023	1165	0	0	0
Oct 18, 2023	1165	0	0	0
Oct 19, 2023	1202	0	0	0
Oct 20, 2023	1202	0	0	2091
Oct 21, 2023	1202	0	0	0
Oct 22, 2023	1202	0	0	0
Oct 23, 2023	1202	0	0	0
Oct 24, 2023	1202	0	0	0
Oct 25, 2023	1202	0	0	0
Oct 26, 2023	1213	0	0	0
Oct 27, 2023	1213	0	0	2952
Oct 28, 2023	1213	0	0	3418
Oct 29, 2023	1213	0	0	0
Oct 30, 2023	1213	0	0	0
Oct 31, 2023	1213	0	0	0
Nov 01, 2023	1213	0	0	0
Nov 02, 2023	1213	0	0	0
Nov 03, 2023	1213	0	0	0
Nov 04, 2023	1213	0	0	0
Nov 05, 2023	1213	0	0	0
Nov 06, 2023	1213	0	0	0
Nov 07, 2023	1213	0	0	0
Nov 08, 2023	1213	0	0	0
Nov 09, 2023	1213	0	0	0
Nov 10, 2023	1237	0	0	0
Nov 11, 2023	1237	0	0	3539
Nov 12, 2023	1237	0	50	8006
Nov 13, 2023	1237	0	0	0
Nov 14, 2023	1237	0	0	0
Nov 15, 2023	1237	0	0	0
Nov 16, 2023	1237	1	0	0
Nov 17, 2023	1237	0	0	0
Nov 18, 2023	1237	0	0	0
Nov 19, 2023	1237	0	23	0
Nov 20, 2023	1357	0	0	0
Nov 21, 2023	1357	0	0	0
Nov 22, 2023	1357	0	0	0
Nov 23, 2023	1357	0	0	0
Nov 24, 2023	1357	0	0	0
Nov 25, 2023	1357	0	0	0
Nov 26, 2023	1357	0	23	0
Nov 27, 2023	1357	0	0	0
Nov 28, 2023	1357	0	0	0
Nov 29, 2023	1357	0	0	0
Nov 30, 2023	1357	3	0	0
Dec 01, 2023	1357	0	0	0
Dec 02, 2023	1357	0	0	0
Dec 03, 2023	1357	0	46	0
Dec 04, 2023	1357	0	0	0
Dec 05, 2023	1357	0	0	0
Dec 06, 2023	1357	0	0	0
Dec 07, 2023	1357	3	0	0
Dec 08, 2023	1357	0	0	0
Dec 09, 2023	1357	0	0	0
Dec 10, 2023	1357	0	85	0
Dec 11, 2023	1357	0	0	0
Dec 12, 2023	1357	0	0	0
Dec 13, 2023	1357	0	0	0
Dec 14, 2023	1357	0	0	0
Dec 15, 2023	1357	0	0	0
Dec 16, 2023	1357	0	0	0
Dec 17, 2023	1407	0	55	0
Dec 18, 2023	1407	0	0	0
Dec 19, 2023	1407	0	0	0
Dec 20, 2023	1407	0	0	0
Dec 21, 2023	1407	0	0	0
Dec 22, 2023	1407	0	0	0
Dec 23, 2023	1407	0	0	0
Dec 24, 2023	1429	0	31	0
Dec 25, 2023	1429	0	0	0
Dec 26, 2023	1429	0	0	0
Dec 27, 2023	1429	0	0	0
Dec 28, 2023	1429	0	0	0
Dec 29, 2023	1429	0	0	0
Dec 30, 2023	1429	0	0	0
Dec 31, 2023	1452	0	31	0
Jan 01, 2024	1452	0	0	0
Jan 02, 2024	1452	0	0	0
Jan 03, 2024	1452	0	0	0
Jan 04, 2024	1452	0	0	0
Jan 05, 2024	1452	0	0	0
Jan 06, 2024	1452	0	0	0
Jan 07, 2024	1495	0	9	0
Jan 08, 2024	1495	0	0	0
Jan 09, 2024	1495	0	0	0
Jan 10, 2024	1495	0	0	0
Jan 11, 2024	1495	0	0	0
Jan 12, 2024	1495	0	0	0
Jan 13, 2024	1495	0	0	0
Jan 14, 2024	1577	0	22	0
Jan 15, 2024	1577	0	0	0
Jan 16, 2024	1577	0	0	0
Jan 17, 2024	1577	0	0	0
Jan 18, 2024	1577	2	0	0
Jan 19, 2024	1577	0	0	0
Jan 20, 2024	1577	0	0	0
Jan 21, 2024	1632	0	5	0
Jan 22, 2024	1632	0	0	0
Jan 23, 2024	1632	0	0	0
Jan 24, 2024	1632	0	0	0
Jan 25, 2024	1632	1	0	0
Jan 26, 2024	1632	0	0	0
Jan 27, 2024	1632	0	0	0
Jan 28, 2024	1663	0	3	0
Jan 29, 2024	1663	0	0	0
Jan 30, 2024	1663	0	0	0
Jan 31, 2024	1663	0	0	0
Feb 01, 2024	1663	0	0	0
Feb 02, 2024	1663	0	0	0
Feb 03, 2024	1663	0	0	0
Feb 04, 2024	1694	0	0	0
Feb 05, 2024	1694	0	0	0
Feb 06, 2024	1694	0	0	0
Feb 07, 2024	1694	0	0	0
Feb 08, 2024	1694	0	0	0
Feb 09, 2024	1694	0	0	0
Feb 10, 2024	1694	0	0	0
Feb 11, 2024	1703	0	0	0
Feb 12, 2024	1703	0	0	0
Feb 13, 2024	1703	0	0	0
Feb 14, 2024	1703	0	0	0
Feb 15, 2024	1703	0	0	0
Feb 16, 2024	1703	NA	0	0
Feb 17, 2024	1703	NA	0	0
Feb 18, 2024	1725	NA	0	0
Feb 19, 2024	1725	NA	NA	0
Feb 20, 2024	1725	NA	NA	0
Feb 21, 2024	1725	NA	NA	0
Feb 22, 2024	1725	NA	NA	0
Feb 23, 2024	1725	NA	NA	0
Feb 24, 2024	1725	NA	NA	0
Feb 25, 2024	1728	NA	NA	0
Feb 26, 2024	1728	NA	NA	0
Feb 27, 2024	1728	NA	NA	0
Feb 28, 2024	1728	NA	NA	0
Feb 29, 2024	1728	NA	NA	0
Mar 01, 2024	1728	NA	NA	0
Mar 02, 2024	1728	NA	NA	0
Mar 03, 2024	1730	NA	NA	0
Mar 04, 2024	1730	NA	NA	0
Mar 05, 2024	1730	NA	NA	0
Mar 06, 2024	1730	NA	NA	0
Mar 07, 2024	1730	NA	NA	0
Mar 08, 2024	1730	NA	NA	0
Mar 09, 2024	1730	NA	NA	0
Mar 10, 2024	1730	NA	NA	0
Mar 11, 2024	1730	NA	NA	0
Mar 12, 2024	1730	NA	NA	0
Mar 13, 2024	1730	NA	NA	0
Mar 14, 2024	1730	NA	NA	0
Mar 15, 2024	1730	NA	NA	0
Mar 16, 2024	1730	NA	NA	0
Mar 17, 2024	1730	NA	NA	0
Mar 18, 2024	1730	NA	NA	0
Mar 19, 2024	1730	NA	NA	0
Mar 20, 2024	1730	NA	NA	0
Mar 21, 2024	1730	NA	NA	0
Mar 22, 2024	1730	NA	NA	0
Mar 23, 2024	1730	NA	NA	0
Mar 24, 2024	1730	NA	NA	NA
