Dates	Active	Deaths	Newcases	recover
Feb 15, 2020	7	0	0	0
Feb 16, 2020	7	0	0	0
Feb 17, 2020	7	0	0	0
Feb 18, 2020	7	0	0	0
Feb 19, 2020	7	0	0	1
Feb 20, 2020	6	0	1	1
Feb 21, 2020	6	0	0	0
Feb 22, 2020	6	0	1	0
Feb 23, 2020	7	0	1	0
Feb 24, 2020	8	0	0	0
Feb 25, 2020	8	0	1	0
Feb 26, 2020	9	0	2	0
Feb 27, 2020	11	0	1	0
Feb 28, 2020	12	0	5	1
Feb 29, 2020	16	0	4	0
Mar 01, 2020	20	0	3	3
Mar 02, 2020	20	0	3	0
Mar 03, 2020	23	0	4	0
Mar 04, 2020	27	1	3	1
Mar 05, 2020	29	0	17	0
Mar 06, 2020	46	0	6	0
Mar 07, 2020	52	0	6	0
Mar 08, 2020	58	0	11	0
Mar 09, 2020	68	0	18	0
Mar 10, 2020	86	0	15	1
Mar 11, 2020	100	0	32	2
Mar 12, 2020	130	3	56	0
Mar 13, 2020	186	3	54	0
Mar 14, 2020	240	1	89	0
Mar 15, 2020	329	2	100	0
Mar 16, 2020	429	1	157	1
Mar 17, 2020	582	4	129	0
Mar 18, 2020	708	0	146	0
Mar 19, 2020	853	3	214	2
Mar 20, 2020	1063	1	241	0
Mar 21, 2020	1303	3	142	0
Mar 22, 2020	1441	2	621	98
Mar 23, 2020	1964	11	701	0
Mar 24, 2020	2662	6	617	73
Mar 25, 2020	3205	1	634	43
Mar 26, 2020	3793	14	714	126
Mar 27, 2020	4379	7	898	42
Mar 28, 2020	5224	9	665	177
Mar 29, 2020	5706	66	1128	520
Mar 30, 2020	6313	49	1164	149
Mar 31, 2020	7314	44	1119	494
Apr 01, 2020	7932	49	1552	243
Apr 02, 2020	9232	43	1092	207
Apr 03, 2020	10051	56	1537	409
Apr 04, 2020	11130	55	1600	347
Apr 05, 2020	12339	74	1155	674
Apr 06, 2020	12771	60	1230	412
Apr 07, 2020	13546	84	1541	520
Apr 08, 2020	14511	64	1327	763
Apr 09, 2020	15020	63	1383	702
Apr 10, 2020	15627	123	1170	415
Apr 11, 2020	16322	107	1065	744
Apr 12, 2020	16559	182	1297	584
Apr 13, 2020	17208	115	1383	479
Apr 14, 2020	18049	158	1316	744
Apr 15, 2020	18498	113	1727	750
Apr 16, 2020	19368	110	1821	814
Apr 17, 2020	20193	144	1456	664
Apr 18, 2020	20870	140	1673	636
Apr 19, 2020	21749	172	1773	743
Apr 20, 2020	22666	156	1593	602
Apr 21, 2020	23547	162	1768	798
Apr 22, 2020	24373	94	1920	775
Apr 23, 2020	25378	146	1778	708
Apr 24, 2020	26276	152	1466	956
Apr 25, 2020	26630	137	1541	896
Apr 26, 2020	27113	186	1605	947
Apr 27, 2020	27677	206	1526	922
Apr 28, 2020	28135	174	1571	1137
Apr 29, 2020	28417	115	1639	1096
Apr 30, 2020	28823	172	1825	1328
May 01, 2020	29134	188	1653	1050
May 02, 2020	29531	189	2760	1107
May 03, 2020	31010	175	1298	1109
May 04, 2020	31084	161	1274	976
May 05, 2020	31210	123	1450	1178
May 06, 2020	31294	178	1426	801
May 07, 2020	31730	122	1512	1434
May 08, 2020	31633	176	1268	843
May 09, 2020	31897	133	1146	847
May 10, 2020	32073	168	1133	898
May 11, 2020	32130	90	1176	1048
May 12, 2020	32136	117	1121	1122
May 13, 2020	31959	103	1123	927
May 14, 2020	32022	60	1212	804
May 15, 2020	32262	69	1251	924
May 16, 2020	32499	118	1138	731
May 17, 2020	32789	122	1070	678
May 18, 2020	33078	97	1040	822
May 19, 2020	33236	103	1030	726
May 20, 2020	33471	69	1182	939
May 21, 2020	33596	121	1156	879
May 22, 2020	33751	94	1141	711
May 23, 2020	34084	126	1078	680
May 24, 2020	34379	112	1012	653
May 25, 2020	34669	102	936	701
May 26, 2020	34783	94	872	825
May 27, 2020	34736	222	993	676
May 28, 2020	34927	31	906	678
May 29, 2020	35043	69	772	585
May 30, 2020	35128	103	757	776
May 31, 2020	35015	139	758	847
Jun 01, 2020	34704	66	705	631
Jun 02, 2020	34747	67	675	691
Jun 03, 2020	34662	26	641	691
Jun 04, 2020	34509	35	609	829
Jun 05, 2020	34150	60	722	1046
Jun 06, 2020	33760	62	642	619
Jun 07, 2020	33716	35	545	767
Jun 08, 2020	33468	53	409	572
Jun 09, 2020	33270	58	472	1067
Jun 10, 2020	32615	39	405	1019
Jun 11, 2020	31939	29	413	865
Jun 12, 2020	31452	38	467	831
Jun 13, 2020	31035	41	377	918
Jun 14, 2020	30436	46	360	770
Jun 15, 2020	29987	46	320	401
Jun 16, 2020	29877	63	386	574
Jun 17, 2020	29651	17	367	479
Jun 18, 2020	29498	6	409	507
Jun 19, 2020	29354	18	390	485
Jun 20, 2020	29213	29	318	398
Jun 21, 2020	29070	20	300	448
Jun 22, 2020	28905	4	326	370
Jun 23, 2020	28855	7	279	387
Jun 24, 2020	28729	6	380	334
Jun 25, 2020	28746	44	172	301
Jun 26, 2020	28597	24	238	247
Jun 27, 2020	28584	3	218	218
Jun 28, 2020	28577	47	668	987
Jun 29, 2020	28252	21	286	416
Jun 30, 2020	28078	11	67	150
Jul 01, 2020	27971	10	501	603
Jul 02, 2020	27866	9	319	346
Jul 03, 2020	27792	18	226	297
Jul 04, 2020	27700	26	219	249
Jul 05, 2020	27659	11	399	331
Jul 06, 2020	27717	11	232	313
Jul 07, 2020	27627	14	267	364
Jul 08, 2020	27512	10	371	327
Jul 09, 2020	27530	6	321	327
Jul 10, 2020	27513	8	221	365
Jul 11, 2020	27358	12	243	201
Jul 12, 2020	27386	17	565	374
Jul 13, 2020	27567	12	331	329
Jul 14, 2020	27563	9	343	315
Jul 15, 2020	27583	4	435	351
Jul 16, 2020	27655	6	405	23853
Jul 17, 2020	4190	4	330	225
Jul 18, 2020	4283	8	339	137
Jul 19, 2020	4476	4	786	423
Jul 20, 2020	4835	7	573	283
Jul 21, 2020	5119	4	543	385
Jul 22, 2020	5273	4	432	377
Jul 23, 2020	5320	11	534	354
Jul 24, 2020	5496	11	350	242
Jul 25, 2020	5597	7	355	240
Jul 26, 2020	5708	10	686	505
Jul 27, 2020	5885	6	397	274
Jul 28, 2020	5997	6	476	331
Jul 29, 2020	6131	4	329	397
Jul 30, 2020	6056	2	513	365
Jul 31, 2020	6194	11	287	209
Aug 01, 2020	6266	4	285	138
Aug 02, 2020	6407	4	147	23
Aug 03, 2020	6527	4	761	853
Aug 04, 2020	6433	6	395	338
Aug 05, 2020	6479	5	374	318
Aug 06, 2020	6531	6	424	329
Aug 07, 2020	6622	4	236	131
Aug 08, 2020	6723	15	230	162
Aug 09, 2020	6785	9	681	2627
Aug 10, 2020	4834	5	289	391
Aug 11, 2020	4726	4	423	402
Aug 12, 2020	4743	2	390	405
Aug 13, 2020	4713	6	418	389
Aug 14, 2020	4733	13	237	276
Aug 15, 2020	4689	5	198	266
Aug 16, 2020	4617	4	785	575
Aug 17, 2020	4825	10	282	298
Aug 18, 2020	4803	7	336	465
Aug 19, 2020	4661	2	383	466
Aug 20, 2020	4573	10	499	360
Aug 21, 2020	4708	7	257	230
Aug 22, 2020	4725	4	267	234
Aug 23, 2020	4751	8	751	582
Aug 24, 2020	4918	11	322	356
Aug 25, 2020	4874	0	448	405
Aug 26, 2020	4910	4	431	370
Aug 27, 2020	4967	9	510	409
Aug 28, 2020	5060	6	315	267
Aug 29, 2020	5097	3	267	163
Aug 30, 2020	5201	6	1008	563
Aug 31, 2020	5642	1	477	380
Sep 01, 2020	5730	2	498	443
Sep 02, 2020	5779	1	570	394
Sep 03, 2020	5952	1	631	482
Sep 04, 2020	6095	7	371	210
Sep 05, 2020	6255	2	400	221
Sep 06, 2020	6432	8	247	102
Sep 07, 2020	6576	1	1606	1106
Sep 08, 2020	7075	6	546	706
Sep 09, 2020	6908	1	630	719
Sep 10, 2020	6817	8	702	684
Sep 11, 2020	6827	9	515	401
Sep 12, 2020	6940	5	518	356
Sep 13, 2020	7096	7	1351	793
Sep 14, 2020	7653	5	793	616
Sep 15, 2020	7822	6	944	609
Sep 16, 2020	8148	6	1120	660
Sep 17, 2020	8603	11	1044	614
Sep 18, 2020	9026	6	863	464
Sep 19, 2020	9420	9	875	504
Sep 20, 2020	9785	6	1766	843
Sep 21, 2020	10702	6	1248	1370
Sep 22, 2020	10569	7	1090	884
Sep 23, 2020	10769	5	1341	919
Sep 24, 2020	11182	10	1362	866
Sep 25, 2020	11672	13	1215	755
Sep 26, 2020	12126	6	1454	770
Sep 27, 2020	12803	22	2176	1509
Sep 28, 2020	13465	90	1660	1130
Sep 29, 2020	13985	53	1797	1234
Sep 30, 2020	14535	19	1777	1379
Oct 01, 2020	14927	23	2124	1264
Oct 02, 2020	15765	26	1812	1253
Oct 03, 2020	16234	11	1685	1376
Oct 04, 2020	16490	13	2804	2091
Oct 05, 2020	17184	30	2363	1660
Oct 06, 2020	17864	23	1800	1672
Oct 07, 2020	17966	5	2436	1842
Oct 08, 2020	18549	16	2558	2016
Oct 09, 2020	19078	24	2062	1833
Oct 10, 2020	19277	10	1685	1862
Oct 11, 2020	19077	35	975	1039
Oct 12, 2020	19008	23	4042	3228
Oct 13, 2020	19806	23	2506	1865
Oct 14, 2020	20423	14	2345	2139
Oct 15, 2020	20619	18	2374	2154
Oct 16, 2020	20804	15	2215	1802
Oct 17, 2020	21194	35	1827	1666
Oct 18, 2020	21332	33	3289	2559
Oct 19, 2020	22048	25	2251	2072
Oct 20, 2020	22209	32	2266	1771
Oct 21, 2020	22689	23	3194	2291
Oct 22, 2020	23557	27	2584	2074
Oct 23, 2020	24034	28	2227	1757
Oct 24, 2020	24479	28	2145	1793
Oct 25, 2020	24799	42	4109	2877
Oct 26, 2020	26008	36	2674	2158
Oct 27, 2020	26497	25	2699	2403
Oct 28, 2020	26765	42	2956	2342
Oct 29, 2020	27351	26	3457	2728
Oct 30, 2020	28038	71	2512	1939
Oct 31, 2020	28575	57	2330	1853
Nov 01, 2020	29027	45	3422	2323
Nov 02, 2020	30084	54	4672	3457
Nov 03, 2020	31273	54	2768	2138
Nov 04, 2020	31832	31	3635	2351
Nov 05, 2020	33059	42	4471	3239
Nov 06, 2020	34246	68	4246	1857
Nov 07, 2020	36581	53	4058	1911
Nov 08, 2020	38674	83	4622	3395
Nov 09, 2020	39870	60	4302	2879
Nov 10, 2020	41251	62	4024	1920
Nov 11, 2020	43287	62	5516	3576
Nov 12, 2020	45174	73	4741	3871
Nov 13, 2020	45961	57	4613	2269
Nov 14, 2020	48245	98	4146	2486
Nov 15, 2020	49843	79	6115	4886
Nov 16, 2020	51010	69	4276	3865
Nov 17, 2020	51348	72	4641	4169
Nov 18, 2020	51763	47	4645	3973
Nov 19, 2020	52337	63	4965	4352
Nov 20, 2020	52871	96	4992	3752
Nov 21, 2020	54042	92	6131	3651
Nov 22, 2020	56450	87	5713	5150
Nov 23, 2020	56966	94	4889	4192
Nov 24, 2020	57600	93	5022	3841
Nov 25, 2020	58685	73	5631	3691
Nov 26, 2020	60533	65	5967	5581
Nov 27, 2020	60832	81	6495	4196
Nov 28, 2020	63037	114	6477	3711
Nov 29, 2020	65710	82	6103	5561
Nov 30, 2020	66179	88	5329	4916
Dec 01, 2020	66527	109	6307	4998
Dec 02, 2020	67755	85	6495	4722
Dec 03, 2020	69414	83	6299	5488
Dec 04, 2020	70143	89	6352	4786
Dec 05, 2020	71621	116	6261	4256
Dec 06, 2020	73517	124	7872	9597
Dec 07, 2020	71707	142	5981	5465
Dec 08, 2020	72140	126	6295	5811
Dec 09, 2020	72535	94	6739	5724
Dec 10, 2020	73434	79	6772	6558
Dec 11, 2020	73524	104	6011	6181
Dec 12, 2020	73212	139	5891	4779
Dec 13, 2020	74198	116	8119	6214
Dec 14, 2020	76009	123	6352	6508
Dec 15, 2020	75774	142	6416	5971
Dec 16, 2020	76115	79	7008	6466
Dec 17, 2020	76518	67	6708	7199
Dec 18, 2020	75911	93	6248	5785
Dec 19, 2020	76251	169	6201	5312
Dec 20, 2020	76998	152	7519	6913
Dec 21, 2020	77525	85	6195	7940
Dec 22, 2020	75713	167	6845	6891
Dec 23, 2020	75574	104	6858	5611
Dec 24, 2020	76652	113	1	2
Dec 25, 2020	76499	156	6403	4157
Dec 26, 2020	78660	94	10404	8971
Dec 27, 2020	79926	130	3187	8780
Dec 28, 2020	74229	134	10299	12184
Dec 29, 2020	72231	83	7476	6426
Dec 30, 2020	73125	40	8413	5230
Dec 31, 2020	76214	207	1302	6
Jan 01, 2021	77380	156	7583	5258
Jan 02, 2021	79571	136	11383	9899
Jan 03, 2021	80972	209	9761	14030
Jan 04, 2021	76663	127	7222	4558
Jan 05, 2021	79120	136	8154	7663
Jan 06, 2021	79455	123	8334	7040
Jan 07, 2021	80613	116	9214	7704
Jan 08, 2021	81914	146	8125	6417
Jan 09, 2021	83495	149	7816	6384
Jan 10, 2021	84791	154	7892	9801
Jan 11, 2021	82759	192	6292	7874
Jan 12, 2021	81061	152	6855	8205
Jan 13, 2021	79565	157	7563	8746
Jan 14, 2021	78233	80	6816	8513
Jan 15, 2021	76382	144	6476	6174
Jan 16, 2021	76492	195	6436	7239
Jan 17, 2021	75537	157	6453	7709
Jan 18, 2021	74124	206	4679	7397
Jan 19, 2021	71326	146	5744	8190
Jan 20, 2021	68736	119	5955	7109
Jan 21, 2021	67387	144	5957	7100
Jan 22, 2021	66087	163	5124	6155
Jan 23, 2021	64850	130	4852	5637
Jan 24, 2021	63919	128	5628	6705
Jan 25, 2021	62723	135	4011	6742
Jan 26, 2021	59848	140	4205	5883
Jan 27, 2021	58007	89	4876	5468
Jan 28, 2021	57285	103	4690	6260
Jan 29, 2021	55587	63	4255	5241
Jan 30, 2021	54466	151	3924	4739
Jan 31, 2021	53511	156	4617	6049
Feb 01, 2021	51990	95	2831	4938
Feb 02, 2021	49780	91	3231	4429
Feb 03, 2021	48519	62	4083	4432
Feb 04, 2021	48019	67	4022	5223
Feb 05, 2021	46662	73	3301	3914
Feb 06, 2021	45954	93	3203	4122
Feb 07, 2021	44944	83	3860	8344
Feb 08, 2021	40398	73	2677	3599
Feb 09, 2021	39409	76	3185	4027
Feb 10, 2021	38494	68	3181	3592
Feb 11, 2021	37990	36	3143	3872
Feb 12, 2021	37178	50	3047	3269
Feb 13, 2021	36883	34	2432	3039
Feb 14, 2021	36200	65	1139	1421
Feb 15, 2021	35850	77	4653	6279
Feb 16, 2021	34188	53	2605	3553
Feb 17, 2021	33190	42	3315	3651
Feb 18, 2021	32820	48	3089	3357
Feb 19, 2021	32487	38	2715	3072
Feb 20, 2021	32053	43	2351	2762
Feb 21, 2021	31589	59	3865	4027
Feb 22, 2021	31385	48	2752	3200
Feb 23, 2021	30889	44	2857	3096
Feb 24, 2021	30612	34	3094	3091
Feb 25, 2021	30572	26	3252	3022
Feb 26, 2021	30743	28	2724	2333
Feb 27, 2021	31086	54	2307	2406
Feb 28, 2021	30943	45	3530	3808
Mar 01, 2021	30631	41	2714	2864
Mar 02, 2021	30455	25	2812	3074
Mar 03, 2021	30165	31	2832	2813
Mar 04, 2021	30130	27	3370	3086
Mar 05, 2021	30369	29	2325	2473
Mar 06, 2021	30180	29	2488	2171
Mar 07, 2021	30472	34	4124	4023
Mar 08, 2021	30542	32	2820	2945
Mar 09, 2021	30390	33	3221	2927
Mar 10, 2021	30655	32	3018	2752
Mar 11, 2021	30892	24	3476	3334
Mar 12, 2021	31000	22	2968	2495
Mar 13, 2021	31441	36	2956	2477
Mar 14, 2021	31887	33	3890	3902
Mar 15, 2021	31843	25	2821	2910
Mar 16, 2021	31730	26	3371	3253
Mar 17, 2021	31826	33	3609	5893
Mar 18, 2021	29506	40	4216	70
Mar 19, 2021	33619	18	3452	2542
Mar 20, 2021	34504	24	3269	2510
Mar 21, 2021	35237	31	4934	4059
Mar 22, 2021	36079	35	3601	3116
Mar 23, 2021	36524	29	4050	3237
Mar 24, 2021	37319	27	5192	3338
Mar 25, 2021	39149	15	5093	3619
Mar 26, 2021	40592	26	5364	2737
Mar 27, 2021	43184	32	5126	2728
Mar 28, 2021	45553	42	4573	4673
Mar 29, 2021	45426	28	4880	3670
Mar 30, 2021	46621	18	5518	4016
Mar 31, 2021	48097	24	5802	4055
Apr 01, 2021	49812	41	2686	1074
Apr 02, 2021	51382	22	11041	5037
Apr 03, 2021	57358	30	2343	1065
Apr 04, 2021	58618	37	10386	10058
Apr 05, 2021	58922	37	6519	4874
Apr 06, 2021	60526	45	7148	5276
Apr 07, 2021	62376	31	7982	5789
Apr 08, 2021	64539	27	9255	5496
Apr 09, 2021	68261	35	7261	4616
Apr 10, 2021	70869	53	7619	4763
Apr 11, 2021	73680	53	10858	9129
Apr 12, 2021	75378	41	7546	4352
Apr 13, 2021	78545	50	8590	6629
Apr 14, 2021	80471	31	9564	6568
Apr 15, 2021	83414	45	9346	7128
Apr 16, 2021	85579	44	7845	6351
Apr 17, 2021	87032	54	7591	6397
Apr 18, 2021	88176	54	10275	9829
Apr 19, 2021	88591	55	7270	7679
Apr 20, 2021	88137	57	8421	10440
Apr 21, 2021	86074	43	8370	7346
Apr 22, 2021	87044	38	8753	9104
Apr 23, 2021	86639	45	7417	7358
Apr 24, 2021	86643	49	6983	7086
Apr 25, 2021	86483	57	8931	9923
Apr 26, 2021	85448	50	7071	7896
Apr 27, 2021	84585	40	7748	8655
Apr 28, 2021	83633	37	8346	8196
Apr 29, 2021	83734	38	8342	8425
Apr 30, 2021	83594	54	7610	7392
May 01, 2021	83762	56	7146	6859
May 02, 2021	84009	37	9076	9218
May 03, 2021	83830	41	6693	7498
May 04, 2021	82987	50	7378	8353
May 05, 2021	81958	62	7992	8299
May 06, 2021	81595	40	7849	7916
May 07, 2021	81491	31	6802	6929
May 08, 2021	81323	50	6695	6900
May 09, 2021	81068	60	7520	8427
May 10, 2021	80099	42	5386	7141
May 11, 2021	78304	40	6198	7509
May 12, 2021	76962	38	6644	7786
May 13, 2021	75770	31	5991	7996
May 14, 2021	73705	37	5276	6760
May 15, 2021	72179	48	4901	6417
May 16, 2021	70623	45	5526	8213
May 17, 2021	67898	51	4033	6882
May 18, 2021	65018	40	4247	7332
May 19, 2021	61896	26	5057	6652
May 20, 2021	60253	41	4676	6623
May 21, 2021	58261	50	3644	5675
May 22, 2021	56179	35	3415	5491
May 23, 2021	54063	48	2384	4326
May 24, 2021	52095	30	3952	7843
May 25, 2021	48163	45	2590	5636
May 26, 2021	45067	35	2967	5598
May 27, 2021	42401	27	3202	5374
May 28, 2021	40181	19	2459	4516
May 29, 2021	38094	46	2237	4076
May 30, 2021	36210	31	2611	4754
May 31, 2021	34032	32	1633	4207
Jun 01, 2021	31431	42	2063	3904
Jun 02, 2021	29571	12	2167	3622
Jun 03, 2021	28070	27	2063	3243
Jun 04, 2021	26859	29	1666	2869
Jun 05, 2021	25624	52	1389	2522
Jun 06, 2021	24449	30	1583	2878
Jun 07, 2021	23142	13	1264	2557
Jun 08, 2021	21822	26	1388	2498
Jun 09, 2021	20683	17	1477	2569
Jun 10, 2021	19539	11	1441	2272
Jun 11, 2021	18678	29	1290	2074
Jun 12, 2021	17881	28	1122	1747
Jun 13, 2021	17230	13	1157	2147
Jun 14, 2021	16223	11	808	1811
Jun 15, 2021	15209	31	1053	1799
Jun 16, 2021	14434	21	1107	1800
Jun 17, 2021	13713	8	1016	1652
Jun 18, 2021	13064	71	854	1395
Jun 19, 2021	12512	21	713	1156
Jun 20, 2021	12038	17	771	1491
Jun 21, 2021	11297	7	599	1398
Jun 22, 2021	10490	17	721	1218
Jun 23, 2021	9922	15	707	987
Jun 24, 2021	9621	11	592	810
Jun 25, 2021	9386	30	542	826
Jun 26, 2021	9095	21	435	620
Jun 27, 2021	8893	23	931	1758
Jun 28, 2021	8051	21	602	948
Jun 29, 2021	7694	9	548	846
Jun 30, 2021	7366	12	26	41
Jul 01, 2021	7330	7	1007	1701
Jul 02, 2021	6613	13	344	413
Jul 03, 2021	6523	6	308	391
Jul 04, 2021	6431	18	670	1011
Jul 05, 2021	6078	13	441	756
Jul 06, 2021	5756	9	552	545
Jul 07, 2021	5750	9	564	505
Jul 08, 2021	5803	1	768	843
Jul 09, 2021	5710	10	314	329
Jul 10, 2021	5682	7	253	359
Jul 11, 2021	5567	13	577	722
Jul 12, 2021	5413	17	339	525
Jul 13, 2021	5226	3	384	482
Jul 14, 2021	5118	7	415	401
Jul 15, 2021	5125	4	395	471
Jul 16, 2021	5036	4	277	325
Jul 17, 2021	4971	5	259	340
Jul 18, 2021	4887	13	701	715
Jul 19, 2021	4866	13	342	340
Jul 20, 2021	4864	5	495	349
Jul 21, 2021	5006	3	382	594
Jul 22, 2021	4789	4	605	552
Jul 23, 2021	4829	7	285	216
Jul 24, 2021	4885	10	228	203
Jul 25, 2021	4905	5	1155	725
Jul 26, 2021	5332	13	547	436
Jul 27, 2021	5439	6	766	454
Jul 28, 2021	5744	2	896	391
Jul 29, 2021	6239	1	904	414
Jul 30, 2021	6724	6	342	190
Jul 31, 2021	6863	11	279	181
Aug 01, 2021	6955	18	501	346
Aug 02, 2021	7108	21	2177	1262
Aug 03, 2021	8022	8	955	537
Aug 04, 2021	8434	6	1445	615
Aug 05, 2021	9253	8	1519	642
Aug 06, 2021	10112	6	518	258
Aug 07, 2021	10351	5	524	285
Aug 08, 2021	10582	4	3344	1590
Aug 09, 2021	12330	5	1346	845
Aug 10, 2021	12823	3	1872	862
Aug 11, 2021	13827	0	2141	949
Aug 12, 2021	15014	5	2405	1035
Aug 13, 2021	16380	15	1141	303
Aug 14, 2021	17213	41	977	892
Aug 15, 2021	17295	23	4002	1852
Aug 16, 2021	19445	6	1727	1173
Aug 17, 2021	19994	1	2477	1368
Aug 18, 2021	21088	6	2731	1630
Aug 19, 2021	22148	18	2960	1553
Aug 20, 2021	23532	35	1442	911
Aug 21, 2021	24057	6	1505	533
Aug 22, 2021	25028	9	4811	5313
Aug 23, 2021	24520	25	2528	2059
Aug 24, 2021	24971	8	3158	2372
Aug 25, 2021	25722	2	3349	1906
Aug 26, 2021	27159	17	3778	2668
Aug 27, 2021	28260	14	1799	774
Aug 28, 2021	29260	30	1577	740
Aug 29, 2021	30089	29	6444	5148
Aug 30, 2021	31383	15	2906	2683
Aug 31, 2021	31589	11	3856	2882
Sep 01, 2021	32549	3	4034	2759
Sep 02, 2021	33794	3	4159	2983
Sep 03, 2021	34941	42	4107	3716
Sep 04, 2021	35317	40	4228	2922
Sep 05, 2021	36612	27	2792	1664
Sep 06, 2021	37737	36	3307	3672
Sep 07, 2021	37369	19	3654	2319
Sep 08, 2021	38662	9	4189	4364
Sep 09, 2021	38447	39	4604	3518
Sep 10, 2021	39506	26	2224	1099
Sep 11, 2021	40595	42	1963	1001
Sep 12, 2021	41538	18	8792	7988
Sep 13, 2021	42333	45	4049	3714
Sep 14, 2021	42629	14	4289	4256
Sep 15, 2021	42636	11	4679	3836
Sep 16, 2021	43437	39	5100	3815
Sep 17, 2021	44704	53	4533	1052
Sep 18, 2021	48140	49	4336	997
Sep 19, 2021	51465	44	3852	9171
Sep 20, 2021	46135	38	3822	4137
Sep 21, 2021	45781	22	3870	4478
Sep 22, 2021	45120	11	4598	4376
Sep 23, 2021	45293	46	4600	4511
Sep 24, 2021	45338	54	4645	6474
Sep 25, 2021	43471	64	4641	4536
Sep 26, 2021	43554	51	4345	1114
Sep 27, 2021	46774	50	3428	5048
Sep 28, 2021	45108	23	4267	4621
Sep 29, 2021	44700	7	3117	2990
Sep 30, 2021	44763	48	5899	5591
Oct 01, 2021	45020	49	4427	1177
Oct 02, 2021	48220	62	3632	1167
Oct 03, 2021	50662	29	3405	9411
Oct 04, 2021	44649	44	2814	4697
Oct 05, 2021	42718	12	3722	4412
Oct 06, 2021	41979	10	4091	4149
Oct 07, 2021	41859	12	4147	4435
Oct 08, 2021	41542	69	3685	1059
Oct 09, 2021	44124	78	3530	1178
Oct 10, 2021	46464	54	2657	2811
Oct 11, 2021	46300	47	2323	10834
Oct 12, 2021	37777	14	2665	4004
Oct 13, 2021	36369	12	3157	3776
Oct 14, 2021	35672	70	3476	3983
Oct 15, 2021	35111	39	3320	1123
Oct 16, 2021	37261	41	2894	2440
Oct 17, 2021	37701	23	2323	7041
Oct 18, 2021	32971	62	2198	3782
Oct 19, 2021	31317	16	2650	3807
Oct 20, 2021	30121	4	2911	3477
Oct 21, 2021	29514	56	2745	2956
Oct 22, 2021	29280	34	2551	832
Oct 23, 2021	30937	41	2280	2152
Oct 24, 2021	31049	47	1842	5410
Oct 25, 2021	27477	24	1804	2939
Oct 26, 2021	26286	13	2493	3157
Oct 27, 2021	25588	5	2645	2529
Oct 28, 2021	25663	53	2596	2653
Oct 29, 2021	25559	32	2378	662
Oct 30, 2021	27251	38	2056	1650
Oct 31, 2021	27644	20	1937	4946
Nov 01, 2021	24630	17	1859	2565
Nov 02, 2021	23871	11	2215	2581
Nov 03, 2021	23473	12	2581	2549
Nov 04, 2021	23467	37	2535	2255
Nov 05, 2021	23727	24	2751	655
Nov 06, 2021	25806	33	2442	1634
Nov 07, 2021	26603	17	2138	4280
Nov 08, 2021	24449	41	2417	2658
Nov 09, 2021	24171	15	2545	2388
Nov 10, 2021	24304	16	2754	1084
Nov 11, 2021	25941	44	2616	3707
Nov 12, 2021	24833	19	2638	766
Nov 13, 2021	26664	28	2310	1875
Nov 14, 2021	27084	30	2220	4394
Nov 15, 2021	24894	19	1858	2770
Nov 16, 2021	23938	11	2448	2564
Nov 17, 2021	23803	11	2737	2650
Nov 18, 2021	23862	23	2874	2558
Nov 19, 2021	24148	29	2897	781
Nov 20, 2021	26245	25	2460	2214
Nov 21, 2021	26480	20	2315	4346
Nov 22, 2021	24438	18	2213	2663
Nov 23, 2021	23965	16	2627	2311
Nov 24, 2021	24252	9	2868	3674
Nov 25, 2021	23421	27	4357	2425
Nov 26, 2021	25333	17	3020	804
Nov 27, 2021	27531	26	2619	2218
Nov 28, 2021	27916	23	2332	4008
Nov 29, 2021	26231	20	2358	2700
Nov 30, 2021	25862	10	3129	2643
Dec 01, 2021	26331	5	3243	2625
Dec 02, 2021	26923	27	3487	2757
Dec 03, 2021	27630	27	3608	891
Dec 04, 2021	30327	24	3401	2797
Dec 05, 2021	30921	25	2876	4147
Dec 06, 2021	29645	24	2971	3069
Dec 07, 2021	29520	14	3527	2795
Dec 08, 2021	30225	12	4268	2859
Dec 09, 2021	31610	15	4745	3028
Dec 10, 2021	33302	28	4321	1015
Dec 11, 2021	36584	24	4610	3455
Dec 12, 2021	37725	19	4233	4797
Dec 13, 2021	37149	20	4337	3346
Dec 14, 2021	38125	10	5801	3199
Dec 15, 2021	40699	7	6942	3399
Dec 16, 2021	44218	13	8908	4143
Dec 17, 2021	48964	22	8976	1410
Dec 18, 2021	56510	28	10129	4846
Dec 19, 2021	61783	17	10450	5910
Dec 20, 2021	66316	12	12813	4388
Dec 21, 2021	74728	3	14986	4631
Dec 22, 2021	85061	7	21493	5020
Dec 23, 2021	101506	35	15969	3265
Dec 24, 2021	114193	29	17402	1872
Dec 25, 2021	129711	33	15024	1796
Dec 26, 2021	142936	27	49148	17480
Dec 27, 2021	174597	39	27053	8071
Dec 28, 2021	193544	19	32124	17889
Dec 29, 2021	207750	28	39998	13446
Dec 30, 2021	234269	28	45837	5914
Dec 31, 2021	274165	55	46118	4837
Jan 01, 2022	315407	67	45329	41174
Jan 02, 2022	319543	58	38077	19753
Jan 03, 2022	337839	84	37410	30724
Jan 04, 2022	344497	73	39447	23123
Jan 05, 2022	360766	42	43132	26798
Jan 06, 2022	377033	49	44320	32763
Jan 07, 2022	388532	109	32322	12513
Jan 08, 2022	408257	120	25466	11490
Jan 09, 2022	422160	106	55350	73223
Jan 10, 2022	404245	124	29630	31158
Jan 11, 2022	402668	138	32577	36165
Jan 12, 2022	398971	75	31264	43648
Jan 13, 2022	386467	124	31390	49283
Jan 14, 2022	368468	142	28926	27109
Jan 15, 2022	370161	174	28793	18753
Jan 16, 2022	380063	205	23586	71723
Jan 17, 2022	331851	157	18952	28343
Jan 18, 2022	322336	119	24512	33174
Jan 19, 2022	313532	89	23912	38162
Jan 20, 2022	299108	187	23183	28482
Jan 21, 2022	293604	174	15069	14693
Jan 22, 2022	293823	223	26241	5483
Jan 23, 2022	314462	178	13864	57628
Jan 24, 2022	270609	148	13897	22918
Jan 25, 2022	261401	119	18567	28492
Jan 26, 2022	251302	70	18533	36333
Jan 27, 2022	233279	146	16044	21492
Jan 28, 2022	227653	153	12947	10106
Jan 29, 2022	230346	176	14893	8632
Jan 30, 2022	236488	166	13095	39590
Jan 31, 2022	209923	150	11337	12536
Feb 01, 2022	208578	97	15088	23368
Feb 02, 2022	200145	82	14637	33516
Feb 03, 2022	181090	125	14422	17779
Feb 04, 2022	177567	119	11198	6369
Feb 05, 2022	182246	145	10311	6715
Feb 06, 2022	185745	112	7877	30134
Feb 07, 2022	163406	137	8846	12566
Feb 08, 2022	159561	105	11139	11858
Feb 09, 2022	158723	30	10628	21973
Feb 10, 2022	147233	109	10406	7685
Feb 11, 2022	149842	97	8232	3879
Feb 12, 2022	154058	107	9063	4188
Feb 13, 2022	158828	93	6114	26808
Feb 14, 2022	138104	72	6164	9542
Feb 15, 2022	134617	50	6564	9507
Feb 16, 2022	131577	29	10102	12322
Feb 17, 2022	129250	19	6929	9383
Feb 18, 2022	126703	97	4278	2796
Feb 19, 2022	128113	90	3377	5671
Feb 20, 2022	125769	84	2084	8858
Feb 21, 2022	118966	96	11756	5753
Feb 22, 2022	124950	91	6350	14164
Feb 23, 2022	117039	14	7639	10662
Feb 24, 2022	113926	58	7398	7115
Feb 25, 2022	114125	42	5166	2208
Feb 26, 2022	116987	90	4795	2081
Feb 27, 2022	119610	70	5925	14513
Feb 28, 2022	111008	70	3894	2359
Mar 01, 2022	112485	54	6911	7175
Mar 02, 2022	112179	29	6600	6566
Mar 03, 2022	112123	53	6926	4222
Mar 04, 2022	114757	59	3480	1937
Mar 05, 2022	116230	63	4663	4916
Mar 06, 2022	115923	53	6366	10534
Mar 07, 2022	111726	109	3807	4279
Mar 08, 2022	111201	51	6762	5266
Mar 09, 2022	112638	28	8445	7691
Mar 10, 2022	113329	29	6175	6663
Mar 11, 2022	112788	53	2524	1722
Mar 12, 2022	113481	52	6038	1635
Mar 13, 2022	117833	51	3931	7500
Mar 14, 2022	114236	37	4274	4186
Mar 15, 2022	114295	75	5923	4762
Mar 16, 2022	115403	22	6471	5803
Mar 17, 2022	116019	29	8178	3530
Mar 18, 2022	120616	31	2727	1704
Mar 19, 2022	121602	25	4924	1520
Mar 20, 2022	124931	34	4181	4839
Mar 21, 2022	124251	45	8422	8230
Mar 22, 2022	124414	47	5690	2921
Mar 23, 2022	127152	28	9551	4552
Mar 24, 2022	132126	13	6676	3335
Mar 25, 2022	135433	73	3124	1921
Mar 26, 2022	136591	34	2754	1638
Mar 27, 2022	137660	20	8522	5587
Mar 28, 2022	140567	45	9766	7796
Mar 29, 2022	142524	51	11552	3700
Mar 30, 2022	150303	32	12587	2250
Mar 31, 2022	160606	9	8092	5577
Apr 01, 2022	163101	80	3233	1913
Apr 02, 2022	164376	48	3077	1851
Apr 03, 2022	165551	44	10980	8614
Apr 04, 2022	167885	42	11547	9066
Apr 05, 2022	170357	81	13639	4461
Apr 06, 2022	179455	41	16891	4743
Apr 07, 2022	191555	28	8557	5824
Apr 08, 2022	194244	79	3797	2300
Apr 09, 2022	195699	33	9911	8388
Apr 10, 2022	197141	49	4963	5291
Apr 11, 2022	196772	13	11090	11999
Apr 12, 2022	195835	98	13969	5352
Apr 13, 2022	204373	1	19215	5627
Apr 14, 2022	217928	98	0	0
Apr 15, 2022	217879	71	8533	5926
Apr 16, 2022	220473	64	0	0
Apr 17, 2022	220375	55	5392	5182
Apr 18, 2022	220584	65	17093	25146
Apr 19, 2022	212433	166	9896	5893
Apr 20, 2022	216365	26	19589	6139
Apr 21, 2022	229751	34	7477	6904
Apr 22, 2022	230269	110	3820	3274
Apr 23, 2022	230750	49	4098	3192
Apr 24, 2022	231490	44	7204	2670
Apr 25, 2022	235998	48	7240	8549
Apr 26, 2022	234655	171	11646	4077
Apr 27, 2022	242114	23	15346	3760
Apr 28, 2022	253651	26	5165	3478
Apr 29, 2022	255294	113	2799	3158
Apr 30, 2022	254887	64	2243	2406
May 01, 2022	254553	50	4946	13410
May 02, 2022	246066	39	4989	11521
May 03, 2022	239508	190	10199	13526
May 04, 2022	236068	12	11631	16827
May 05, 2022	230808	23	4262	8507
May 06, 2022	226513	130	2164	3758
May 07, 2022	224880	59	1938	9721
May 08, 2022	216907	39	3803	4951
May 09, 2022	215747	48	4102	11067
May 10, 2022	208759	215	7265	13839
May 11, 2022	202055	10	9865	19156
May 12, 2022	192705	31	3281	0
May 13, 2022	195947	87	1575	8446
May 14, 2022	189028	31	2483	0
May 15, 2022	191296	37	2072	5167
May 16, 2022	188191	36	3456	17062
May 17, 2022	174554	127	5530	9809
May 18, 2022	170188	7	7546	19558
May 19, 2022	158145	15	2292	7440
May 20, 2022	152960	59	1221	3784
May 21, 2022	150361	38	1052	3971
May 22, 2022	147315	32	865	7197
May 23, 2022	140976	25	3466	7225
May 24, 2022	137202	167	3952	11587
May 25, 2022	129508	2	5400	15308
May 26, 2022	119562	10	2440	5133
May 27, 2022	116837	74	1144	2774
May 28, 2022	115182	33	878	2076
May 29, 2022	113817	8	1914	4944
May 30, 2022	110785	10	2133	4979
May 31, 2022	107929	10	3973	10125
Jun 01, 2022	101703	3	5501	11598
Jun 02, 2022	95573	16	1436	4254
Jun 03, 2022	92747	14	903	2154
Jun 04, 2022	91486	34	710	1928
Jun 05, 2022	90258	38	1871	3800
Jun 06, 2022	88326	39	1700	4086
Jun 07, 2022	85924	39	4136	7251
Jun 08, 2022	82795	39	4263	9831
Jun 09, 2022	77193	39	2283	3243
Jun 10, 2022	76195	39	825	1536
Jun 11, 2022	75445	39	659	2444
Jun 12, 2022	73621	39	2043	2033
Jun 13, 2022	73592	20	2295	3417
Jun 14, 2022	72431	20	3526	5491
Jun 15, 2022	70427	20	4115	7507
Jun 16, 2022	66996	20	782	2253
Jun 17, 2022	65486	20	0	1201
Jun 18, 2022	64265	20	0	1032
Jun 19, 2022	63213	21	2802	845
Jun 20, 2022	65150	17	1896	3446
Jun 21, 2022	63580	17	3317	3932
Jun 22, 2022	62945	17	8387	5380
Jun 23, 2022	65932	18	0	2419
Jun 24, 2022	63492	18	0	1127
Jun 25, 2022	62348	18	0	861
Jun 26, 2022	61470	18	3486	1897
Jun 27, 2022	63042	21	2579	2115
Jun 28, 2022	63488	21	2931	3955
Jun 29, 2022	62446	21	10478	5483
Jun 30, 2022	67423	21	0	1418
Jul 01, 2022	65987	21	0	882
Jul 02, 2022	65084	21	0	689
Jul 03, 2022	64374	22	4522	1850
Jul 04, 2022	67025	21	2124	1679
Jul 05, 2022	67449	21	5833	4115
Jul 06, 2022	69146	21	10408	4242
Jul 07, 2022	75291	21	1597	2261
Jul 08, 2022	74605	22	0	804
Jul 09, 2022	73780	22	2540	638
Jul 10, 2022	75661	22	1016	2022
Jul 11, 2022	74634	29	12081	2274
Jul 12, 2022	84420	29	4031	3504
Jul 13, 2022	84925	29	15343	4093
Jul 14, 2022	96153	30	1881	760
Jul 15, 2022	97252	30	2253	0
Jul 16, 2022	99476	30	2254	0
Jul 17, 2022	101701	30	2254	2715
Jul 18, 2022	101211	36	2254	1866
Jul 19, 2022	101569	36	2254	3287
Jul 20, 2022	100506	36	2254	8357
Jul 21, 2022	94373	36	2254	0
Jul 22, 2022	96597	36	4699	0
Jul 23, 2022	101260	36	4699	0
Jul 24, 2022	105923	37	4699	3348
Jul 25, 2022	107238	31	4699	2543
Jul 26, 2022	109358	31	4699	2895
Jul 27, 2022	111126	31	4699	10442
Jul 28, 2022	105347	31	4699	0
Jul 29, 2022	110009	32	4085	0
Jul 30, 2022	114063	32	4085	0
Jul 31, 2022	118117	32	4085	4392
Aug 01, 2022	117779	40	4085	2093
Aug 02, 2022	119740	40	4085	5801
Aug 03, 2022	117992	41	4085	10376
Aug 04, 2022	111669	39	4085	1565
Aug 05, 2022	114157	41	3600	0
Aug 06, 2022	117717	39	3600	0
Aug 07, 2022	121277	40	3600	2540
Aug 08, 2022	122296	46	3600	1016
Aug 09, 2022	124841	43	3600	12081
Aug 10, 2022	116319	46	3600	4031
Aug 11, 2022	115849	46	4234	15343
Aug 12, 2022	104700	46	4086	1881
Aug 13, 2022	106859	46	2619	1976
Aug 14, 2022	107459	51	3668	2254
Aug 15, 2022	108827	41	3668	2254
Aug 16, 2022	110195	41	3668	2254
Aug 17, 2022	111563	41	3668	2254
Aug 18, 2022	112931	44	3668	2254
Aug 19, 2022	114294	43	3269	2254
Aug 20, 2022	115268	43	3269	4372
Aug 21, 2022	114124	39	3269	4699
Aug 22, 2022	112653	41	3269	4699
Aug 23, 2022	111179	41	3269	4699
Aug 24, 2022	109706	41	3269	4699
Aug 25, 2022	108233	41	3270	4699
Aug 26, 2022	106765	41	2978	4699
Aug 27, 2022	105003	41	2978	3793
Aug 28, 2022	104147	42	2978	4085
Aug 29, 2022	102999	37	2978	4085
Aug 30, 2022	101851	37	2978	4085
Aug 31, 2022	100703	37	2978	4085
Sep 01, 2022	99555	42	2978	4085
Sep 02, 2022	98406	38	2623	4085
Sep 03, 2022	96907	37	2623	3312
Sep 04, 2022	96181	34	2623	3600
Sep 05, 2022	95167	56	2623	3600
Sep 06, 2022	94148	56	2623	3600
Sep 07, 2022	93133	56	2623	3600
Sep 08, 2022	92119	56	2626	3600
Sep 09, 2022	91111	57	2634	4234
Sep 10, 2022	89455	57	2634	3824
Sep 11, 2022	88209	55	2634	2619
Sep 12, 2022	88168	36	2634	3668
Sep 13, 2022	87078	36	2634	3668
Sep 14, 2022	85987	36	2634	3668
Sep 15, 2022	84896	36	2636	3668
Sep 16, 2022	83809	36	2475	3275
Sep 17, 2022	82973	36	2475	3269
Sep 18, 2022	82143	36	2475	3269
Sep 19, 2022	81313	32	2475	3269
Sep 20, 2022	80483	32	2475	3269
Sep 21, 2022	79653	32	2475	3269
Sep 22, 2022	78823	32	2477	3269
Sep 23, 2022	77995	32	2592	3270
Sep 24, 2022	77285	33	2592	2726
Sep 25, 2022	77119	33	2592	2978
Sep 26, 2022	76701	25	2592	2978
Sep 27, 2022	76283	25	2592	2978
Sep 28, 2022	75865	25	2592	2978
Sep 29, 2022	75446	25	2591	2978
Sep 30, 2022	75026	25	2754	2978
Oct 01, 2022	74777	25	2754	2623
Oct 02, 2022	74883	26	2754	5246
Oct 03, 2022	72366	42	2754	-226
Oct 04, 2022	75321	42	2754	2623
Oct 05, 2022	75427	42	2754	2623
Oct 06, 2022	75533	42	2756	2623
Oct 07, 2022	75640	42	3197	5260
Oct 08, 2022	73535	42	3197	-176
Oct 09, 2022	76866	43	3197	2634
Oct 10, 2022	77387	48	3197	2634
Oct 11, 2022	77908	48	3197	2634
Oct 12, 2022	78429	48	3197	2634
Oct 13, 2022	78950	48	3200	2634
Oct 14, 2022	79473	48	3063	5111
Oct 15, 2022	77377	47	3063	-295
Oct 16, 2022	80687	49	3063	2475
Oct 17, 2022	81227	52	3063	2475
Oct 18, 2022	81767	52	3063	2475
Oct 19, 2022	82307	52	3063	2475
Oct 20, 2022	82848	52	3067	2475
Oct 21, 2022	83391	52	3163	2477
Oct 22, 2022	84025	52	3163	2256
Oct 23, 2022	84880	52	3163	2592
Oct 24, 2022	85399	36	3163	2592
Oct 25, 2022	85918	36	3163	2592
Oct 26, 2022	86437	36	3163	2592
Oct 27, 2022	86956	36	3164	2592
Oct 28, 2022	87476	36	2291	2591
Oct 29, 2022	87140	36	2291	2390
Oct 30, 2022	87005	36	2291	2754
Oct 31, 2022	86506	36	2291	2754
Nov 01, 2022	86007	33	2291	2754
Nov 02, 2022	85508	51	2291	2754
Nov 03, 2022	85009	51	2291	2754
Nov 04, 2022	84510	51	2291	2756
Nov 05, 2022	84009	51	2290	3197
Nov 06, 2022	83069	51	2449	6394
Nov 07, 2022	79073	51	2449	-321
Nov 08, 2022	81792	51	2449	3197
Nov 09, 2022	80993	51	2449	3197
Nov 10, 2022	80194	50	2449	3197
Nov 11, 2022	79395	50	2449	3200
Nov 12, 2022	78593	50	2449	3063
Nov 13, 2022	77928	50	2449	3063
Nov 14, 2022	77263	50	2240	6126
Nov 15, 2022	73327	50	2239	-408
Nov 16, 2022	75924	50	2240	3063
Nov 17, 2022	75051	45	2239	3063
Nov 18, 2022	74177	44	2240	3067
Nov 19, 2022	73300	45	2239	3163
Nov 20, 2022	72326	45	2240	6326
Nov 21, 2022	68190	45	2218	-350
Nov 22, 2022	70713	44	2219	3163
Nov 23, 2022	69725	45	2218	3163
Nov 24, 2022	68735	38	2219	3163
Nov 25, 2022	67746	37	2218	3164
Nov 26, 2022	66755	38	2219	2291
Nov 27, 2022	66639	37	2218	4582
Nov 28, 2022	64230	38	2111	-313
Nov 29, 2022	66616	37	2111	2291
Nov 30, 2022	66399	38	2111	2291
Dec 01, 2022	66181	44	2111	2291
Dec 02, 2022	65964	44	2111	2291
Dec 03, 2022	65746	44	2111	2291
Dec 04, 2022	65529	45	2111	4739
Dec 05, 2022	62863	44	2541	-263
Dec 06, 2022	65623	44	2541	2449
Dec 07, 2022	65671	44	2541	2449
Dec 08, 2022	65719	42	2540	2449
Dec 09, 2022	65765	41	2541	2449
Dec 10, 2022	65813	42	2541	2449
Dec 11, 2022	65861	42	2541	4898
Dec 12, 2022	63460	42	2361	-309
Dec 13, 2022	66088	41	2361	2240
Dec 14, 2022	66168	42	2361	2239
Dec 15, 2022	66248	43	2361	2240
Dec 16, 2022	66327	44	2361	2239
Dec 17, 2022	66407	43	2361	2240
Dec 18, 2022	66487	43	2361	2239
Dec 19, 2022	66567	43	2557	2240
Dec 20, 2022	66841	44	2558	1926
Dec 21, 2022	67429	43	2557	2219
Dec 22, 2022	67724	61	2558	2218
Dec 23, 2022	68021	62	2557	2219
Dec 24, 2022	68316	61	2558	2218
Dec 25, 2022	68612	62	2557	2219
Dec 26, 2022	68907	61	2402	2218
Dec 27, 2022	69030	62	2401	1808
Dec 28, 2022	69561	61	2402	2111
Dec 29, 2022	69791	27	2401	2111
Dec 30, 2022	70019	27	2402	2111
Dec 31, 2022	70249	27	2401	2111
Jan 01, 2023	70477	26	2402	2111
Jan 02, 2023	70707	27	2314	2111
Jan 03, 2023	70883	27	2313	2541
Jan 04, 2023	70628	27	2314	2541
Jan 05, 2023	70374	44	2314	2541
Jan 06, 2023	70121	43	2314	2540
Jan 07, 2023	69868	44	2313	2541
Jan 08, 2023	69613	43	2314	5082
Jan 09, 2023	66818	44	2358	-618
Jan 10, 2023	69750	43	2358	2361
Jan 11, 2023	69704	44	2358	2361
Jan 12, 2023	69657	38	2359	2361
Jan 13, 2023	69612	37	2358	2361
Jan 14, 2023	69565	38	2358	2361
Jan 15, 2023	69519	38	2358	4722
Jan 16, 2023	67111	38	2064	-305
Jan 17, 2023	69442	37	2064	2557
Jan 18, 2023	68912	38	2064	2558
Jan 19, 2023	68380	35	2063	2557
Jan 20, 2023	67848	35	2064	2558
Jan 21, 2023	67316	35	2064	2557
Jan 22, 2023	66786	35	2064	5115
Jan 23, 2023	63697	35	1575	-264
Jan 24, 2023	65501	35	1576	2402
Jan 25, 2023	64640	35	1575	2401
Jan 26, 2023	63779	36	1575	2402
Jan 27, 2023	62917	35	1575	2401
Jan 28, 2023	62056	36	1576	2402
Jan 29, 2023	61195	35	1575	4803
Jan 30, 2023	57932	36	1529	-245
Jan 31, 2023	59670	35	1530	2314
Feb 01, 2023	58851	36	1529	2313
Feb 02, 2023	58031	33	1530	2314
Feb 03, 2023	57212	34	1529	2314
Feb 04, 2023	56391	33	1530	2314
Feb 05, 2023	55572	34	1529	4627
Feb 06, 2023	52438	33	1442	-249
Feb 07, 2023	54096	34	1441	2358
Feb 08, 2023	53145	33	1442	2358
Feb 09, 2023	52196	28	1441	2358
Feb 10, 2023	51245	29	1442	2359
Feb 11, 2023	50295	28	1441	2358
Feb 12, 2023	49344	28	1442	2358
Feb 13, 2023	48395	28	1530	2358
Feb 14, 2023	47539	29	1530	1830
Feb 15, 2023	47210	28	1530	2064
Feb 16, 2023	46648	27	1530	2064
Feb 17, 2023	46086	27	1530	2063
Feb 18, 2023	45525	27	1530	2064
Feb 19, 2023	44962	26	1530	2064
Feb 20, 2023	44400	27	1341	3639
Feb 21, 2023	42075	27	1341	-198
Feb 22, 2023	43587	27	1341	1576
Feb 23, 2023	43325	28	1340	1575
Feb 24, 2023	43064	29	1341	1575
Feb 25, 2023	42803	28	1341	1575
Feb 26, 2023	42542	28	1341	1576
Feb 27, 2023	42280	28	1352	1575
Feb 28, 2023	42029	29	1353	1341
Mar 01, 2023	42012	28	1352	1530
Mar 02, 2023	41806	25	1352	1529
Mar 03, 2023	41601	26	1352	1530
Mar 04, 2023	41395	25	1353	1529
Mar 05, 2023	41190	25	1352	1530
Mar 06, 2023	40984	25	1237	2971
Mar 07, 2023	39225	26	1238	-198
Mar 08, 2023	40635	25	1237	1441
Mar 09, 2023	40406	25	1238	1442
Mar 10, 2023	40177	25	1237	1441
Mar 11, 2023	39948	25	1238	1442
Mar 12, 2023	39718	26	1237	1441
Mar 13, 2023	39489	25	1255	2972
Mar 14, 2023	37747	25	1254	-177
Mar 15, 2023	39153	25	1255	1530
Mar 16, 2023	38853	19	1254	1530
Mar 17, 2023	38551	18	1255	1530
Mar 18, 2023	38251	19	1254	1530
Mar 19, 2023	37950	18	1255	1530
Mar 20, 2023	37650	19	1098	2871
Mar 21, 2023	35858	18	1097	-176
Mar 22, 2023	37113	19	1098	1341
Mar 23, 2023	36851	27	1098	1341
Mar 24, 2023	36590	28	1098	1340
Mar 25, 2023	36329	27	1097	1341
Mar 26, 2023	36067	27	1098	1341
Mar 27, 2023	35805	27	1219	2693
Mar 28, 2023	34304	28	1219	-130
Mar 29, 2023	35625	27	1219	1353
Mar 30, 2023	35464	18	1220	1352
Mar 31, 2023	35305	18	1219	1352
Apr 01, 2023	35145	18	1219	1352
Apr 02, 2023	34984	18	1219	1353
Apr 03, 2023	34823	18	1003	2589
Apr 04, 2023	33219	18	1004	-191
Apr 05, 2023	34396	18	1003	1238
Apr 06, 2023	34143	0	1004	1237
Apr 07, 2023	33892	0	1003	1238
Apr 08, 2023	33639	0	1004	1237
Apr 09, 2023	33388	0	1003	1238
Apr 10, 2023	33135	0	0	1237
Apr 11, 2023	31898	0	0	1255
Apr 12, 2023	30643	0	0	2509
Apr 13, 2023	28134	0	0	-126
Apr 14, 2023	28260	0	0	1254
Apr 15, 2023	27006	0	0	1255
Apr 16, 2023	25751	0	0	1254
Apr 17, 2023	24497	0	0	1255
Apr 18, 2023	23242	0	0	1098
Apr 19, 2023	22144	0	0	1097
Apr 20, 2023	21047	0	0	1098
Apr 21, 2023	19949	0	0	1098
Apr 22, 2023	18851	0	0	1098
Apr 23, 2023	17753	0	0	1097
Apr 24, 2023	16656	0	0	1098
Apr 25, 2023	15558	0	0	1219
Apr 26, 2023	14339	0	0	1219
Apr 27, 2023	13120	0	0	1219
Apr 28, 2023	11901	0	0	1220
Apr 29, 2023	10681	0	0	1219
Apr 30, 2023	9462	0	0	1219
May 01, 2023	8243	0	0	1219
May 02, 2023	7024	0	0	1003
May 03, 2023	6021	0	0	1004
May 04, 2023	5017	8	0	1003
May 05, 2023	4014	8	0	1004
May 06, 2023	3010	8	0	1003
May 07, 2023	2007	8	0	1004
May 08, 2023	1003	8	3821	1003
May 09, 2023	3813	8	4012	0
May 10, 2023	7817	6	4111	0
May 11, 2023	11920	8	4090	0
May 12, 2023	16002	9	4343	0
May 13, 2023	20337	8	4112	0
May 14, 2023	24441	8	3574	0
May 15, 2023	28009	8	556	0
May 16, 2023	28557	9	556	-54
May 17, 2023	29158	8	556	0
May 18, 2023	29706	9	556	0
May 19, 2023	30254	10	556	0
May 20, 2023	30802	9	556	0
May 21, 2023	31349	10	556	0
May 22, 2023	31897	9	517	0
May 23, 2023	32405	10	518	0
May 24, 2023	32913	9	517	0
May 25, 2023	33421	31	518	-58
May 26, 2023	33987	32	517	0
May 27, 2023	34495	31	518	0
May 28, 2023	35003	32	517	0
May 29, 2023	35511	31	626	0
May 30, 2023	36106	32	625	-66
May 31, 2023	36765	31	626	0
Jun 01, 2023	37360	15	625	0
Jun 02, 2023	37953	15	626	0
Jun 03, 2023	38548	15	625	0
Jun 04, 2023	39141	16	626	0
Jun 05, 2023	39736	15	457	0
Jun 06, 2023	40178	15	457	7833
Jun 07, 2023	32787	15	457	-220
Jun 08, 2023	33449	8	457	4111
Jun 09, 2023	29779	7	457	4090
Jun 10, 2023	26131	8	457	4343
Jun 11, 2023	22230	7	457	4112
Jun 12, 2023	18560	8	344	3574
Jun 13, 2023	15322	7	345	1112
Jun 14, 2023	14548	8	344	-106
Jun 15, 2023	14990	8	345	556
Jun 16, 2023	14772	8	344	556
Jun 17, 2023	14552	8	345	556
Jun 18, 2023	14334	8	344	556
Jun 19, 2023	14114	8	280	1073
Jun 20, 2023	13313	8	281	-53
Jun 21, 2023	13639	8	280	518
Jun 22, 2023	13393	7	281	517
Jun 23, 2023	13149	8	280	518
Jun 24, 2023	12903	7	281	517
Jun 25, 2023	12659	8	280	518
Jun 26, 2023	12413	7	237	1143
Jun 27, 2023	11500	8	236	-56
Jun 28, 2023	11784	7	237	625
Jun 29, 2023	11389	19	236	626
Jun 30, 2023	10991	19	237	625
Jul 01, 2023	10596	19	236	626
Jul 02, 2023	10198	20	237	625
Jul 03, 2023	9803	19	321	626
Jul 04, 2023	9479	19	321	457
Jul 05, 2023	9324	19	321	914
Jul 06, 2023	8712	2	320	-52
Jul 07, 2023	9064	3	321	457
Jul 08, 2023	8909	2	321	457
Jul 09, 2023	8754	3	321	457
Jul 10, 2023	8599	2	152	801
Jul 11, 2023	7948	3	153	-134
Jul 12, 2023	8232	2	152	345
Jul 13, 2023	8037	4	152	344
Jul 14, 2023	7842	4	152	345
Jul 15, 2023	7647	3	153	344
Jul 16, 2023	7453	3	152	345
Jul 17, 2023	7258	3	257	624
Jul 18, 2023	6887	3	257	-17
Jul 19, 2023	7157	3	257	281
Jul 20, 2023	7130	9	257	280
Jul 21, 2023	7104	8	257	281
Jul 22, 2023	7077	9	257	280
Jul 23, 2023	7051	9	253	281
Jul 24, 2023	7020	9	273	517
Jul 25, 2023	6767	10	273	-23
Jul 26, 2023	7055	7	273	236
Jul 27, 2023	7083	10	273	237
Jul 28, 2023	7110	10	273	236
Jul 29, 2023	7138	10	273	237
Jul 30, 2023	7164	10	273	236
Jul 31, 2023	7194	10	291	558
Aug 01, 2023	6917	10	291	-61
Aug 02, 2023	7259	9	291	321
Aug 03, 2023	7219	4	291	321
Aug 04, 2023	7179	5	291	320
Aug 05, 2023	7140	4	291	321
Aug 06, 2023	7100	4	294	321
Aug 07, 2023	7064	4	240	321
Aug 08, 2023	6979	5	241	152
Aug 09, 2023	7063	4	240	305
Aug 10, 2023	6994	8	241	-69
Aug 11, 2023	7300	8	240	152
Aug 12, 2023	7384	8	241	152
Aug 13, 2023	7468	8	240	153
Aug 14, 2023	7551	7	322	409
Aug 15, 2023	7456	8	322	-30
Aug 16, 2023	7800	6	322	257
Aug 17, 2023	7857	7	322	257
Aug 18, 2023	7914	7	322	257
Aug 19, 2023	7972	7	322	257
Aug 20, 2023	8029	7	317	257
Aug 21, 2023	8083	6	425	526
Aug 22, 2023	7975	6	425	-53
Aug 23, 2023	8446	6	425	273
Aug 24, 2023	8591	11	425	273
Aug 25, 2023	8736	11	425	273
Aug 26, 2023	8882	11	425	273
Aug 27, 2023	9028	11	424	273
Aug 28, 2023	9173	10	602	564
Aug 29, 2023	9200	10	602	-46
Aug 30, 2023	9837	10	602	291
Aug 31, 2023	10137	18	602	291
Sep 01, 2023	10437	18	602	291
Sep 02, 2023	10738	18	602	291
Sep 03, 2023	11039	17	600	291
Sep 04, 2023	11338	18	763	294
Sep 05, 2023	11789	17	763	481
Sep 06, 2023	12053	16	763	-74
Sep 07, 2023	12872	15	763	240
Sep 08, 2023	13378	15	763	241
Sep 09, 2023	13882	15	763	240
Sep 10, 2023	14388	15	760	241
Sep 11, 2023	14891	14	806	240
Sep 12, 2023	15442	14	806	322
Sep 13, 2023	15911	15	806	200
Sep 14, 2023	16502	21	806	322
Sep 15, 2023	16971	22	806	322
Sep 16, 2023	17441	21	806	322
Sep 17, 2023	17911	21	804	322
Sep 18, 2023	18378	21	963	742
Sep 19, 2023	18578	22	963	-103
Sep 20, 2023	19622	21	963	425
Sep 21, 2023	20139	18	963	425
Sep 22, 2023	20656	18	963	425
Sep 23, 2023	21173	18	963	425
Sep 24, 2023	21689	18	957	425
Sep 25, 2023	22200	18	1321	1026
Sep 26, 2023	22477	17	1321	-149
Sep 27, 2023	23929	17	1321	602
Sep 28, 2023	24630	19	1321	602
Sep 29, 2023	25331	21	1321	602
Sep 30, 2023	26032	21	1321	602
Oct 01, 2023	26734	20	1321	602
Oct 02, 2023	27436	21	1316	600
Oct 03, 2023	28133	21	1334	1526
Oct 04, 2023	27920	21	1334	-143
Oct 05, 2023	29376	20	1334	763
Oct 06, 2023	29927	19	1334	763
Oct 07, 2023	30477	29	1334	763
Oct 08, 2023	31027	30	1334	763
Oct 09, 2023	31577	31	1334	760
Oct 10, 2023	32131	29	1334	806
Oct 11, 2023	32640	29	1773	806
Oct 12, 2023	33578	28	1773	806
Oct 13, 2023	34515	32	1773	806
Oct 14, 2023	35451	31	1773	642
Oct 15, 2023	36553	32	1773	806
Oct 16, 2023	37491	30	1771	1767
Oct 17, 2023	37467	32	1136	-176
Oct 18, 2023	38747	33	1136	963
Oct 19, 2023	38889	32	1136	963
Oct 20, 2023	39030	34	1136	963
Oct 21, 2023	39173	34	1136	963
Oct 22, 2023	39314	33	1136	963
Oct 23, 2023	39454	34	1133	2278
Oct 24, 2023	38277	34	1353	-222
Oct 25, 2023	39818	34	1353	1321
Oct 26, 2023	39816	33	1353	1321
Oct 27, 2023	39815	24	1353	1321
Oct 28, 2023	39813	24	1353	1321
Oct 29, 2023	39811	24	1353	1321
Oct 30, 2023	39809	24	1351	2637
Oct 31, 2023	38490	24	1228	-236
Nov 01, 2023	39930	24	1228	1334
Nov 02, 2023	39800	24	1228	1334
Nov 03, 2023	39670	36	1228	1334
Nov 04, 2023	39540	36	1228	1334
Nov 05, 2023	39410	36	1228	1334
Nov 06, 2023	39280	37	1226	1334
Nov 07, 2023	39148	36	1526	1334
Nov 08, 2023	39304	36	1526	1166
Nov 09, 2023	39628	36	1526	1773
Nov 10, 2023	39345	17	1527	1773
Nov 11, 2023	39062	17	1526	1773
Nov 12, 2023	38779	17	1526	1773
Nov 13, 2023	38496	18	1526	1773
Nov 14, 2023	38213	17	1233	1771
Nov 15, 2023	37658	17	1232	1136
Nov 16, 2023	37737	17	1233	1136
Nov 17, 2023	37817	35	1233	1136
Nov 18, 2023	37896	34	1233	1136
Nov 19, 2023	37976	35	1232	1136
Nov 20, 2023	38055	35	1233	1136
Nov 21, 2023	38135	34	2125	2486
Nov 22, 2023	37739	35	2125	-373
Nov 23, 2023	40203	34	2125	1353
Nov 24, 2023	40940	68	2125	1353
Nov 25, 2023	41677	73	2125	1353
Nov 26, 2023	42415	73	2125	1353
Nov 27, 2023	43152	73	2124	1353
Nov 28, 2023	43889	73	1603	1351
Nov 29, 2023	44073	73	1603	2456
Nov 30, 2023	43147	73	1603	-242
Dec 01, 2023	44919	73	1603	1228
Dec 02, 2023	45221	73	1603	1228
Dec 03, 2023	45523	73	1603	1228
Dec 04, 2023	45825	73	1603	1228
Dec 05, 2023	46127	73	1709	1226
Dec 06, 2023	46537	73	1709	3052
Dec 07, 2023	45121	73	1709	0
Dec 08, 2023	46757	37	1709	1526
Dec 09, 2023	46867	36	1709	1527
Dec 10, 2023	46976	36	1709	1526
Dec 11, 2023	47086	36	1708	1526
Dec 12, 2023	47195	36	1757	1526
Dec 13, 2023	47389	36	1753	1448
Dec 14, 2023	47658	36	1753	0
Dec 15, 2023	49375	21	1753	1233
Dec 16, 2023	49859	13	1753	1233
Dec 17, 2023	50343	26	2576	1233
Dec 18, 2023	51650	29	1500	1232
Dec 19, 2023	51882	29	1500	1233
Dec 20, 2023	52128	29	1500	2125
Dec 21, 2023	51490	29	1500	2125
Dec 22, 2023	50839	29	1500	2125
Dec 23, 2023	50185	29	1500	2125
Dec 24, 2023	49531	29	1500	2125
Dec 25, 2023	48877	29	1500	4249
Dec 26, 2023	46099	29	1500	-253
Dec 27, 2023	47823	29	1800	1603
Dec 28, 2023	47991	29	1800	1603
Dec 29, 2023	48159	29	1800	1603
Dec 30, 2023	48327	24	1800	1603
Dec 31, 2023	48495	11	1800	1603
Jan 01, 2024	48663	11	1800	1603
Jan 02, 2024	48831	11	1800	1603
Jan 03, 2024	48999	11	2917	3418
Jan 04, 2024	48474	11	1452	-203
Jan 05, 2024	50118	32	1452	1709
Jan 06, 2024	49850	35	1452	1709
Jan 07, 2024	49582	35	1452	1709
Jan 08, 2024	49314	35	1452	1709
Jan 09, 2024	49046	35	1421	3465
Jan 10, 2024	46970	35	1430	-284
Jan 11, 2024	48649	35	1430	1753
Jan 12, 2024	48291	33	1430	1753
Jan 13, 2024	47933	27	1430	1753
Jan 14, 2024	47575	27	1430	1753
Jan 15, 2024	47217	27	1430	2576
Jan 16, 2024	46036	27	1271	3000
Jan 17, 2024	44274	27	1260	-242
Jan 18, 2024	45749	27	1260	1500
Jan 19, 2024	45482	32	1260	1500
Jan 20, 2024	45215	27	1260	1500
Jan 21, 2024	44948	27	1260	1500
Jan 22, 2024	44681	27	1260	1500
Jan 23, 2024	44414	27	856	3000
Jan 24, 2024	42238	27	840	-195
Jan 25, 2024	43246	27	840	1800
Jan 26, 2024	42259	27	840	1800
Jan 27, 2024	41272	23	840	1800
Jan 28, 2024	40285	23	840	1800
Jan 29, 2024	39298	23	840	1800
Jan 30, 2024	38311	23	1332	3600
Jan 31, 2024	36016	23	665	-194
Feb 01, 2024	36852	23	665	2917
Feb 02, 2024	34577	22	665	1452
Feb 03, 2024	33767	21	665	1452
Feb 04, 2024	32957	21	665	1452
Feb 05, 2024	32147	21	665	1452
Feb 06, 2024	31337	21	649	2873
Feb 07, 2024	29091	21	645	-165
Feb 08, 2024	29880	21	645	1430
Feb 09, 2024	29074	22	645	1430
Feb 10, 2024	28268	18	645	1430
Feb 11, 2024	27462	18	645	1430
Feb 12, 2024	26656	18	645	1430
Feb 13, 2024	25850	18	566	2701
Feb 14, 2024	23693	18	561	-148
Feb 15, 2024	24384	18	561	1260
Feb 16, 2024	23667	127	561	1260
Feb 17, 2024	22950	1	561	1260
Feb 18, 2024	22233	5	561	1260
Feb 19, 2024	21516	5	561	1260
Feb 20, 2024	20799	5	513	2116
Feb 21, 2024	19069	5	508	-130
Feb 22, 2024	19706	5	508	840
Feb 23, 2024	19369	5	508	840
Feb 24, 2024	19032	9	508	840
Feb 25, 2024	18695	9	508	840
Feb 26, 2024	18358	9	508	840
Feb 27, 2024	18021	9	472	2172
Feb 28, 2024	16316	9	470	-127
Feb 29, 2024	16904	9	470	665
Mar 01, 2024	16700	11	470	665
Mar 02, 2024	16496	12	470	665
Mar 03, 2024	16292	12	470	665
Mar 04, 2024	16088	12	470	665
Mar 05, 2024	15884	12	387	1314
Mar 06, 2024	14946	12	383	-85
Mar 07, 2024	15402	12	383	645
Mar 08, 2024	15128	0	383	645
Mar 09, 2024	14854	0	383	645
Mar 10, 2024	14580	0	383	645
Mar 11, 2024	14306	0	383	645
Mar 12, 2024	14032	0	0	645
Mar 13, 2024	13387	0	0	1127
Mar 14, 2024	12260	0	0	-83
Mar 15, 2024	12343	0	0	561
Mar 16, 2024	11782	0	0	561
Mar 17, 2024	11221	0	0	561
Mar 18, 2024	10660	0	0	561
Mar 19, 2024	10099	0	0	561
Mar 20, 2024	9538	NA	0	513
Mar 21, 2024	9025	NA	0	508
Mar 22, 2024	8517	NA	0	508
Mar 23, 2024	8009	NA	0	508
Mar 24, 2024	7501	NA	NA	NA
