Name	Totalcases	Activecases	Totaldeaths	Totalrecovered	Totaltests	DeathsPer1M	TestsPer1M	Newcases	Newdeaths	Newrecovered	
France	40,138,560  	0           	167,642     	39,970,918  	271,490,188 	2,556       	4,139,547   	N/A	N/A	N/A	
UK	24,908,726  	5,755       	232,112     	24,670,859  	522,526,476 	3,389       	7,628,357   	N/A	N/A	N/A	
Russia	24,057,759  	180,469     	402,541     	23,474,749  	273,400,000 	2,761       	1,875,095   	N/A	N/A	N/A	
Italy	26,722,143  	169,361     	196,446     	26,356,336  	280,910,073 	3,260       	4,661,420   	N/A	N/A	N/A	
Germany	38,826,304  	402,813     	182,891     	38,240,600  	122,332,384 	2,180       	1,458,359   	N/A	N/A	N/A	
Spain	13,914,811  	30,634      	121,760     	13,762,417  	471,036,328 	2,606       	10,082,298  	N/A	N/A	N/A	
Poland	6,661,684   	N/A         	120,597     	N/A         	39,313,696  	3,195       	1,041,704   	2           	N/A	N/A         	
Netherlands	8,635,061   	239         	22,992      	8,611,830   	25,984,435  	1,336       	1,509,718   	N/A	N/A	N/A	
Ukraine	5,557,995   	0           	112,418     	5,445,577   	32,603,805  	2,603       	754,855     	N/A	N/A	N/A	
Belgium	4,861,319   	1,129       	34,376      	4,825,814   	37,454,182  	2,946       	3,209,915   	N/A	N/A	77          	
USA	111,729,242 	871,667     	1,218,468   	109,639,107 	1,186,838,503	3,639       	3,544,862   	754         	1           	10,871      	
Mexico	7,702,809   	467,986     	334,958     	6,899,865   	20,013,810  	2,546       	152,124     	N/A	N/A	N/A	
Canada	4,939,288   	7,501       	58,643      	4,873,144   	66,572,774  	1,528       	1,734,189   	N/A	N/A	508         	
Cuba	1,115,248   	62          	8,530       	1,106,656   	14,402,039  	754         	1,273,880   	N/A	N/A	N/A	
Costa Rica	1,238,883   	N/A         	9,428       	N/A         	4,659,757   	1,819       	899,158     	N/A	N/A	N/A         	
Panama	1,059,893   	64          	8,727       	1,051,102   	7,882,622   	1,962       	1,772,585   	N/A	N/A	N/A	
India	45,033,644  	N/A         	533,539     	N/A         	935,879,495 	379         	665,334     	132         	2           	N/A         	
Turkey	17,232,066  	N/A         	102,174     	N/A         	162,743,369 	1,194       	1,902,052   	N/A	N/A	N/A         	
Iran	7,627,186   	N/A         	146,811     	N/A         	57,320,267  	1,707       	666,338     	N/A	N/A	N/A         	
Indonesia	6,829,162   	19,995      	162,063     	6,647,104   	114,158,919 	581         	408,975     	N/A	N/A	N/A	
Philippines	4,140,383   	6,138       	66,864      	4,067,381   	36,102,746  	594         	320,888     	N/A	N/A	N/A	
Japan	33,803,572  	N/A         	74,694      	N/A         	100,414,883 	595         	799,578     	N/A	N/A	N/A         	
Israel	4,841,772   	30,592      	12,707      	4,798,473   	41,373,364  	1,363       	4,436,346   	N/A	N/A	N/A	
Malaysia	5,277,541   	7,980       	37,348      	5,232,213   	68,580,916  	1,126       	2,066,869   	N/A	N/A	N/A	
Thailand	4,768,647   	41,435      	34,576      	4,692,636   	17,273,454  	493         	246,488     	N/A	N/A	N/A	
Vietnam	11,625,195  	941,018     	43,206      	10,640,971  	85,826,548  	437         	867,342     	N/A	N/A	N/A	
Iraq	2,465,545   	673         	25,375      	2,439,497   	19,544,451  	602         	463,523     	N/A	N/A	N/A	
Bangladesh	2,048,588   	N/A         	29,491      	N/A         	15,254,399  	176         	90,862      	N/A	N/A	N/A         	
Pakistan	1,581,936   	12,583      	30,664      	1,538,689   	30,589,153  	134         	133,292     	N/A	N/A	N/A	
Brazil	38,694,221  	1,734,094   	710,966     	36,249,161  	63,776,166  	3,301       	296,146     	N/A	N/A	N/A	
Argentina	10,094,643  	0           	130,733     	9,963,910   	35,716,069  	2,841       	776,264     	N/A	N/A	N/A	
Colombia	6,400,173   	44,821      	143,200     	6,212,152   	36,951,507  	2,780       	717,327     	N/A	N/A	N/A	
Peru	4,572,667   	0           	222,161     	4,350,506   	39,010,194  	6,595       	1,158,115   	N/A	N/A	N/A	
Chile	5,376,599   	59,652      	64,497      	5,252,450   	50,382,097  	3,350       	2,617,225   	N/A	N/A	N/A	
Bolivia	1,211,716   	12,164      	22,407      	1,177,145   	2,710,261   	1,868       	225,993     	N/A	N/A	N/A	
Uruguay	1,041,111   	2,503       	7,664       	1,030,944   	6,114,822   	2,192       	1,749,083   	N/A	N/A	N/A	
Paraguay	837,602     	N/A         	20,155      	N/A         	2,657,506   	2,759       	363,751     	N/A	N/A	N/A         	
Venezuela	552,695     	302         	5,856       	546,537     	3,359,014   	200         	114,771     	N/A	N/A	N/A	
South Africa	4,076,463   	61,362      	102,595     	3,912,506   	26,795,090  	1,689       	441,027     	N/A	N/A	N/A	
Morocco	1,278,988   	N/A         	16,303      	N/A         	13,001,033  	432         	344,191     	N/A	N/A	N/A         	
Tunisia	1,153,361   	N/A         	29,423      	N/A         	5,013,383   	2,442       	416,164     	N/A	N/A	N/A         	
Ethiopia	501,157     	5,412       	7,574       	488,171     	5,565,340   	63          	46,066      	N/A	N/A	N/A	
Libya	507,274     	2           	6,437       	500,835     	2,483,848   	914         	352,782     	N/A	N/A	N/A	
Egypt	516,023     	49,228      	24,613      	442,182     	3,693,367   	232         	34,792      	N/A	N/A	N/A	
Kenya	344,130     	1,132       	5,689       	337,309     	3,967,062   	101         	70,569      	N/A	N/A	N/A	
Zambia	349,304     	3,919       	4,069       	341,316     	4,112,961   	209         	211,244     	N/A	N/A	N/A	
Algeria	272,010     	82,068      	6,881       	183,061     	230,960     	152         	5,093       	N/A	N/A	N/A	
Botswana	330,442     	592         	2,801       	327,049     	2,026,898   	1,147       	830,300     	N/A	N/A	N/A	
Nigeria	267,188     	4,080       	3,155       	259,953     	5,708,974   	15          	26,339      	N/A	N/A	N/A	
Zimbabwe	266,358     	1,730       	5,740       	258,888     	2,525,756   	374         	164,744     	N/A	N/A	N/A	
Australia	11,839,399  	9,205       	24,326      	11,805,868  	81,916,639  	933         	3,142,326   	388         	N/A	N/A	
Fiji	69,117      	1,006       	885         	67,226      	672,883     	973         	739,866     	N/A	N/A	N/A	
Papua New Guinea	46,864      	26          	670         	46,168      	249,149     	72          	26,813      	N/A	N/A	N/A	
New Caledonia	80,064      	N/A         	314         	N/A         	98,964      	1,079       	340,182     	N/A	N/A	N/A         	
New Zealand	2,613,670   	2,894       	5,674       	2,605,102   	7,768,604   	1,158       	1,586,011   	N/A	N/A	N/A	
Europe	253,328,438 	2,563,654   	2,101,364   	248,663,420 	N/A	N/A	N/A	10          	N/A	228         	
North America	131,791,017 	2,615,700   	1,694,528   	127,480,789 	N/A	N/A	N/A	754         	1           	11,379      	
Asia	221,481,213 	14,260,920  	1,553,415   	205,666,878 	N/A	N/A	N/A	133         	2           	849         	
South America	70,108,311  	2,091,264   	1,366,810   	66,650,237  	N/A	N/A	N/A	N/A	N/A	N/A	
Africa	12,860,692  	511,009     	258,892     	12,090,791  	N/A	N/A	N/A	N/A	N/A	N/A	
Oceania	14,874,585  	112,128     	32,904      	14,729,553  	N/A	N/A	N/A	388         	N/A	N/A	
World	704,444,977 	22,154,675  	7,007,928   	675,282,374 	N/A	899.1       	N/A	1,285       	3           	12,456      	
