Dates	Active	Deaths	Newcases	recover
Feb 15, 2020	0	0	0	0
Feb 16, 2020	0	0	0	0
Feb 17, 2020	0	0	0	0
Feb 18, 2020	0	0	0	0
Feb 19, 2020	0	0	0	0
Feb 20, 2020	0	0	0	0
Feb 21, 2020	0	0	0	0
Feb 22, 2020	0	0	0	0
Feb 23, 2020	0	0	0	0
Feb 24, 2020	0	0	0	0
Feb 25, 2020	0	0	0	0
Feb 26, 2020	0	0	0	0
Feb 27, 2020	0	0	0	0
Feb 28, 2020	0	0	1	0
Feb 29, 2020	1	0	17	0
Mar 01, 2020	18	0	19	0
Mar 02, 2020	37	0	34	0
Mar 03, 2020	71	0	53	0
Mar 04, 2020	124	0	81	0
Mar 05, 2020	205	0	110	0
Mar 06, 2020	315	1	27	0
Mar 07, 2020	342	3	64	0
Mar 08, 2020	406	1	94	0
Mar 09, 2020	500	3	99	0
Mar 10, 2020	599	5	174	0
Mar 11, 2020	772	6	250	0
Mar 12, 2020	1019	11	338	0
Mar 13, 2020	1356	10	179	1
Mar 14, 2020	1532	-39	214	0
Mar 15, 2020	1741	1	387	0
Mar 16, 2020	2109	3	422	0
Mar 17, 2020	2503	3	534	0
Mar 18, 2020	2893	7	713	0
Mar 19, 2020	3606	7	662	0
Mar 20, 2020	4208	11	469	0
Mar 21, 2020	4674	15	486	0
Mar 22, 2020	5019	25	1328	0
Mar 23, 2020	6280	35	1195	0
Mar 24, 2020	7382	40	1199	6
Mar 25, 2020	8442	41	1363	0
Mar 26, 2020	9607	55	1518	0
Mar 27, 2020	10895	82	844	0
Mar 28, 2020	11408	76	683	0
Mar 29, 2020	11883	111	1738	0
Mar 30, 2020	13411	102	1681	0
Mar 31, 2020	14601	136	1516	49
Apr 01, 2020	15672	143	1478	0
Apr 02, 2020	16697	145	1694	0
Apr 03, 2020	17905	171	922	60
Apr 04, 2020	18221	201	665	18
Apr 05, 2020	18515	241	1934	28
Apr 06, 2020	20135	214	1515	29
Apr 07, 2020	20981	242	1598	31
Apr 08, 2020	21925	270	2239	62
Apr 09, 2020	23559	245	2336	34
Apr 10, 2020	25236	255	1029	57
Apr 11, 2020	25574	276	524	64
Apr 12, 2020	25612	324	537	48
Apr 13, 2020	25718	271	1560	131
Apr 14, 2020	26794	303	1633	50
Apr 15, 2020	27717	288	1674	106
Apr 16, 2020	28716	268	1394	92
Apr 17, 2020	29399	276	722	115
Apr 18, 2020	29441	259	443	59
Apr 19, 2020	29443	280	1276	93
Apr 20, 2020	30324	245	1270	164
Apr 21, 2020	30895	205	777	216
Apr 22, 2020	31029	210	976	227
Apr 23, 2020	31424	186	811	204
Apr 24, 2020	31660	209	388	182
Apr 25, 2020	31435	191	205	139
Apr 26, 2020	31342	181	755	201
Apr 27, 2020	31822	157	569	189
Apr 28, 2020	31865	155	522	370
Apr 29, 2020	31885	142	586	211
Apr 30, 2020	31964	152	237	255
May 01, 2020	31701	132	286	271
May 02, 2020	31732	113	140	183
May 03, 2020	31648	107	670	150
May 04, 2020	32113	91	546	185
May 05, 2020	32217	94	552	375
May 06, 2020	32388	79	442	207
May 07, 2020	31885	91	483	322
May 08, 2020	31123	93	240	253
May 09, 2020	29766	84	118	261
May 10, 2020	28177	77	476	118
May 11, 2020	27295	69	395	315
May 12, 2020	26035	79	321	279
May 13, 2020	25366	77	305	286
May 14, 2020	25113	72	346	222
May 15, 2020	22971	66	147	257
May 16, 2020	21858	47	81	276
May 17, 2020	20561	60	317	177
May 18, 2020	19787	46	292	275
May 19, 2020	18731	47	385	280
May 20, 2020	17596	29	70	269
May 21, 2020	16676	32	248	279
May 22, 2020	15965	39	123	246
May 23, 2020	15175	36	75	217
May 24, 2020	13732	31	314	82
May 25, 2020	13018	38	202	744
May 26, 2020	12405	42	182	310
May 27, 2020	12019	28	171	230
May 28, 2020	11532	32	165	132
May 29, 2020	11167	26	61	324
May 30, 2020	10546	26	49	255
May 31, 2020	10063	25	59	178
Jun 01, 2020	9631	28	181	277
Jun 02, 2020	9412	16	159	288
Jun 03, 2020	9207	25	172	213
Jun 04, 2020	9131	22	154	183
Jun 05, 2020	9002	21	69	231
Jun 06, 2020	8416	24	53	214
Jun 07, 2020	7873	19	152	143
Jun 08, 2020	7427	17	145	198
Jun 09, 2020	7074	13	119	215
Jun 10, 2020	6816	11	95	285
Jun 11, 2020	6569	12	89	109
Jun 12, 2020	6444	10	49	299
Jun 13, 2020	6179	12	22	122
Jun 14, 2020	5837	15	147	157
Jun 15, 2020	5631	9	99	271
Jun 16, 2020	5435	10	123	267
Jun 17, 2020	5276	5	108	396
Jun 18, 2020	5147	5	121	381
Jun 19, 2020	5066	8	50	483
Jun 20, 2020	4859	9	20	502
Jun 21, 2020	4596	8	143	393
Jun 22, 2020	4444	5	110	497
Jun 23, 2020	4279	4	100	561
Jun 24, 2020	4125	4	76	520
Jun 25, 2020	4082	8	113	564
Jun 26, 2020	4055	12	41	754
Jun 27, 2020	3836	4	24	576
Jun 28, 2020	3652	5	127	349
Jun 29, 2020	3655	5	100	384
Jun 30, 2020	3555	2	135	510
Jul 01, 2020	3550	8	93	418
Jul 02, 2020	3543	5	94	442
Jul 03, 2020	3567	3	64	476
Jul 04, 2020	3546	8	24	619
Jul 05, 2020	3431	3	112	220
Jul 06, 2020	3372	4	99	272
Jul 07, 2020	3313	2	137	640
Jul 08, 2020	3328	4	124	599
Jul 09, 2020	3356	2	127	571
Jul 10, 2020	3350	1	62	587
Jul 11, 2020	3266	3	43	513
Jul 12, 2020	3201	1	224	367
Jul 13, 2020	3326	2	207	241
Jul 14, 2020	3420	2	260	736
Jul 15, 2020	3611	4	226	436
Jul 16, 2020	3784	1	274	577
Jul 17, 2020	3973	3	130	419
Jul 18, 2020	3999	5	64	368
Jul 19, 2020	3936	5	443	247
Jul 20, 2020	4302	2	145	232
Jul 21, 2020	4448	3	553	368
Jul 22, 2020	4999	2	439	402
Jul 23, 2020	5175	2	496	456
Jul 24, 2020	5580	1	229	422
Jul 25, 2020	5703	2	184	334
Jul 26, 2020	5786	2	595	103
Jul 27, 2020	6278	5	685	187
Jul 28, 2020	6879	1	703	147
Jul 29, 2020	7516	2	635	453
Jul 30, 2020	8086	6	684	344
Jul 31, 2020	8688	1	309	387
Aug 01, 2020	8906	3	148	335
Aug 02, 2020	8926	2	794	172
Aug 03, 2020	9612	5	813	175
Aug 04, 2020	10351	1	767	265
Aug 05, 2020	11015	5	769	321
Aug 06, 2020	11744	5	771	399
Aug 07, 2020	12452	7	304	362
Aug 08, 2020	12670	5	122	288
Aug 09, 2020	12646	4	873	186
Aug 10, 2020	13407	7	718	273
Aug 11, 2020	13994	2	609	461
Aug 12, 2020	14508	5	669	350
Aug 13, 2020	15109	11	587	401
Aug 14, 2020	15613	12	163	491
Aug 15, 2020	15614	11	132	277
Aug 16, 2020	15554	14	707	229
Aug 17, 2020	16002	12	725	284
Aug 18, 2020	16516	10	612	456
Aug 19, 2020	16941	8	581	382
Aug 20, 2020	17319	7	510	548
Aug 21, 2020	17655	11	203	632
Aug 22, 2020	17480	10	115	522
Aug 23, 2020	17370	5	607	265
Aug 24, 2020	17620	3	527	336
Aug 25, 2020	17617	6	526	615
Aug 26, 2020	17833	4	535	698
Aug 27, 2020	17957	5	614	688
Aug 28, 2020	18337	5	195	751
Aug 29, 2020	17858	4	117	656
Aug 30, 2020	17303	3	634	446
Aug 31, 2020	17191	4	565	392
Sep 01, 2020	17101	6	574	835
Sep 02, 2020	17225	1	677	728
Sep 03, 2020	17434	3	728	1227
Sep 04, 2020	17826	3	322	2526
Sep 05, 2020	17636	3	155	1910
Sep 06, 2020	16932	4	918	857
Sep 07, 2020	17082	2	871	797
Sep 08, 2020	17335	1	1024	1225
Sep 09, 2020	17608	3	1143	934
Sep 10, 2020	18285	4	1284	779
Sep 11, 2020	19177	3	617	877
Sep 12, 2020	19155	2	301	934
Sep 13, 2020	18915	3	1724	438
Sep 14, 2020	19716	5	1628	451
Sep 15, 2020	20586	1	1943	562
Sep 16, 2020	22075	1	1750	615
Sep 17, 2020	23617	4	1709	587
Sep 18, 2020	24961	3	894	549
Sep 19, 2020	25269	3	461	441
Sep 20, 2020	25037	1	2202	302
Sep 21, 2020	26526	6	2074	368
Sep 22, 2020	28024	8	2096	589
Sep 23, 2020	29654	3	1795	597
Sep 24, 2020	31294	3	1623	582
Sep 25, 2020	32567	1	1078	586
Sep 26, 2020	33060	8	560	578
Sep 27, 2020	33147	4	2791	516
Sep 28, 2020	35489	5	3008	535
Sep 29, 2020	37854	7	3274	740
Sep 30, 2020	40698	12	3421	706
Oct 01, 2020	43932	13	3753	952
Oct 02, 2020	47437	10	1728	856
Oct 03, 2020	48750	6	1047	794
Oct 04, 2020	49164	15	5302	549
Oct 05, 2020	53844	11	5745	606
Oct 06, 2020	58939	15	6886	1188
Oct 07, 2020	65287	15	6671	1144
Oct 08, 2020	71566	15	7945	1385
Oct 09, 2020	79142	19	4370	1107
Oct 10, 2020	82976	20	2409	1320
Oct 11, 2020	84517	20	9863	899
Oct 12, 2020	93412	20	12768	803
Oct 13, 2020	105244	22	12523	1843
Oct 14, 2020	116804	28	11990	1741
Oct 15, 2020	127957	36	13748	2185
Oct 16, 2020	141245	35	8137	2389
Oct 17, 2020	148241	41	4307	2489
Oct 18, 2020	150531	37	15760	1363
Oct 19, 2020	164611	37	19534	1942
Oct 20, 2020	183040	23	17528	2928
Oct 21, 2020	199032	31	17700	3320
Oct 22, 2020	215644	55	18879	2888
Oct 23, 2020	232701	53	11565	4252
Oct 24, 2020	242638	61	4879	3275
Oct 25, 2020	245692	57	19806	2683
Oct 26, 2020	263332	93	22128	3935
Oct 27, 2020	283667	95	17918	4267
Oct 28, 2020	300295	98	15045	5763
Oct 29, 2020	314237	123	15407	5457
Oct 30, 2020	327963	130	6317	5556
Oct 31, 2020	332994	143	2645	6315
Nov 01, 2020	333110	144	13805	7818
Nov 02, 2020	343754	184	12048	5573
Nov 03, 2020	352411	177	9195	8974
Nov 04, 2020	359132	165	7627	8721
Nov 05, 2020	364853	213	6592	10994
Nov 06, 2020	369402	174	2998	11835
Nov 07, 2020	368827	200	1446	8853
Nov 08, 2020	364567	210	8607	10008
Nov 09, 2020	367772	218	7628	11290
Nov 10, 2020	367398	210	1975	12214
Nov 11, 2020	364217	210	6442	11474
Nov 12, 2020	367034	198	5698	13231
Nov 13, 2020	365295	219	2366	14635
Nov 14, 2020	359387	194	1050	12568
Nov 15, 2020	349976	172	5813	11239
Nov 16, 2020	345505	183	4803	18260
Nov 17, 2020	339341	178	3670	18601
Nov 18, 2020	333877	193	2999	19003
Nov 19, 2020	328641	195	3081	19914
Nov 20, 2020	322042	157	1248	25275
Nov 21, 2020	310036	160	582	16896
Nov 22, 2020	293864	172	3926	14897
Nov 23, 2020	280125	171	2841	15849
Nov 24, 2020	265199	141	2644	14810
Nov 25, 2020	252247	136	2396	25342
Nov 26, 2020	241935	141	2711	21767
Nov 27, 2020	231045	123	1003	21637
Nov 28, 2020	210949	139	553	21156
Nov 29, 2020	187562	117	3277	18085
Nov 30, 2020	170733	126	2663	20075
Dec 01, 2020	156438	118	2587	25391
Dec 02, 2020	147254	119	2360	23580
Dec 03, 2020	143263	102	2546	19853
Dec 04, 2020	139859	110	1094	21497
Dec 05, 2020	126033	117	593	18810
Dec 06, 2020	115492	94	3335	15726
Dec 07, 2020	110071	110	2692	16399
Dec 08, 2020	106603	87	2737	29396
Dec 09, 2020	102730	85	2661	23878
Dec 10, 2020	102977	97	2884	23237
Dec 11, 2020	101563	93	1582	25185
Dec 12, 2020	95219	90	734	18354
Dec 13, 2020	90974	95	3799	10260
Dec 14, 2020	90118	114	3191	10593
Dec 15, 2020	87047	87	2739	12902
Dec 16, 2020	85158	92	2728	10699
Dec 17, 2020	85964	100	2731	12227
Dec 18, 2020	85959	103	1430	12147
Dec 19, 2020	82177	98	635	10546
Dec 20, 2020	78338	90	3300	7748
Dec 21, 2020	78211	84	2590	8255
Dec 22, 2020	77548	93	2358	10906
Dec 23, 2020	78052	89	1723	10698
Dec 24, 2020	78672	70	492	8807
Dec 25, 2020	77272	102	1090	7698
Dec 26, 2020	75165	93	529	7229
Dec 27, 2020	73105	81	2637	5766
Dec 28, 2020	72398	67	2261	8629
Dec 29, 2020	71004	64	1976	11884
Dec 30, 2020	70854	61	1625	10249
Dec 31, 2020	71720	63	469	10143
Jan 01, 2021	70328	77	1050	9155
Jan 02, 2021	68324	74	732	7657
Jan 03, 2021	66450	87	2902	6461
Jan 04, 2021	66766	50	2619	9338
Jan 05, 2021	66868	64	2288	8852
Jan 06, 2021	67342	42	1809	7872
Jan 07, 2021	68274	59	1935	8983
Jan 08, 2021	68218	63	1302	9139
Jan 09, 2021	66455	56	808	9580
Jan 10, 2021	64491	53	2844	7142
Jan 11, 2021	64571	50	2268	7666
Jan 12, 2021	64017	52	2045	8997
Jan 13, 2021	63900	56	2024	8700
Jan 14, 2021	64850	53	2070	8827
Jan 15, 2021	64700	51	1140	8437
Jan 16, 2021	62212	41	696	8239
Jan 17, 2021	59754	62	2933	6393
Jan 18, 2021	59835	48	2336	9315
Jan 19, 2021	59434	46	2411	10325
Jan 20, 2021	59706	44	2267	8373
Jan 21, 2021	60969	58	2524	0
Jan 22, 2021	61281	61	1356	7050
Jan 23, 2021	59432	49	795	7664
Jan 24, 2021	57649	53	3283	7290
Jan 25, 2021	58599	49	2701	5839
Jan 26, 2021	60493	67	2508	2692
Jan 27, 2021	62158	39	2543	4625
Jan 28, 2021	63849	44	2940	6460
Jan 29, 2021	65108	52	1551	7222
Jan 30, 2021	63815	41	842	5893
Jan 31, 2021	62384	55	3299	6169
Feb 01, 2021	63877	44	2606	4760
Feb 02, 2021	65591	29	2345	2302
Feb 03, 2021	67091	32	2360	4465
Feb 04, 2021	68577	38	2410	6524
Feb 05, 2021	69128	52	1256	6884
Feb 06, 2021	67378	41	594	5590
Feb 07, 2021	65077	34	2536	5695
Feb 08, 2021	65570	56	2102	4618
Feb 09, 2021	65677	41	2108	2161
Feb 10, 2021	66213	40	2047	4466
Feb 11, 2021	67299	37	1998	6026
Feb 12, 2021	67203	41	1122	6340
Feb 13, 2021	65390	42	590	5564
Feb 14, 2021	63337	35	2721	5639
Feb 15, 2021	63843	43	2369	4773
Feb 16, 2021	64095	31	2520	2155
Feb 17, 2021	64992	52	2547	4068
Feb 18, 2021	66608	37	2811	6550
Feb 19, 2021	67933	39	1555	7110
Feb 20, 2021	66477	28	804	6088
Feb 21, 2021	64707	33	3335	5959
Feb 22, 2021	65562	29	2910	5143
Feb 23, 2021	65872	21	2748	2465
Feb 24, 2021	66802	26	2643	5361
Feb 25, 2021	68257	20	2800	8210
Feb 26, 2021	69258	25	1487	8909
Feb 27, 2021	67724	22	711	8368
Feb 28, 2021	65657	28	3211	8032
Mar 01, 2021	66184	22	2758	7171
Mar 02, 2021	66234	29	2753	3447
Mar 03, 2021	66681	30	2682	7140
Mar 04, 2021	68105	29	2731	10945
Mar 05, 2021	68981	25	1509	12044
Mar 06, 2021	67363	26	786	10960
Mar 07, 2021	65693	16	3685	11515
Mar 08, 2021	66784	33	3383	9270
Mar 09, 2021	67731	25	3387	4552
Mar 10, 2021	69388	19	3498	8635
Mar 11, 2021	72007	36	3752	13944
Mar 12, 2021	73915	23	2174	15667
Mar 13, 2021	73466	24	1383	14076
Mar 14, 2021	72699	26	5257	14228
Mar 15, 2021	75837	20	4599	12709
Mar 16, 2021	78609	24	4835	6001
Mar 17, 2021	81932	20	5036	10667
Mar 18, 2021	86115	25	5182	16440
Mar 19, 2021	89578	27	2843	19778
Mar 20, 2021	89750	25	1576	16777
Mar 21, 2021	88916	26	6287	19181
Mar 22, 2021	91769	31	6037	17867
Mar 23, 2021	95162	24	5564	13971
Mar 24, 2021	98640	24	5623	15010
Mar 25, 2021	103140	34	5740	24367
Mar 26, 2021	106782	24	3056	27845
Mar 27, 2021	106730	27	1691	23854
Mar 28, 2021	105339	34	6154	25509
Mar 29, 2021	108727	20	5197	23768
Mar 30, 2021	111154	28	4727	13726
Mar 31, 2021	113805	23	4690	20254
Apr 01, 2021	117735	31	4892	29070
Apr 02, 2021	120572	33	2700	34745
Apr 03, 2021	120026	31	1513	32439
Apr 04, 2021	118915	40	1562	30875
Apr 05, 2021	117734	46	5259	27269
Apr 06, 2021	120196	40	4741	18120
Apr 07, 2021	122867	36	4467	21807
Apr 08, 2021	126240	49	4496	31272
Apr 09, 2021	128580	46	2362	35289
Apr 10, 2021	127504	42	1304	28236
Apr 11, 2021	125303	43	4734	26481
Apr 12, 2021	126431	44	4278	21873
Apr 13, 2021	127092	46	3897	10146
Apr 14, 2021	128044	22	3810	8837
Apr 15, 2021	130234	43	4018	16594
Apr 16, 2021	131081	37	2321	29989
Apr 17, 2021	128275	39	1312	25924
Apr 18, 2021	124927	42	5438	23833
Apr 19, 2021	125240	45	4458	19674
Apr 20, 2021	129684	30	4065	11578
Apr 21, 2021	124682	34	3803	14557
Apr 22, 2021	126266	50	3639	20670
Apr 23, 2021	129896	36	1889	21202
Apr 24, 2021	128245	36	1138	16753
Apr 25, 2021	123083	43	4271	15593
Apr 26, 2021	115715	42	3761	12031
Apr 27, 2021	114128	36	3447	6938
Apr 28, 2021	112886	39	3350	9806
Apr 29, 2021	114060	44	3489	13030
Apr 30, 2021	117506	26	1335	14048
May 01, 2021	109363	49	1137	10110
May 02, 2021	110464	46	4334	8876
May 03, 2021	104700	33	3657	7087
May 04, 2021	103457	28	3607	3753
May 05, 2021	103547	34	3518	6067
May 06, 2021	107016	43	3292	8308
May 07, 2021	106669	40	1714	8020
May 08, 2021	108350	38	856	6422
May 09, 2021	105716	38	3362	6533
May 10, 2021	104227	26	2989	4211
May 11, 2021	107173	42	2805	2274
May 12, 2021	100580	32	946	2232
May 13, 2021	101488	28	2555	4526
May 14, 2021	95936	17	1254	6358
May 15, 2021	97164	19	737	5339
May 16, 2021	93180	21	3581	4729
May 17, 2021	96729	20	3259	3513
May 18, 2021	88335	22	3119	1716
May 19, 2021	91437	17	2409	3088
May 20, 2021	89227	24	2425	4011
May 21, 2021	91631	17	1435	3655
May 22, 2021	93046	25	774	3038
May 23, 2021	85315	16	898	2955
May 24, 2021	81853	19	2792	1947
May 25, 2021	77125	18	2534	955
May 26, 2021	79642	11	2212	1902
May 27, 2021	77813	19	2023	2228
May 28, 2021	79820	16	1116	1964
May 29, 2021	80917	14	603	1547
May 30, 2021	74668	6	2027	1467
May 31, 2021	73032	11	1683	983
Jun 01, 2021	71108	16	1500	467
Jun 02, 2021	67274	18	1466	988
Jun 03, 2021	68726	14	1347	1186
Jun 04, 2021	68760	11	647	960
Jun 05, 2021	62559	16	400	877
Jun 06, 2021	62943	15	1237	727
Jun 07, 2021	56945	10	1040	463
Jun 08, 2021	57971	13	840	307
Jun 09, 2021	55458	7	764	448
Jun 10, 2021	53958	5	778	593
Jun 11, 2021	53464	13	390	519
Jun 12, 2021	53844	6	209	297
Jun 13, 2021	45457	7	765	355
Jun 14, 2021	44590	9	535	221
Jun 15, 2021	45120	6	419	104
Jun 16, 2021	45526	4	450	351
Jun 17, 2021	42169	5	424	344
Jun 18, 2021	41625	6	274	315
Jun 19, 2021	39205	6	140	282
Jun 20, 2021	36580	7	481	172
Jun 21, 2021	33712	9	365	125
Jun 22, 2021	34072	6	396	66
Jun 23, 2021	29049	3	339	206
Jun 24, 2021	29382	5	398	164
Jun 25, 2021	27087	3	260	151
Jun 26, 2021	26486	5	177	162
Jun 27, 2021	23759	5	598	159
Jun 28, 2021	21599	5	557	78
Jun 29, 2021	19505	2	627	28
Jun 30, 2021	17921	3	676	119
Jul 01, 2021	17793	2	729	98
Jul 02, 2021	18517	5	521	68
Jul 03, 2021	15686	2	366	93
Jul 04, 2021	15108	5	998	63
Jul 05, 2021	14913	3	1041	37
Jul 06, 2021	15041	3	1173	28
Jul 07, 2021	16209	2	1227	79
Jul 08, 2021	15047	3	1291	37
Jul 09, 2021	15866	1	1004	49
Jul 10, 2021	14780	2	781	47
Jul 11, 2021	15558	2	1763	72
Jul 12, 2021	17319	5	1429	27
Jul 13, 2021	16340	2	1446	0
Jul 14, 2021	17785	1	1390	51
Jul 15, 2021	18368	2	1571	88
Jul 16, 2021	19937	2	1105	208
Jul 17, 2021	21037	2	838	33
Jul 18, 2021	21873	3	2132	50
Jul 19, 2021	24004	4	1955	0
Jul 20, 2021	25957	2	788	0
Jul 21, 2021	23913	3	1914	54
Jul 22, 2021	25825	2	1656	84
Jul 23, 2021	26858	1	1158	49
Jul 24, 2021	26990	4	784	58
Jul 25, 2021	27772	1	2112	80
Jul 26, 2021	29881	6	1600	48
Jul 27, 2021	29251	6	1752	39
Jul 28, 2021	31002	3	1782	83
Jul 29, 2021	32780	1	1798	79
Jul 30, 2021	34577	5	1187	92
Jul 31, 2021	33934	5	1056	107
Aug 01, 2021	34984	4	2251	93
Aug 02, 2021	37232	3	1948	34
Aug 03, 2021	39179	3	1874	47
Aug 04, 2021	38497	3	1836	116
Aug 05, 2021	40328	3	2133	127
Aug 06, 2021	41057	5	1275	135
Aug 07, 2021	42329	2	920	124
Aug 08, 2021	42169	2	2596	141
Aug 09, 2021	42565	3	2218	53
Aug 10, 2021	43469	5	1992	74
Aug 11, 2021	45456	4	2158	123
Aug 12, 2021	47612	2	2273	140
Aug 13, 2021	46568	4	1352	169
Aug 14, 2021	47917	3	766	130
Aug 15, 2021	46623	4	2829	128
Aug 16, 2021	47339	9	2248	102
Aug 17, 2021	47370	9	2267	45
Aug 18, 2021	48510	7	2007	193
Aug 19, 2021	49184	7	2245	110
Aug 20, 2021	48634	3	1285	127
Aug 21, 2021	49910	6	956	125
Aug 22, 2021	49217	7	2654	174
Aug 23, 2021	50124	6	2460	38
Aug 24, 2021	51182	5	2394	0
Aug 25, 2021	53573	4	2186	152
Aug 26, 2021	51543	4	2218	128
Aug 27, 2021	53754	5	1371	73
Aug 28, 2021	53798	4	834	147
Aug 29, 2021	52521	7	2945	199
Aug 30, 2021	53410	6	2357	30
Aug 31, 2021	52845	6	2224	0
Sep 01, 2021	53536	10	2109	93
Sep 02, 2021	54283	8	2155	97
Sep 03, 2021	56431	7	1238	56
Sep 04, 2021	55935	9	734	197
Sep 05, 2021	54927	9	2801	218
Sep 06, 2021	56100	6	2361	0
Sep 07, 2021	56308	7	2189	0
Sep 08, 2021	56557	7	2107	31
Sep 09, 2021	56787	7	2325	205
Sep 10, 2021	57465	7	1306	120
Sep 11, 2021	57111	8	680	273
Sep 12, 2021	55576	7	2928	239
Sep 13, 2021	55784	1	2498	0
Sep 14, 2021	56714	5	2319	-101
Sep 15, 2021	57250	9	2424	124
Sep 16, 2021	57900	7	2392	176
Sep 17, 2021	58874	6	1259	208
Sep 18, 2021	55653	5	652	463
Sep 19, 2021	54270	11	2941	429
Sep 20, 2021	55538	11	2270	-72
Sep 21, 2021	55539	7	2170	0
Sep 22, 2021	57703	7	2079	196
Sep 23, 2021	56527	7	2253	402
Sep 24, 2021	58769	13	1217	338
Sep 25, 2021	58383	7	722	573
Sep 26, 2021	57535	7	2627	659
Sep 27, 2021	57237	11	2391	107
Sep 28, 2021	56417	6	2168	17
Sep 29, 2021	57186	8	2167	352
Sep 30, 2021	57716	8	2149	603
Oct 01, 2021	58014	5	1150	620
Oct 02, 2021	54464	14	679	649
Oct 03, 2021	53675	13	2789	747
Oct 04, 2021	54997	11	2290	136
Oct 05, 2021	55708	7	2545	12
Oct 06, 2021	54788	11	2518	578
Oct 07, 2021	57292	4	2554	760
Oct 08, 2021	58682	18	1423	842
Oct 09, 2021	55710	13	821	1090
Oct 10, 2021	54717	8	3923	1167
Oct 11, 2021	56581	10	3437	492
Oct 12, 2021	57713	18	3599	214
Oct 13, 2021	61294	14	3895	805
Oct 14, 2021	63870	10	4174	1457
Oct 15, 2021	66234	19	2380	1437
Oct 16, 2021	66885	13	1489	1728
Oct 17, 2021	65588	14	6574	1716
Oct 18, 2021	69324	10	6312	759
Oct 19, 2021	73546	18	6555	127
Oct 20, 2021	78156	20	6909	1401
Oct 21, 2021	83635	16	7145	1767
Oct 22, 2021	89086	18	4092	2054
Oct 23, 2021	91390	27	2451	2484
Oct 24, 2021	91558	33	9709	2770
Oct 25, 2021	99023	18	9411	1219
Oct 26, 2021	105877	22	9221	464
Oct 27, 2021	113434	16	9197	2791
Oct 28, 2021	121487	18	9294	4171
Oct 29, 2021	128976	25	4971	4496
Oct 30, 2021	132085	20	3061	4928
Oct 31, 2021	132668	17	3578	6034
Nov 01, 2021	133676	26	11714	4050
Nov 02, 2021	143095	25	10709	1400
Nov 03, 2021	151080	30	10187	4532
Nov 04, 2021	159773	16	11135	6503
Nov 05, 2021	169103	27	6456	6805
Nov 06, 2021	172951	27	4077	8023
Nov 07, 2021	177003	26	15261	9010
Nov 08, 2021	192234	32	13021	5133
Nov 09, 2021	205239	39	12755	2736
Nov 10, 2021	211225	20	5053	3157
Nov 11, 2021	214687	27	13745	9828
Nov 12, 2021	226517	46	8367	13824
Nov 13, 2021	232392	29	5498	14613
Nov 14, 2021	234310	43	20843	14590
Nov 15, 2021	250871	42	18428	9821
Nov 16, 2021	266268	33	18150	4876
Nov 17, 2021	281358	36	18582	11367
Nov 18, 2021	297405	36	19164	15702
Nov 19, 2021	313045	34	11227	17070
Nov 20, 2021	320418	37	6744	11805
Nov 21, 2021	321335	49	25633	13953
Nov 22, 2021	341276	44	21153	11520
Nov 23, 2021	356192	40	20196	6258
Nov 24, 2021	369423	48	20230	14449
Nov 25, 2021	384909	47	20054	21451
Nov 26, 2021	399105	45	11602	22630
Nov 27, 2021	404968	61	7075	22204
Nov 28, 2021	402921	43	25214	22459
Nov 29, 2021	418568	53	20871	15680
Nov 30, 2021	431337	48	19691	10077
Dec 01, 2021	443877	45	18330	17690
Dec 02, 2021	457134	57	17784	25041
Dec 03, 2021	469248	39	9640	25616
Dec 04, 2021	472133	49	5979	25390
Dec 05, 2021	468099	55	20755	25489
Dec 06, 2021	478423	35	15692	16922
Dec 07, 2021	485370	48	15087	10055
Dec 08, 2021	492355	45	13444	16827
Dec 09, 2021	498057	44	13112	25459
Dec 10, 2021	502752	43	7108	26546
Dec 11, 2021	499740	36	3909	25554
Dec 12, 2021	491689	39	13891	25126
Dec 13, 2021	492657	36	10595	19070
Dec 14, 2021	492289	25	9297	10909
Dec 15, 2021	492470	33	8124	17306
Dec 16, 2021	488694	73	7762	24693
Dec 17, 2021	487040	41	4769	26092
Dec 18, 2021	482196	13	2857	23670
Dec 19, 2021	461661	30	9125	22887
Dec 20, 2021	451390	39	7384	16527
Dec 21, 2021	429409	27	7403	8955
Dec 22, 2021	424662	19	7530	16218
Dec 23, 2021	426464	23	6524	22246
Dec 24, 2021	424410	32	2826	21012
Dec 25, 2021	408411	17	4572	19606
Dec 26, 2021	390936	41	13310	18862
Dec 27, 2021	485899	23	12832	13618
Dec 28, 2021	379851	20	15064	6788
Dec 29, 2021	377590	19	16090	11588
Dec 30, 2021	378128	15	12299	15829
Dec 31, 2021	375496	22	4074	15573
Jan 01, 2022	363022	22	9092	14752
Jan 02, 2022	351557	17	27602	9622
Jan 03, 2022	357302	13	28167	3168
Jan 04, 2022	366420	22	26075	2125
Jan 05, 2022	377233	18	23677	8212
Jan 06, 2022	388609	19	23841	13952
Jan 07, 2022	398611	21	15377	12542
Jan 08, 2022	403114	27	11238	12510
Jan 09, 2022	393501	23	37799	11763
Jan 10, 2022	414924	23	31745	3459
Jan 11, 2022	433862	17	31197	3786
Jan 12, 2022	456618	17	30151	9876
Jan 13, 2022	475572	15	31900	14154
Jan 14, 2022	488649	34	21214	14400
Jan 15, 2022	509863	31	15013	10364
Jan 16, 2022	513031	33	62785	9674
Jan 17, 2022	565759	21	60804	6088
Jan 18, 2022	616944	21	61008	1950
Jan 19, 2022	674477	16	57370	5629
Jan 20, 2022	724148	18	56553	9691
Jan 21, 2022	774501	28	32850	11404
Jan 22, 2022	801232	39	20761	12992
Jan 23, 2022	818821	36	76079	14103
Jan 24, 2022	890463	19	62632	5006
Jan 25, 2022	942525	35	54895	1741
Jan 26, 2022	991000	32	47607	12269
Jan 27, 2022	1035849	28	41516	24852
Jan 28, 2022	1075121	31	23280	30243
Jan 29, 2022	1088453	49	13224	36950
Jan 30, 2022	1088716	53	50131	40461
Jan 31, 2022	1124939	42	36846	29602
Feb 01, 2022	1146071	38	30929	22127
Feb 02, 2022	1166765	41	25963	33854
Feb 03, 2022	1183397	31	22463	53712
Feb 04, 2022	1197527	92	12506	59421
Feb 05, 2022	1191414	68	7298	61293
Feb 06, 2022	1170920	66	27500	56889
Feb 07, 2022	1171097	61	19480	43571
Feb 08, 2022	1165852	35	16847	32881
Feb 09, 2022	1161023	35	14269	44623
Feb 10, 2022	1160074	30	12232	56326
Feb 11, 2022	1154398	54	6778	55030
Feb 12, 2022	1139870	54	4859	49001
Feb 13, 2022	1105434	54	16541	48114
Feb 14, 2022	1090051	34	11587	33237
Feb 15, 2022	1069930	33	10644	22163
Feb 16, 2022	1053839	32	9312	30587
Feb 17, 2022	1039527	30	7753	40977
Feb 18, 2022	1024389	25	4519	37372
Feb 19, 2022	991493	36	2938	32419
Feb 20, 2022	940581	25	10991	34181
Feb 21, 2022	884092	20	8021	44530
Feb 22, 2022	837605	24	7632	34541
Feb 23, 2022	793293	17	6702	33455
Feb 24, 2022	760375	17	5856	17336
Feb 25, 2022	724385	20	3399	10865
Feb 26, 2022	680296	18	2345	7572
Feb 27, 2022	621410	27	8342	18060
Feb 28, 2022	561450	15	6912	16138
Mar 01, 2022	520144	15	7599	13819
Mar 02, 2022	489394	11	7183	12389
Mar 03, 2022	435652	11	6950	10502
Mar 04, 2022	413631	17	4196	5901
Mar 05, 2022	417839	41	3535	4715
Mar 06, 2022	375946	26	12386	12049
Mar 07, 2022	350294	28	9162	9990
Mar 08, 2022	331089	13	9449	9826
Mar 09, 2022	320684	13	8705	8460
Mar 10, 2022	300418	11	8650	8599
Mar 11, 2022	290026	27	5135	4920
Mar 12, 2022	272826	20	4009	3755
Mar 13, 2022	276850	18	15956	11864
Mar 14, 2022	273177	19	12505	9060
Mar 15, 2022	258968	16	12410	8787
Mar 16, 2022	263702	15	11317	7955
Mar 17, 2022	267715	15	10172	7442
Mar 18, 2022	265127	30	5751	4569
Mar 19, 2022	258163	30	4129	3979
Mar 20, 2022	262295	27	18166	11567
Mar 21, 2022	268943	24	13653	9903
Mar 22, 2022	265405	24	13681	8572
Mar 23, 2022	274568	21	12584	8067
Mar 24, 2022	281168	16	11213	7325
Mar 25, 2022	284028	23	5923	3662
Mar 26, 2022	281481	26	3687	2987
Mar 27, 2022	285168	30	18074	9527
Mar 28, 2022	294587	22	13123	10772
Mar 29, 2022	296112	31	12092	11174
Mar 30, 2022	308242	29	11075	7623
Mar 31, 2022	313732	31	9186	6172
Apr 01, 2022	313863	31	5181	2938
Apr 02, 2022	319101	27	3109	1357
Apr 03, 2022	314441	29	14718	0
Apr 04, 2022	321971	18	11045	32
Apr 05, 2022	326231	16	11048	0
Apr 06, 2022	330598	19	9988	64
Apr 07, 2022	334846	33	9087	63
Apr 08, 2022	340214	30	4614	44
Apr 09, 2022	337404	23	2558	0
Apr 10, 2022	328806	27	12864	0
Apr 11, 2022	332242	29	9189	79
Apr 12, 2022	322947	24	8805	55
Apr 13, 2022	331804	23	8216	36
Apr 14, 2022	333452	22	7436	86
Apr 15, 2022	325564	14	3836	64
Apr 16, 2022	329457	15	2377	34
Apr 17, 2022	317990	19	3063	8
Apr 18, 2022	308755	14	11658	0
Apr 19, 2022	308889	15	8124	64
Apr 20, 2022	310338	15	6892	56
Apr 21, 2022	309969	19	6097	54
Apr 22, 2022	295901	19	2919	67
Apr 23, 2022	298960	19	1612	34
Apr 24, 2022	284395	14	8479	6
Apr 25, 2022	279402	15	6037	59
Apr 26, 2022	265404	14	5378	62
Apr 27, 2022	270826	12	4880	57
Apr 28, 2022	266770	22	4386	61
Apr 29, 2022	251546	24	2425	61
Apr 30, 2022	254013	12	1217	31
May 01, 2022	239316	7	7230	25
May 02, 2022	231148	7	5530	28
May 03, 2022	216532	7	5220	0
May 04, 2022	221783	7	4966	49
May 05, 2022	216386	13	4488	36
May 06, 2022	209751	10	2247	52
May 07, 2022	188898	10	1183	25
May 08, 2022	190132	11	6602	7
May 09, 2022	189516	10	4920	39
May 10, 2022	182075	11	4213	29
May 11, 2022	186306	11	3708	45
May 12, 2022	181464	7	3231	24
May 13, 2022	161774	6	1482	30
May 14, 2022	163279	6	743	12
May 15, 2022	157789	9	4418	13
May 16, 2022	155507	9	3257	18
May 17, 2022	144842	9	2760	20
May 18, 2022	147639	8	2198	27
May 19, 2022	144732	6	2034	14
May 20, 2022	134314	7	1034	34
May 21, 2022	135358	4	500	12
May 22, 2022	131167	7	2615	2
May 23, 2022	127010	7	1757	23
May 24, 2022	117848	7	1603	45
May 25, 2022	119479	6	429	30
May 26, 2022	117259	4	1520	27
May 27, 2022	104521	6	829	24
May 28, 2022	105360	4	439	4
May 29, 2022	99708	6	2686	3
May 30, 2022	98585	7	1940	12
May 31, 2022	93550	8	1906	12
Jun 01, 2022	95477	5	1735	20
Jun 02, 2022	93151	5	1586	12
Jun 03, 2022	82088	8	944	31
Jun 04, 2022	83039	9	662	4
Jun 05, 2022	79279	4	822	7
Jun 06, 2022	75677	6	3443	5
Jun 07, 2022	75292	5	2598	14
Jun 08, 2022	72378	4	2435	12
Jun 09, 2022	74835	7	2389	9
Jun 10, 2022	67753	7	1210	5
Jun 11, 2022	68957	7	697	6
Jun 12, 2022	64818	3	4395	3
Jun 13, 2022	66584	3	3430	2
Jun 14, 2022	64474	3	3363	8
Jun 15, 2022	67849	3	3122	16
Jun 16, 2022	68396	5	3254	2
Jun 17, 2022	66709	5	1665	7
Jun 18, 2022	68392	5	967	8
Jun 19, 2022	67124	5	5726	2
Jun 20, 2022	70658	5	4482	8
Jun 21, 2022	70525	5	4890	5
Jun 22, 2022	75422	5	4839	7
Jun 23, 2022	77940	5	4551	10
Jun 24, 2022	79606	5	2491	6
Jun 25, 2022	82107	5	1388	3
Jun 26, 2022	82210	9	8276	6
Jun 27, 2022	89215	9	6700	5
Jun 28, 2022	93289	8	7119	4
Jun 29, 2022	100423	8	6667	3
Jun 30, 2022	105982	9	6468	8
Jul 01, 2022	108100	8	3439	10
Jul 02, 2022	111545	8	1960	5
Jul 03, 2022	111642	10	11920	2
Jul 04, 2022	122310	9	9854	5
Jul 05, 2022	129683	10	9782	3
Jul 06, 2022	139491	9	9099	5
Jul 07, 2022	147343	12	8206	6
Jul 08, 2022	151793	12	4060	6
Jul 09, 2022	155869	12	2175	3
Jul 10, 2022	155237	10	12430	2
Jul 11, 2022	165788	10	9287	7
Jul 12, 2022	171404	9	8514	8
Jul 13, 2022	179944	9	7119	9
Jul 14, 2022	185392	11	6479	18
Jul 15, 2022	184861	9	2986	4
Jul 16, 2022	187873	9	1462	3
Jul 17, 2022	185826	16	8031	0
Jul 18, 2022	191473	15	5472	9
Jul 19, 2022	192234	15	5218	12
Jul 20, 2022	197481	15	1359	6
Jul 21, 2022	196501	17	5715	15
Jul 22, 2022	192785	17	2378	10
Jul 23, 2022	195148	15	1373	3
Jul 24, 2022	191784	9	7229	2
Jul 25, 2022	195570	9	5013	1
Jul 26, 2022	193710	9	4533	1
Jul 27, 2022	198287	8	3889	0
Jul 28, 2022	198734	11	3607	1
Jul 29, 2022	188465	11	1726	7
Jul 30, 2022	190231	24	1042	6
Jul 31, 2022	184275	9	5521	4
Aug 01, 2022	184984	5	3604	4
Aug 02, 2022	178969	7	3208	3
Aug 03, 2022	182201	13	2792	5
Aug 04, 2022	180163	11	2572	3
Aug 05, 2022	163004	7	1161	4
Aug 06, 2022	164193	11	678	7
Aug 07, 2022	155002	9	3713	2
Aug 08, 2022	152396	12	2722	0
Aug 09, 2022	142528	10	2448	0
Aug 10, 2022	144969	11	2371	4
Aug 11, 2022	141020	8	2053	1
Aug 12, 2022	123805	7	1032	8
Aug 13, 2022	124825	7	665	9
Aug 14, 2022	115831	7	736	9
Aug 15, 2022	111666	7	3443	3
Aug 16, 2022	110211	7	2420	10
Aug 17, 2022	107734	6	2005	18
Aug 18, 2022	100647	11	1729	7
Aug 19, 2022	98129	11	874	0
Aug 20, 2022	99022	11	489	0
Aug 21, 2022	95264	5	2754	0
Aug 22, 2022	93805	5	1867	0
Aug 23, 2022	87247	5	1804	0
Aug 24, 2022	89067	5	1610	0
Aug 25, 2022	86457	6	1519	0
Aug 26, 2022	77243	6	731	0
Aug 27, 2022	78002	6	464	0
Aug 28, 2022	73095	7	2365	0
Aug 29, 2022	72719	7	1841	0
Aug 30, 2022	69082	7	1778	0
Aug 31, 2022	70874	8	1657	0
Sep 01, 2022	69787	4	1637	0
Sep 02, 2022	63351	7	782	0
Sep 03, 2022	64144	1	441	0
Sep 04, 2022	57907	8	2762	0
Sep 05, 2022	57883	8	1952	0
Sep 06, 2022	56112	7	1877	0
Sep 07, 2022	58009	7	1855	0
Sep 08, 2022	59189	7	1672	0
Sep 09, 2022	55807	7	808	0
Sep 10, 2022	56607	6	470	0
Sep 11, 2022	54638	3	3090	0
Sep 12, 2022	55362	3	2455	0
Sep 13, 2022	54188	3	2238	0
Sep 14, 2022	56449	2	2053	0
Sep 15, 2022	57118	4	1903	0
Sep 16, 2022	56262	4	908	0
Sep 17, 2022	57187	3	509	0
Sep 18, 2022	56314	3	3647	0
Sep 19, 2022	58578	3	2772	0
Sep 20, 2022	58584	3	2776	0
Sep 21, 2022	61367	3	2691	0
Sep 22, 2022	62673	5	2461	0
Sep 23, 2022	61031	6	1221	0
Sep 24, 2022	62260	5	660	0
Sep 25, 2022	60867	3	4826	0
Sep 26, 2022	64554	3	3540	0
Sep 27, 2022	65817	8	3432	0
Sep 28, 2022	69255	10	3388	0
Sep 29, 2022	71501	8	2947	0
Sep 30, 2022	70619	8	1438	0
Oct 01, 2022	72068	1	765	0
Oct 02, 2022	70912	8	5322	0
Oct 03, 2022	75045	8	4315	0
Oct 04, 2022	77010	7	3948	0
Oct 05, 2022	80951	7	3430	0
Oct 06, 2022	82959	10	3102	0
Oct 07, 2022	83376	10	1431	0
Oct 08, 2022	84799	10	711	0
Oct 09, 2022	84019	9	4950	0
Oct 10, 2022	87236	9	3608	0
Oct 11, 2022	87382	8	3058	0
Oct 12, 2022	90460	8	2963	0
Oct 13, 2022	91684	12	2715	0
Oct 14, 2022	91895	12	1079	0
Oct 15, 2022	90470	12	557	0
Oct 16, 2022	88555	10	3880	0
Oct 17, 2022	91022	9	2465	0
Oct 18, 2022	90665	9	2063	0
Oct 19, 2022	92750	9	1792	0
Oct 20, 2022	93123	7	1598	0
Oct 21, 2022	88899	6	713	0
Oct 22, 2022	89639	6	397	0
Oct 23, 2022	87120	6	2278	0
Oct 24, 2022	87559	6	1511	0
Oct 25, 2022	85403	6	1354	0
Oct 26, 2022	86788	5	1145	0
Oct 27, 2022	86099	6	927	0
Oct 28, 2022	78334	5	415	0
Oct 29, 2022	78762	5	225	0
Oct 30, 2022	75617	5	993	0
Oct 31, 2022	73252	5	214	0
Nov 01, 2022	70575	4	1122	0
Nov 02, 2022	70201	4	815	0
Nov 03, 2022	70250	6	812	0
Nov 04, 2022	61552	6	364	0
Nov 05, 2022	61950	5	273	0
Nov 06, 2022	59306	6	1326	0
Nov 07, 2022	58300	6	911	0
Nov 08, 2022	54549	6	806	0
Nov 09, 2022	55367	6	718	0
Nov 10, 2022	53752	7	202	0
Nov 11, 2022	46586	7	351	0
Nov 12, 2022	46948	7	201	0
Nov 13, 2022	43460	2	1156	0
Nov 14, 2022	42667	2	932	0
Nov 15, 2022	39706	1	915	0
Nov 16, 2022	40638	1	863	0
Nov 17, 2022	39549	5	849	0
Nov 18, 2022	35017	5	393	0
Nov 19, 2022	35408	5	220	0
Nov 20, 2022	32927	4	1446	0
Nov 21, 2022	33158	4	1149	0
Nov 22, 2022	31874	4	1189	0
Nov 23, 2022	33064	3	1173	0
Nov 24, 2022	33016	2	1080	0
Nov 25, 2022	30815	1	506	0
Nov 26, 2022	31332	1	279	0
Nov 27, 2022	29941	7	1968	0
Nov 28, 2022	31181	6	1455	0
Nov 29, 2022	31184	6	1430	0
Nov 30, 2022	32628	6	1317	0
Dec 01, 2022	33219	6	1214	0
Dec 02, 2022	32976	4	550	0
Dec 03, 2022	33524	4	316	0
Dec 04, 2022	33108	9	2099	0
Dec 05, 2022	34601	8	1804	0
Dec 06, 2022	35192	8	1763	0
Dec 07, 2022	36976	8	1611	0
Dec 08, 2022	37984	8	1567	0
Dec 09, 2022	37469	7	677	0
Dec 10, 2022	38152	7	431	0
Dec 11, 2022	37646	14	2374	0
Dec 12, 2022	39636	14	1803	0
Dec 13, 2022	40582	14	1816	0
Dec 14, 2022	42424	14	1585	0
Dec 15, 2022	43699	6	1433	0
Dec 16, 2022	43270	6	648	0
Dec 17, 2022	43926	5	441	0
Dec 18, 2022	43266	12	2273	0
Dec 19, 2022	44939	12	1760	0
Dec 20, 2022	45523	12	1818	0
Dec 21, 2022	47391	12	1576	0
Dec 22, 2022	48352	12	1338	0
Dec 23, 2022	47219	12	554	0
Dec 24, 2022	47778	12	360	0
Dec 25, 2022	47025	11	1268	0
Dec 26, 2022	47579	12	1178	0
Dec 27, 2022	47887	12	1049	0
Dec 28, 2022	48149	12	1023	0
Dec 29, 2022	48343	12	942	0
Dec 30, 2022	48237	12	395	0
Dec 31, 2022	47534	12	224	0
Jan 01, 2023	46722	12	1119	0
Jan 02, 2023	46562	12	842	0
Jan 03, 2023	46125	12	748	0
Jan 04, 2023	45594	11	692	0
Jan 05, 2023	45008	12	662	0
Jan 06, 2023	43282	12	243	0
Jan 07, 2023	43680	12	171	0
Jan 08, 2023	42651	7	827	0
Jan 09, 2023	41859	6	489	0
Jan 10, 2023	40728	7	514	0
Jan 11, 2023	39622	7	421	0
Jan 12, 2023	38424	7	423	0
Jan 13, 2023	36290	6	181	0
Jan 14, 2023	36548	7	151	0
Jan 15, 2023	35417	5	568	0
Jan 16, 2023	34433	4	465	0
Jan 17, 2023	33346	5	388	0
Jan 18, 2023	32183	4	361	0
Jan 19, 2023	30989	5	327	0
Jan 20, 2023	30056	4	158	0
Jan 21, 2023	29002	5	119	0
Jan 22, 2023	27859	4	669	0
Jan 23, 2023	27525	3	535	0
Jan 24, 2023	27056	4	531	0
Jan 25, 2023	26584	3	594	0
Jan 26, 2023	26174	4	561	0
Jan 27, 2023	24733	3	259	0
Jan 28, 2023	25021	4	197	0
Jan 29, 2023	24215	5	1107	0
Jan 30, 2023	24320	5	785	0
Jan 31, 2023	24102	5	881	0
Feb 01, 2023	23981	4	829	0
Feb 02, 2023	23807	5	770	0
Feb 03, 2023	23573	5	357	0
Feb 04, 2023	22951	5	223	0
Feb 05, 2023	22170	7	1513	0
Feb 06, 2023	23120	6	1039	0
Feb 07, 2023	23595	7	1005	0
Feb 08, 2023	24036	7	1085	0
Feb 09, 2023	24557	7	986	0
Feb 10, 2023	24418	6	449	0
Feb 11, 2023	24895	7	342	0
Feb 12, 2023	24671	8	2085	0
Feb 13, 2023	26352	7	1507	0
Feb 14, 2023	27455	8	1508	0
Feb 15, 2023	28560	8	1495	0
Feb 16, 2023	29650	8	1427	0
Feb 17, 2023	30672	7	595	0
Feb 18, 2023	30466	8	402	0
Feb 19, 2023	30907	8	2336	0
Feb 20, 2023	32868	9	1742	0
Feb 21, 2023	34234	8	1627	0
Feb 22, 2023	35487	8	1567	0
Feb 23, 2023	36678	8	1462	0
Feb 24, 2023	37397	9	626	0
Feb 25, 2023	38068	8	418	0
Feb 26, 2023	38111	6	2625	0
Feb 27, 2023	40170	5	1869	0
Feb 28, 2023	41474	6	1758	0
Mar 01, 2023	42665	5	1792	0
Mar 02, 2023	43891	6	1688	0
Mar 03, 2023	44458	5	670	0
Mar 04, 2023	45181	6	504	0
Mar 05, 2023	45121	10	3060	0
Mar 06, 2023	47384	10	2285	0
Mar 07, 2023	48870	10	2041	0
Mar 08, 2023	50114	11	2040	0
Mar 09, 2023	51356	10	1884	0
Mar 10, 2023	51645	10	693	0
Mar 11, 2023	52367	10	468	0
Mar 12, 2023	52033	14	2972	0
Mar 13, 2023	53948	14	2182	0
Mar 14, 2023	55073	14	1892	0
Mar 15, 2023	55909	13	1802	0
Mar 16, 2023	56655	14	1568	0
Mar 17, 2023	56116	14	679	0
Mar 18, 2023	56852	14	396	0
Mar 19, 2023	56188	11	2450	0
Mar 20, 2023	57285	11	1836	0
Mar 21, 2023	57766	11	1558	0
Mar 22, 2023	57970	11	1591	0
Mar 23, 2023	58207	11	1398	0
Mar 24, 2023	56913	11	523	0
Mar 25, 2023	57522	11	370	0
Mar 26, 2023	56541	8	1709	0
Mar 27, 2023	56790	8	1301	0
Mar 28, 2023	56632	8	1191	0
Mar 29, 2023	56363	8	1051	0
Mar 30, 2023	55955	8	975	0
Mar 31, 2023	54025	8	397	0
Apr 01, 2023	54491	8	253	0
Apr 02, 2023	53287	7	1241	0
Apr 03, 2023	52867	8	902	0
Apr 04, 2023	52108	7	807	0
Apr 05, 2023	51254	7	728	0
Apr 06, 2023	50322	7	716	0
Apr 07, 2023	47725	8	304	0
Apr 08, 2023	48077	7	229	0
Apr 09, 2023	46646	3	246	0
Apr 10, 2023	44302	3	953	0
Apr 11, 2023	42664	3	790	0
Apr 12, 2023	40863	4	602	0
Apr 13, 2023	38875	3	566	0
Apr 14, 2023	36855	3	254	0
Apr 15, 2023	31939	3	198	0
Apr 16, 2023	32185	7	793	0
Apr 17, 2023	31505	7	516	0
Apr 18, 2023	30549	7	523	0
Apr 19, 2023	29600	7	484	0
Apr 20, 2023	28613	7	425	0
Apr 21, 2023	26093	7	188	0
Apr 22, 2023	26296	7	135	0
Apr 23, 2023	24955	4	606	0
Apr 24, 2023	24253	5	494	0
Apr 25, 2023	23439	4	421	0
Apr 26, 2023	22552	5	345	0
Apr 27, 2023	21589	4	303	0
Apr 28, 2023	19286	5	155	0
Apr 29, 2023	19485	4	140	0
Apr 30, 2023	18320	4	139	0
May 01, 2023	17593	5	419	0
May 02, 2023	17147	4	324	0
May 03, 2023	16605	4	263	0
May 04, 2023	16004	4	277	0
May 05, 2023	14555	5	134	0
May 06, 2023	14715	4	107	0
May 07, 2023	13957	0	315	0
May 08, 2023	13705	0	275	0
May 09, 2023	13413	0	193	0
May 10, 2023	13038	0	163	0
May 11, 2023	12635	0	173	0
May 12, 2023	11682	0	76	0
May 13, 2023	11788	12	75	0
May 14, 2023	11300	0	233	0
May 15, 2023	10996	0	200	0
May 16, 2023	10658	0	178	0
May 17, 2023	10299	0	58	0
May 18, 2023	9808	0	136	0
May 19, 2023	8869	0	88	0
May 20, 2023	8969	26	59	0
May 21, 2023	8491	0	231	0
May 22, 2023	8313	0	135	0
May 23, 2023	8040	0	139	0
May 24, 2023	7770	0	115	0
May 25, 2023	7450	0	106	0
May 26, 2023	6739	0	72	0
May 27, 2023	6837	14	47	0
May 28, 2023	6475	0	49	0
May 29, 2023	6287	0	120	0
May 30, 2023	6171	0	95	0
May 31, 2023	6029	0	80	0
Jun 01, 2023	5859	0	82	0
Jun 02, 2023	5468	10	49	0
Jun 03, 2023	5531	0	36	0
Jun 04, 2023	5330	0	129	0
Jun 05, 2023	5169	0	76	0
Jun 06, 2023	4956	0	83	0
Jun 07, 2023	4739	0	88	0
Jun 08, 2023	4538	0	71	0
Jun 09, 2023	4030	4	26	0
Jun 10, 2023	4066	0	42	0
Jun 11, 2023	3818	0	70	0
Jun 12, 2023	3888	0	71	0
Jun 13, 2023	3959	0	46	0
Jun 14, 2023	4001	0	38	0
Jun 15, 2023	4039	0	39	0
Jun 16, 2023	4078	8	22	0
Jun 17, 2023	4104	0	16	0
Jun 18, 2023	3187	0	49	0
Jun 19, 2023	3236	0	43	0
Jun 20, 2023	3279	0	34	0
Jun 21, 2023	3305	0	42	0
Jun 22, 2023	3347	0	30	0
Jun 23, 2023	3377	3	12	0
Jun 24, 2023	3397	0	10	0
Jun 25, 2023	2341	0	39	0
Jun 26, 2023	2380	0	38	0
Jun 27, 2023	2418	0	36	0
Jun 28, 2023	2451	0	18	0
Jun 29, 2023	2469	0	26	0
Jun 30, 2023	2495	1	20	0
Jul 01, 2023	2518	0	9	0
Jul 02, 2023	1872	0	22	0
Jul 03, 2023	1894	0	33	0
Jul 04, 2023	1927	0	26	0
Jul 05, 2023	1952	0	27	0
Jul 06, 2023	1979	0	23	0
Jul 07, 2023	1452	0	18	0
Jul 08, 2023	1471	0	22	0
Jul 09, 2023	1493	0	42	0
Jul 10, 2023	1535	0	37	0
Jul 11, 2023	1572	0	39	0
Jul 12, 2023	1611	0	38	0
Jul 13, 2023	1649	0	29	0
Jul 14, 2023	1231	0	19	0
Jul 15, 2023	1250	0	17	0
Jul 16, 2023	1267	0	29	0
Jul 17, 2023	1296	0	33	0
Jul 18, 2023	1329	0	54	0
Jul 19, 2023	1383	0	29	0
Jul 20, 2023	1412	0	12	0
Jul 21, 2023	1424	0	26	0
Jul 22, 2023	686	0	26	0
Jul 23, 2023	712	0	59	0
Jul 24, 2023	771	0	47	0
Jul 25, 2023	818	0	52	0
Jul 26, 2023	870	0	60	0
Jul 27, 2023	930	0	60	0
Jul 28, 2023	789	0	27	0
Jul 29, 2023	816	0	27	0
Jul 30, 2023	843	0	105	0
Jul 31, 2023	948	0	65	0
Aug 01, 2023	1013	0	91	0
Aug 02, 2023	1104	0	94	0
Aug 03, 2023	1198	0	104	0
Aug 04, 2023	1139	0	48	0
Aug 05, 2023	1187	0	56	0
Aug 06, 2023	1243	0	156	0
Aug 07, 2023	1399	0	150	0
Aug 08, 2023	1549	0	132	0
Aug 09, 2023	1681	0	149	0
Aug 10, 2023	1830	0	127	0
Aug 11, 2023	1755	0	94	0
Aug 12, 2023	1849	0	82	0
Aug 13, 2023	1931	0	216	0
Aug 14, 2023	2147	0	96	0
Aug 15, 2023	2243	0	287	0
Aug 16, 2023	2530	0	232	0
Aug 17, 2023	2762	0	229	0
Aug 18, 2023	2781	0	98	0
Aug 19, 2023	2879	0	105	0
Aug 20, 2023	2984	0	336	0
Aug 21, 2023	3320	0	284	0
Aug 22, 2023	3604	0	267	0
Aug 23, 2023	3871	0	263	0
Aug 24, 2023	4134	0	274	0
Aug 25, 2023	4211	0	145	0
Aug 26, 2023	4356	0	148	0
Aug 27, 2023	4504	0	410	0
Aug 28, 2023	4914	0	332	0
Aug 29, 2023	5246	0	356	0
Aug 30, 2023	5602	0	311	0
Aug 31, 2023	5913	0	313	0
Sep 01, 2023	6226	0	209	0
Sep 02, 2023	6077	0	187	0
Sep 03, 2023	6264	0	613	0
Sep 04, 2023	6877	0	473	0
Sep 05, 2023	7350	0	421	0
Sep 06, 2023	7771	0	442	0
Sep 07, 2023	8213	0	407	0
Sep 08, 2023	8620	0	200	0
Sep 09, 2023	8219	0	207	0
Sep 10, 2023	8426	0	541	0
Sep 11, 2023	8967	0	505	0
Sep 12, 2023	9472	0	376	0
Sep 13, 2023	9848	0	386	0
Sep 14, 2023	10234	0	351	0
Sep 15, 2023	9554	0	192	0
Sep 16, 2023	9746	0	181	0
Sep 17, 2023	9927	0	501	0
Sep 18, 2023	10428	0	405	0
Sep 19, 2023	10833	0	398	0
Sep 20, 2023	11231	0	362	0
Sep 21, 2023	11593	0	326	0
Sep 22, 2023	11919	0	150	0
Sep 23, 2023	10845	0	165	0
Sep 24, 2023	11010	0	507	0
Sep 25, 2023	11517	0	414	0
Sep 26, 2023	11931	0	380	0
Sep 27, 2023	12311	0	405	0
Sep 28, 2023	12716	0	373	0
Sep 29, 2023	13089	0	184	0
Sep 30, 2023	11514	0	159	0
Oct 01, 2023	11673	0	474	0
Oct 02, 2023	12147	0	407	0
Oct 03, 2023	12554	0	366	0
Oct 04, 2023	12920	0	327	0
Oct 05, 2023	11028	0	325	0
Oct 06, 2023	11353	0	161	0
Oct 07, 2023	11514	0	203	0
Oct 08, 2023	11717	0	433	0
Oct 09, 2023	12150	0	362	0
Oct 10, 2023	12512	0	320	0
Oct 11, 2023	12832	0	298	0
Oct 12, 2023	13130	0	291	0
Oct 13, 2023	10713	0	157	0
Oct 14, 2023	10870	0	119	0
Oct 15, 2023	10989	0	334	0
Oct 16, 2023	11323	0	278	0
Oct 17, 2023	11601	0	300	0
Oct 18, 2023	11901	0	293	0
Oct 19, 2023	12194	0	325	0
Oct 20, 2023	10002	0	182	0
Oct 21, 2023	10184	0	157	0
Oct 22, 2023	10341	0	365	0
Oct 23, 2023	10706	0	271	0
Oct 24, 2023	10977	0	246	0
Oct 25, 2023	11223	0	290	0
Oct 26, 2023	11513	0	250	0
Oct 27, 2023	9480	0	132	0
Oct 28, 2023	9612	0	128	0
Oct 29, 2023	9740	0	273	0
Oct 30, 2023	10013	0	241	0
Oct 31, 2023	10254	0	132	0
Nov 01, 2023	10386	0	247	0
Nov 02, 2023	10633	0	218	0
Nov 03, 2023	8501	0	117	0
Nov 04, 2023	8618	0	130	0
Nov 05, 2023	8748	0	307	0
Nov 06, 2023	9055	0	217	0
Nov 07, 2023	9272	0	226	0
Nov 08, 2023	9498	0	204	0
Nov 09, 2023	7446	0	220	0
Nov 10, 2023	7666	0	119	0
Nov 11, 2023	7785	0	105	0
Nov 12, 2023	7890	0	287	0
Nov 13, 2023	8177	0	262	0
Nov 14, 2023	8439	0	232	0
Nov 15, 2023	8671	0	198	0
Nov 16, 2023	7006	0	256	0
Nov 17, 2023	7262	0	129	0
Nov 18, 2023	7391	0	115	0
Nov 19, 2023	7506	0	320	0
Nov 20, 2023	7826	0	287	0
Nov 21, 2023	8113	0	258	0
Nov 22, 2023	8371	0	299	0
Nov 23, 2023	8670	0	245	0
Nov 24, 2023	7027	0	134	0
Nov 25, 2023	7161	0	140	0
Nov 26, 2023	7301	0	443	0
Nov 27, 2023	7744	0	345	0
Nov 28, 2023	8089	0	330	0
Nov 29, 2023	8419	0	312	0
Nov 30, 2023	7026	0	362	0
Dec 01, 2023	7388	0	242	0
Dec 02, 2023	7630	0	213	0
Dec 03, 2023	7843	0	510	0
Dec 04, 2023	8353	0	553	0
Dec 05, 2023	8906	0	537	0
Dec 06, 2023	9443	0	465	0
Dec 07, 2023	9908	0	559	0
Dec 08, 2023	9158	0	353	0
Dec 09, 2023	9511	0	345	0
Dec 10, 2023	9856	0	889	0
Dec 11, 2023	10745	0	760	0
Dec 12, 2023	11505	0	679	0
Dec 13, 2023	12184	0	579	0
Dec 14, 2023	12763	0	553	0
Dec 15, 2023	11962	0	298	0
Dec 16, 2023	12260	0	314	0
Dec 17, 2023	12574	0	691	0
Dec 18, 2023	13265	0	615	0
Dec 19, 2023	13880	0	620	0
Dec 20, 2023	14500	0	650	0
Dec 21, 2023	15150	0	581	0
Dec 22, 2023	14453	0	350	0
Dec 23, 2023	14803	0	322	0
Dec 24, 2023	15125	0	343	0
Dec 25, 2023	15468	0	570	0
Dec 26, 2023	16038	0	578	0
Dec 27, 2023	16616	0	532	0
Dec 28, 2023	15411	0	503	0
Dec 29, 2023	15914	0	340	0
Dec 30, 2023	16254	0	236	0
Dec 31, 2023	16490	0	252	0
Jan 01, 2024	16742	0	489	0
Jan 02, 2024	17231	0	422	0
Jan 03, 2024	17653	0	381	0
Jan 04, 2024	15756	0	377	0
Jan 05, 2024	16133	0	181	0
Jan 06, 2024	16314	0	183	0
Jan 07, 2024	16497	0	344	0
Jan 08, 2024	16841	0	228	0
Jan 09, 2024	17069	0	263	0
Jan 10, 2024	17332	0	258	0
Jan 11, 2024	15918	0	257	0
Jan 12, 2024	16175	0	173	0
Jan 13, 2024	16348	0	179	0
Jan 14, 2024	16527	0	336	0
Jan 15, 2024	16863	0	328	0
Jan 16, 2024	17191	0	266	0
Jan 17, 2024	17457	0	261	0
Jan 18, 2024	11170	0	249	0
Jan 19, 2024	11419	0	136	0
Jan 20, 2024	10947	0	171	0
Jan 21, 2024	10472	0	338	0
Jan 22, 2024	10236	0	261	0
Jan 23, 2024	10153	0	255	0
Jan 24, 2024	10095	0	246	0
Jan 25, 2024	9446	0	268	0
Jan 26, 2024	9714	0	143	0
Jan 27, 2024	9292	0	141	0
Jan 28, 2024	8911	0	292	0
Jan 29, 2024	8706	0	186	0
Jan 30, 2024	8558	0	191	0
Jan 31, 2024	8516	0	192	0
Feb 01, 2024	7982	0	201	0
Feb 02, 2024	8183	0	111	0
Feb 03, 2024	7877	0	111	0
Feb 04, 2024	7611	0	215	0
Feb 05, 2024	7457	0	197	0
Feb 06, 2024	7473	0	171	0
Feb 07, 2024	7464	0	154	0
Feb 08, 2024	7059	0	125	0
Feb 09, 2024	7184	0	91	0
Feb 10, 2024	7004	0	85	0
Feb 11, 2024	6833	0	136	0
Feb 12, 2024	6717	0	126	0
Feb 13, 2024	6674	0	116	0
Feb 14, 2024	6615	0	98	0
Feb 15, 2024	6053	0	102	0
Feb 16, 2024	6155	0	54	0
Feb 17, 2024	5949	0	76	0
Feb 18, 2024	5770	0	102	0
Feb 19, 2024	5626	0	86	0
Feb 20, 2024	5576	0	83	0
Feb 21, 2024	5491	0	77	0
Feb 22, 2024	5233	0	93	0
Feb 23, 2024	4817	0	50	0
Feb 24, 2024	4616	0	40	0
Feb 25, 2024	4390	0	71	0
Feb 26, 2024	4319	0	49	0
Feb 27, 2024	4228	0	58	0
Feb 28, 2024	3999	0	53	0
Feb 29, 2024	3683	0	62	0
Mar 01, 2024	4034	0	33	0
Mar 02, 2024	3882	0	38	0
Mar 03, 2024	3730	0	49	0
Mar 04, 2024	3585	0	41	0
Mar 05, 2024	3518	0	41	0
Mar 06, 2024	3449	0	38	0
Mar 07, 2024	3278	0	57	0
Mar 08, 2024	3146	0	27	0
Mar 09, 2024	3006	0	35	0
Mar 10, 2024	2891	0	62	0
Mar 11, 2024	2831	0	36	0
Mar 12, 2024	2777	0	50	0
Mar 13, 2024	2742	0	36	0
Mar 14, 2024	2521	0	45	0
Mar 15, 2024	1647	0	22	0
Mar 16, 2024	1567	0	19	0
Mar 17, 2024	1532	0	23	0
Mar 18, 2024	1479	0	1	0
Mar 19, 2024	1378	0	0	0
Mar 20, 2024	1292	NA	0	0
Mar 21, 2024	1132	NA	0	0
Mar 22, 2024	1289	NA	0	0
Mar 23, 2024	1206	NA	0	0
Mar 24, 2024	1129	NA	NA	NA
